0 0.970703125 0.9111328125 0.05859375 0.0625
0 0.2724609375 0.82421875 0.044921875 0.041015625
0 0.64453125 0.8642578125 0.05859375 0.05078125
0 0.73486328125 0.72705078125 0.0615234375 0.0615234375
0 0.37451171875 0.77978515625 0.0517578125 0.0830078125
0 0.9521484375 0.43310546875 0.056640625 0.0576171875
0 0.4287109375 0.92822265625 0.068359375 0.0595703125
0 0.15087890625 0.2646484375 0.0712890625 0.05859375
0 0.7333984375 0.98388671875 0.068359375 0.0322265625
0 0.1279296875 0.4140625 0.05859375 0.0546875
0 0.326171875 0.05126953125 0.0390625 0.0341796875
0 0.93701171875 0.80810546875 0.0419921875 0.0498046875
0 0.63671875 0.6357421875 0.12890625 0.111328125
0 0.208984375 0.77734375 0.02734375 0.03125
0 0.40771484375 0.205078125 0.0537109375 0.060546875
0 0.421875 0.2900390625 0.060546875 0.046875
0 0.052734375 0.0673828125 0.064453125 0.06640625
0 0.2470703125 0.68359375 0.048828125 0.060546875
0 0.7734375 0.76318359375 0.03515625 0.0341796875
0 0.52392578125 0.84375 0.0361328125 0.04296875
0 0.8525390625 0.41357421875 0.037109375 0.0283203125
0 0.84130859375 0.23095703125 0.0498046875 0.0751953125
0 0.02685546875 0.67626953125 0.0537109375 0.0458984375
0 0.31689453125 0.802734375 0.0615234375 0.03515625
0 0.35791015625 0.14501953125 0.0283203125 0.0458984375
0 0.26953125 0.7109375 0.03515625 0.044921875
0 0.72119140625 0.7216796875 0.0439453125 0.046875
0 0.1298828125 0.34521484375 0.037109375 0.0400390625
0 0.3779296875 0.93701171875 0.033203125 0.0361328125
0 0.45654296875 0.17333984375 0.0439453125 0.0908203125
0 0.6943359375 0.763671875 0.05078125 0.060546875
0 0.22314453125 0.27294921875 0.0791015625 0.0888671875
0 0.89208984375 0.783203125 0.0751953125 0.07421875
0 0.52685546875 0.2041015625 0.0537109375 0.083984375
0 0.72802734375 0.82568359375 0.0556640625 0.0615234375
0 0.33740234375 0.71875 0.0380859375 0.072265625
0 0.1552734375 0.17236328125 0.02734375 0.0712890625
0 0.13720703125 0.0341796875 0.0595703125 0.068359375
0 0.6611328125 0.8916015625 0.05078125 0.041015625
0 0.62158203125 0.76171875 0.0576171875 0.072265625
0 0.6767578125 0.720703125 0.044921875 0.05078125
0 0.50048828125 0.24267578125 0.0341796875 0.0498046875
0 0.53125 0.79931640625 0.033203125 0.0341796875
0 0.970703125 0.248046875 0.037109375 0.0546875
0 0.0224609375 0.22216796875 0.0390625 0.0537109375
0 0.41357421875 0.35595703125 0.0341796875 0.0283203125
0 0.904296875 0.83837890625 0.04296875 0.0537109375
0 0.23876953125 0.32568359375 0.0400390625 0.0517578125
0 0.2666015625 0.2841796875 0.0390625 0.05078125
0 0.75830078125 0.91357421875 0.0400390625 0.0712890625
0 0.58203125 0.8193359375 0.080078125 0.04296875
