0 0.74609375 0.86181640625 0.1015625 0.0537109375
0 0.095703125 0.65478515625 0.05859375 0.0419921875
0 0.4326171875 0.23193359375 0.0859375 0.0654296875
0 0.3212890625 0.22412109375 0.076171875 0.1220703125
0 0.29296875 0.14892578125 0.099609375 0.0498046875
0 0.8544921875 0.57958984375 0.05859375 0.0556640625
0 0.16259765625 0.212890625 0.1005859375 0.064453125
0 0.08740234375 0.27490234375 0.0478515625 0.0693359375
0 0.0263671875 0.68798828125 0.052734375 0.0380859375
0 0.5068359375 0.87353515625 0.09375 0.0498046875
0 0.32421875 0.11474609375 0.119140625 0.0224609375
0 0.9384765625 0.83056640625 0.068359375 0.0615234375
0 0.37939453125 0.02294921875 0.0751953125 0.0458984375
0 0.3662109375 0.4892578125 0.10546875 0.056640625
0 0.29150390625 0.82275390625 0.0439453125 0.0400390625
0 0.64306640625 0.1318359375 0.0498046875 0.07421875
0 0.47021484375 0.01708984375 0.0712890625 0.0341796875
0 0.3212890625 0.61181640625 0.03125 0.0322265625
0 0.49072265625 0.80615234375 0.0830078125 0.0439453125
0 0.47265625 0.25927734375 0.048828125 0.0361328125
0 0.248046875 0.52001953125 0.046875 0.0478515625
0 0.84375 0.12451171875 0.130859375 0.0595703125
0 0.17138671875 0.36572265625 0.1044921875 0.1025390625
0 0.931640625 0.88916015625 0.0703125 0.0302734375
0 0.50927734375 0.5 0.0380859375 0.046875
0 0.2392578125 0.28466796875 0.05078125 0.0576171875
0 0.27978515625 0.05615234375 0.1318359375 0.0498046875
0 0.95166015625 0.14013671875 0.0966796875 0.0927734375
0 0.05029296875 0.10888671875 0.0693359375 0.0302734375
0 0.34033203125 0.396484375 0.1220703125 0.0703125
0 0.041015625 0.4755859375 0.08203125 0.072265625
0 0.76513671875 0.953125 0.0712890625 0.05078125
0 0.60693359375 0.20068359375 0.0810546875 0.0576171875
0 0.18310546875 0.66357421875 0.0830078125 0.0673828125
0 0.23828125 0.78515625 0.09375 0.08984375
0 0.3349609375 0.09375 0.078125 0.025390625
0 0.7509765625 0.6708984375 0.0703125 0.05859375
0 0.30908203125 0.9814453125 0.0693359375 0.037109375
0 0.8623046875 0.40234375 0.11328125 0.0703125
0 0.7685546875 0.3505859375 0.119140625 0.056640625
0 0.05908203125 0.212890625 0.0458984375 0.044921875
0 0.4521484375 0.51171875 0.095703125 0.125
0 0.58056640625 0.5751953125 0.0361328125 0.03515625
0 0.96240234375 0.21630859375 0.0732421875 0.0849609375
0 0.0234375 0.8505859375 0.046875 0.0625
0 0.8408203125 0.51953125 0.080078125 0.052734375
0 0.21630859375 0.85595703125 0.1103515625 0.0478515625
0 0.4443359375 0.982421875 0.072265625 0.03515625
0 0.376953125 0.3134765625 0.087890625 0.056640625
0 0.4501953125 0.42626953125 0.052734375 0.0283203125
0 0.02197265625 0.93896484375 0.0439453125 0.0517578125
0 0.42041015625 0.771484375 0.0341796875 0.03125
0 0.833984375 0.240234375 0.095703125 0.08984375
0 0.6572265625 0.9111328125 0.05078125 0.0390625
0 0.11083984375 0.78076171875 0.0712890625 0.0615234375
0 0.8544921875 0.8056640625 0.099609375 0.06640625
0 0.09912109375 0.55078125 0.1123046875 0.09765625
0 0.59912109375 0.67529296875 0.1259765625 0.0673828125
0 0.10498046875 0.171875 0.0419921875 0.03515625
0 0.10107421875 0.92333984375 0.0693359375 0.0537109375
0 0.32373046875 0.5693359375 0.0556640625 0.048828125
0 0.603515625 0.2548828125 0.064453125 0.056640625
0 0.83203125 0.46484375 0.107421875 0.05859375
0 0.44482421875 0.6845703125 0.1142578125 0.08203125
0 0.69287109375 0.3193359375 0.0830078125 0.041015625
