0 0.54638671875 0.22119140625 0.0751953125 0.0498046875
0 0.04736328125 0.45458984375 0.0908203125 0.0654296875
0 0.9013671875 0.50732421875 0.1015625 0.1083984375
0 0.67578125 0.0322265625 0.05859375 0.064453125
0 0.3095703125 0.82373046875 0.091796875 0.0478515625
0 0.09716796875 0.4228515625 0.0498046875 0.04296875
0 0.0361328125 0.17919921875 0.0546875 0.1103515625
0 0.05517578125 0.32275390625 0.0712890625 0.0556640625
0 0.8701171875 0.89697265625 0.091796875 0.0791015625
0 0.78662109375 0.2060546875 0.0849609375 0.115234375
0 0.63818359375 0.791015625 0.0810546875 0.064453125
0 0.36767578125 0.68359375 0.0615234375 0.0390625
0 0.4423828125 0.50537109375 0.08984375 0.0478515625
0 0.69873046875 0.517578125 0.0712890625 0.0546875
0 0.36865234375 0.30859375 0.0478515625 0.03125
0 0.70751953125 0.67041015625 0.0771484375 0.0517578125
0 0.71826171875 0.099609375 0.0537109375 0.060546875
0 0.90625 0.88623046875 0.05078125 0.0576171875
