0 0.86279296875 0.01123046875 0.0419921875 0.0224609375
0 0.794921875 0.0654296875 0.03125 0.056640625
0 0.6240234375 0.0234375 0.044921875 0.046875
0 0.56884765625 0.00732421875 0.0302734375 0.0146484375
0 0.35107421875 0.1123046875 0.0986328125 0.166015625
0 0.3505859375 0.0146484375 0.05078125 0.029296875
0 0.40234375 0.03515625 0.017578125 0.02734375
0 0.271484375 0.083984375 0.07421875 0.125
0 0.228515625 0.24462890625 0.05078125 0.0556640625
0 0.36572265625 0.3310546875 0.0205078125 0.0546875
0 0.1884765625 0.45166015625 0.08203125 0.0673828125
0 0.24951171875 0.47607421875 0.0693359375 0.0478515625
0 0.5751953125 0.1103515625 0.068359375 0.072265625
0 0.57373046875 0.162109375 0.0673828125 0.072265625
0 0.51416015625 0.20361328125 0.0478515625 0.0791015625
0 0.6357421875 0.2666015625 0.138671875 0.0625
0 0.5537109375 0.3466796875 0.083984375 0.091796875
0 0.4169921875 0.2900390625 0.041015625 0.091796875
0 0.4609375 0.29345703125 0.046875 0.0771484375
0 0.4384765625 0.36572265625 0.044921875 0.0537109375
0 0.88623046875 0.18701171875 0.0712890625 0.0361328125
0 0.849609375 0.1513671875 0.07421875 0.064453125
0 0.86181640625 0.0673828125 0.0634765625 0.103515625
0 0.8310546875 0.1611328125 0.033203125 0.052734375
0 0.05029296875 0.0205078125 0.1005859375 0.041015625
0 0.150390625 0.02392578125 0.103515625 0.0478515625
0 0.00634765625 0.09765625 0.0126953125 0.064453125
0 0.0419921875 0.1962890625 0.041015625 0.078125
0 0.0625 0.21630859375 0.060546875 0.0849609375
0 0.09375 0.2314453125 0.041015625 0.068359375
0 0.09033203125 0.52392578125 0.0283203125 0.0986328125
0 0.38232421875 0.5234375 0.0263671875 0.052734375
0 0.32275390625 0.48291015625 0.0380859375 0.0556640625
0 0.4345703125 0.55908203125 0.06640625 0.0341796875
0 0.32373046875 0.525390625 0.0869140625 0.033203125
0 0.0361328125 0.7041015625 0.0390625 0.03515625
0 0.10986328125 0.71435546875 0.0732421875 0.0576171875
0 0.32470703125 0.74560546875 0.0361328125 0.0478515625
0 0.28662109375 0.76220703125 0.0498046875 0.0732421875
0 0.02734375 0.9833984375 0.048828125 0.03125
0 0.1103515625 0.98583984375 0.12109375 0.0283203125
0 0.1162109375 0.94287109375 0.0859375 0.0595703125
0 0.04833984375 0.95751953125 0.0341796875 0.0615234375
0 0.29541015625 0.939453125 0.0498046875 0.041015625
0 0.37744140625 0.79736328125 0.0400390625 0.0341796875
0 0.4052734375 0.90087890625 0.041015625 0.0439453125
0 0.419921875 0.98046875 0.0546875 0.037109375
0 0.46337890625 0.88916015625 0.0712890625 0.0869140625
0 0.57470703125 0.673828125 0.0634765625 0.078125
0 0.53515625 0.94580078125 0.087890625 0.0654296875
0 0.5185546875 0.97705078125 0.05859375 0.0361328125
0 0.60791015625 0.869140625 0.1396484375 0.16015625
0 0.6884765625 0.87744140625 0.02734375 0.0302734375
0 0.7080078125 0.94140625 0.0390625 0.041015625
0 0.76025390625 0.615234375 0.0380859375 0.04296875
0 0.81298828125 0.66943359375 0.0419921875 0.0341796875
0 0.84326171875 0.5751953125 0.0361328125 0.03125
0 0.98828125 0.9814453125 0.0234375 0.037109375
0 0.98388671875 0.92431640625 0.0283203125 0.0498046875
0 0.99072265625 0.78271484375 0.0185546875 0.0419921875
0 0.96240234375 0.8466796875 0.0751953125 0.052734375
0 0.94970703125 0.53271484375 0.0419921875 0.0361328125
0 0.8994140625 0.50634765625 0.083984375 0.0263671875
0 0.904296875 0.53466796875 0.068359375 0.0361328125
0 0.81591796875 0.49462890625 0.0341796875 0.0576171875
0 0.79296875 0.5166015625 0.01953125 0.021484375
0 0.990234375 0.46044921875 0.01953125 0.0322265625
0 0.98486328125 0.4287109375 0.0283203125 0.037109375
0 0.958984375 0.29931640625 0.08203125 0.0615234375
0 0.92138671875 0.384765625 0.0615234375 0.037109375
0 0.90966796875 0.43505859375 0.0732421875 0.0693359375
0 0.365234375 0.81298828125 0.0390625 0.0400390625
0 0.84375 0.23291015625 0.02734375 0.0458984375
0 0.64697265625 0.28955078125 0.0595703125 0.0400390625
0 0.07275390625 0.85986328125 0.0498046875 0.0517578125
