0 0.349609375 0.39111328125 0.0546875 0.0517578125
0 0.943359375 0.8984375 0.107421875 0.09375
0 0.16845703125 0.5224609375 0.1025390625 0.072265625
0 0.21435546875 0.26708984375 0.1103515625 0.0771484375
0 0.4091796875 0.041015625 0.07421875 0.08203125
0 0.43017578125 0.388671875 0.0732421875 0.060546875
0 0.8212890625 0.50341796875 0.07421875 0.0615234375
0 0.50048828125 0.16162109375 0.0634765625 0.0478515625
0 0.52294921875 0.94189453125 0.0712890625 0.0771484375
0 0.22509765625 0.64453125 0.1044921875 0.0703125
0 0.38427734375 0.26708984375 0.0751953125 0.0673828125
0 0.3564453125 0.85302734375 0.0625 0.0732421875
0 0.7197265625 0.88916015625 0.060546875 0.0517578125
0 0.34033203125 0.04443359375 0.0615234375 0.0458984375
0 0.375 0.5458984375 0.09375 0.06640625
