0 0.7470703125 0.009765625 0.09375 0.01953125
0 0.88916015625 0.060546875 0.1845703125 0.12109375
0 0.7294921875 0.1044921875 0.095703125 0.17578125
0 0.61767578125 0.16845703125 0.1767578125 0.2001953125
0 0.5380859375 0.0830078125 0.201171875 0.119140625
0 0.57958984375 0.10302734375 0.1103515625 0.1259765625
0 0.64501953125 0.0283203125 0.1416015625 0.052734375
0 0.46337890625 0.55126953125 0.2119140625 0.1142578125
0 0.97509765625 0.3583984375 0.0478515625 0.236328125
0 0.81005859375 0.30859375 0.1181640625 0.201171875
0 0.7529296875 0.30029296875 0.31640625 0.0517578125
0 0.5966796875 0.36376953125 0.267578125 0.0478515625
0 0.7197265625 0.4931640625 0.080078125 0.2265625
0 0.80908203125 0.787109375 0.1923828125 0.322265625
0 0.701171875 0.767578125 0.14453125 0.2265625
0 0.8984375 0.853515625 0.146484375 0.2109375
0 0.974609375 0.98291015625 0.048828125 0.0322265625
0 0.986328125 0.9580078125 0.02734375 0.046875
0 0.6630859375 0.9609375 0.212890625 0.078125
0 0.017578125 0.921875 0.03515625 0.044921875
0 0.01953125 0.97509765625 0.0390625 0.0478515625
0 0.109375 0.927734375 0.2109375 0.142578125
0 0.1904296875 0.8759765625 0.130859375 0.2109375
0 0.2744140625 0.94140625 0.0546875 0.115234375
0 0.3037109375 0.91064453125 0.064453125 0.1767578125
0 0.40087890625 0.9111328125 0.1884765625 0.052734375
0 0.4140625 0.82958984375 0.185546875 0.1103515625
0 0.2783203125 0.7373046875 0.052734375 0.115234375
0 0.142578125 0.6015625 0.203125 0.12109375
0 0.2841796875 0.60009765625 0.09765625 0.1337890625
0 0.115234375 0.3935546875 0.173828125 0.13671875
0 0.04638671875 0.33544921875 0.0830078125 0.2236328125
0 0.07275390625 0.248046875 0.0478515625 0.1484375
0 0.3310546875 0.1796875 0.220703125 0.0546875
0 0.39794921875 0.23388671875 0.3017578125 0.1611328125
0 0.2255859375 0.099609375 0.189453125 0.06640625
0 0.05322265625 0.08984375 0.1064453125 0.078125
0 0.013671875 0.10791015625 0.02734375 0.0205078125
0 0.17919921875 0.1904296875 0.2705078125 0.10546875
