0 0.37939453125 0.7548828125 0.0595703125 0.041015625
0 0.6962890625 0.380859375 0.04296875 0.037109375
0 0.05810546875 0.74853515625 0.0478515625 0.0341796875
0 0.49560546875 0.078125 0.0595703125 0.08984375
0 0.5576171875 0.8134765625 0.06640625 0.037109375
0 0.29296875 0.94677734375 0.060546875 0.0810546875
0 0.91259765625 0.83203125 0.0341796875 0.03515625
0 0.9345703125 0.79150390625 0.05078125 0.0478515625
0 0.1806640625 0.07958984375 0.060546875 0.0244140625
0 0.71240234375 0.955078125 0.0439453125 0.0390625
0 0.20068359375 0.14111328125 0.0537109375 0.0576171875
0 0.64306640625 0.927734375 0.0419921875 0.05078125
0 0.70166015625 0.21240234375 0.0361328125 0.1005859375
0 0.1357421875 0.84814453125 0.0625 0.0380859375
0 0.21240234375 0.9658203125 0.0400390625 0.068359375
0 0.3046875 0.26416015625 0.046875 0.0517578125
0 0.548828125 0.275390625 0.048828125 0.048828125
0 0.478515625 0.44580078125 0.046875 0.0654296875
0 0.17529296875 0.94873046875 0.0517578125 0.0498046875
0 0.53759765625 0.37548828125 0.0361328125 0.0498046875
0 0.8046875 0.00830078125 0.056640625 0.0166015625
0 0.28759765625 0.83349609375 0.0556640625 0.0537109375
0 0.36279296875 0.08935546875 0.0478515625 0.1025390625
0 0.912109375 0.4150390625 0.02734375 0.021484375
0 0.71435546875 0.20458984375 0.0986328125 0.0537109375
0 0.43896484375 0.69775390625 0.0830078125 0.0615234375
0 0.56787109375 0.21728515625 0.1025390625 0.0966796875
0 0.08447265625 0.927734375 0.1064453125 0.048828125
0 0.68505859375 0.958984375 0.0341796875 0.076171875
0 0.12646484375 0.78466796875 0.0380859375 0.0283203125
0 0.61279296875 0.38720703125 0.0439453125 0.0615234375
0 0.68603515625 0.87109375 0.0830078125 0.068359375
0 0.634765625 0.3212890625 0.0390625 0.0703125
0 0.66748046875 0.35205078125 0.0263671875 0.0341796875
0 0.39404296875 0.8837890625 0.0498046875 0.0390625
0 0.25830078125 0.14794921875 0.0908203125 0.0615234375
0 0.77001953125 0.68701171875 0.0615234375 0.0771484375
0 0.90478515625 0.71630859375 0.0615234375 0.0400390625
0 0.16748046875 0.77197265625 0.0537109375 0.0439453125
0 0.36328125 0.927734375 0.044921875 0.033203125
0 0.69287109375 0.7138671875 0.0556640625 0.052734375
0 0.833984375 0.07861328125 0.041015625 0.0439453125
0 0.60498046875 0.9287109375 0.0478515625 0.041015625
0 0.6435546875 0.46044921875 0.052734375 0.0380859375
0 0.666015625 0.31396484375 0.021484375 0.0419921875
0 0.01708984375 0.12744140625 0.0341796875 0.0634765625
0 0.8125 0.83740234375 0.037109375 0.0439453125
0 0.48779296875 0.8701171875 0.0478515625 0.03515625
0 0.43408203125 0.28271484375 0.0498046875 0.0654296875
0 0.90185546875 0.3828125 0.0439453125 0.041015625
0 0.3291015625 0.89013671875 0.166015625 0.0634765625
0 0.25927734375 0.17724609375 0.0361328125 0.0498046875
0 0.86572265625 0.837890625 0.0400390625 0.044921875
0 0.31103515625 0.4111328125 0.0498046875 0.07421875
0 0.40966796875 0.42236328125 0.0400390625 0.0341796875
0 0.4267578125 0.1982421875 0.044921875 0.05859375
