0 0.44384765625 0.1669921875 0.1748046875 0.044921875
0 0.6953125 0.26904296875 0.05859375 0.0615234375
0 0.73583984375 0.80615234375 0.1474609375 0.1220703125
0 0.6640625 0.1943359375 0.052734375 0.060546875
0 0.92431640625 0.52099609375 0.0849609375 0.1103515625
0 0.296875 0.1171875 0.087890625 0.1171875
0 0.896484375 0.15625 0.07421875 0.072265625
0 0.14990234375 0.49609375 0.0458984375 0.185546875
0 0.060546875 0.13671875 0.0703125 0.06640625
0 0.7177734375 0.95263671875 0.0546875 0.0830078125
0 0.41552734375 0.59228515625 0.0986328125 0.1318359375
0 0.1533203125 0.93701171875 0.080078125 0.0478515625
0 0.51953125 0.5 0.05859375 0.083984375
0 0.849609375 0.1064453125 0.123046875 0.130859375
0 0.57373046875 0.44287109375 0.0478515625 0.1201171875
0 0.2216796875 0.8984375 0.091796875 0.080078125
0 0.4912109375 0.36669921875 0.091796875 0.0810546875
0 0.8193359375 0.37158203125 0.08984375 0.1572265625
0 0.95458984375 0.36083984375 0.0673828125 0.1728515625
0 0.2333984375 0.4423828125 0.0703125 0.09765625
0 0.73486328125 0.02685546875 0.0634765625 0.0537109375
0 0.4453125 0.81591796875 0.046875 0.0478515625
0 0.7763671875 0.92822265625 0.103515625 0.0791015625
0 0.609375 0.3095703125 0.06640625 0.07421875
0 0.373046875 0.2900390625 0.130859375 0.044921875
0 0.7421875 0.6279296875 0.14453125 0.056640625
0 0.33154296875 0.8466796875 0.0595703125 0.046875
0 0.1630859375 0.66357421875 0.076171875 0.1025390625
0 0.291015625 0.3759765625 0.06640625 0.052734375
0 0.38623046875 0.900390625 0.1025390625 0.052734375
0 0.26416015625 0.62353515625 0.0595703125 0.1259765625
0 0.109375 0.3125 0.07421875 0.060546875
0 0.05859375 0.7451171875 0.1171875 0.08203125
0 0.59326171875 0.087890625 0.0732421875 0.087890625
