0 0.755859375 0.69775390625 0.060546875 0.0732421875
0 0.04150390625 0.484375 0.0830078125 0.07421875
0 0.85498046875 0.02197265625 0.1669921875 0.0439453125
0 0.212890625 0.02978515625 0.078125 0.0595703125
0 0.2138671875 0.20556640625 0.037109375 0.0244140625
0 0.43798828125 0.1982421875 0.0654296875 0.0625
0 0.9736328125 0.48876953125 0.046875 0.0576171875
0 0.4892578125 0.2216796875 0.06640625 0.080078125
0 0.787109375 0.951171875 0.107421875 0.09765625
0 0.580078125 0.708984375 0.080078125 0.076171875
0 0.24560546875 0.92138671875 0.0986328125 0.1572265625
0 0.24462890625 0.15283203125 0.1044921875 0.0615234375
0 0.18212890625 0.51220703125 0.1650390625 0.1064453125
0 0.81982421875 0.52734375 0.0712890625 0.08984375
0 0.8994140625 0.23046875 0.111328125 0.068359375
0 0.14990234375 0.8115234375 0.0966796875 0.099609375
0 0.72802734375 0.1953125 0.0888671875 0.095703125
0 0.98388671875 0.765625 0.0302734375 0.109375
0 0.591796875 0.53369140625 0.220703125 0.1416015625
0 0.02294921875 0.630859375 0.0458984375 0.078125
0 0.85205078125 0.8466796875 0.0986328125 0.15234375
0 0.24072265625 0.6865234375 0.0634765625 0.076171875
0 0.03857421875 0.3037109375 0.0771484375 0.064453125
0 0.67236328125 0.7060546875 0.0693359375 0.08203125
0 0.41650390625 0.048828125 0.0673828125 0.06640625
0 0.96435546875 0.61865234375 0.0712890625 0.0732421875
0 0.0576171875 0.208984375 0.115234375 0.0625
0 0.56396484375 0.966796875 0.1220703125 0.06640625
0 0.6787109375 0.8271484375 0.07421875 0.07421875
0 0.09619140625 0.06640625 0.0830078125 0.08203125
0 0.5400390625 0.66943359375 0.095703125 0.0732421875
0 0.556640625 0.01708984375 0.0625 0.0341796875
0 0.4111328125 0.8232421875 0.119140625 0.1875
0 0.255859375 0.27490234375 0.111328125 0.1005859375
0 0.04248046875 0.7646484375 0.0849609375 0.126953125
0 0.0380859375 0.8984375 0.072265625 0.123046875
0 0.68212890625 0.44873046875 0.0791015625 0.0498046875
