0 0.060546875 0.5546875 0.09765625 0.04296875
0 0.45849609375 0.9580078125 0.0322265625 0.05859375
0 0.150390625 0.68994140625 0.0625 0.0419921875
0 0.3173828125 0.02685546875 0.083984375 0.0439453125
0 0.0478515625 0.16650390625 0.095703125 0.0517578125
0 0.04833984375 0.20068359375 0.0419921875 0.0322265625
0 0.21142578125 0.6123046875 0.1142578125 0.0625
0 0.8056640625 0.80517578125 0.078125 0.0419921875
0 0.25146484375 0.50732421875 0.0986328125 0.0263671875
0 0.021484375 0.63818359375 0.04296875 0.0361328125
0 0.5390625 0.62548828125 0.0703125 0.0458984375
0 0.5234375 0.7509765625 0.052734375 0.0546875
0 0.05322265625 0.26318359375 0.0966796875 0.0556640625
0 0.978515625 0.18115234375 0.04296875 0.0439453125
0 0.79736328125 0.2294921875 0.0888671875 0.064453125
0 0.2060546875 0.88232421875 0.150390625 0.0439453125
0 0.95458984375 0.19287109375 0.0478515625 0.0634765625
0 0.9267578125 0.02783203125 0.078125 0.0556640625
0 0.80126953125 0.05224609375 0.0517578125 0.0498046875
0 0.7509765625 0.3515625 0.103515625 0.04296875
0 0.93115234375 0.1298828125 0.0615234375 0.083984375
0 0.37841796875 0.765625 0.0556640625 0.0390625
0 0.31005859375 0.681640625 0.0537109375 0.064453125
0 0.33447265625 0.84130859375 0.1708984375 0.0556640625
0 0.841796875 0.1796875 0.109375 0.125
0 0.59765625 0.0595703125 0.083984375 0.078125
0 0.9599609375 0.361328125 0.037109375 0.048828125
0 0.7509765625 0.50439453125 0.103515625 0.0400390625
0 0.0849609375 0.26220703125 0.095703125 0.0673828125
0 0.55224609375 0.2802734375 0.0869140625 0.04296875
0 0.9765625 0.2802734375 0.046875 0.037109375
0 0.6591796875 0.64794921875 0.072265625 0.0439453125
0 0.576171875 0.16259765625 0.103515625 0.0810546875
0 0.78173828125 0.2841796875 0.0439453125 0.033203125
0 0.201171875 0.47021484375 0.06640625 0.0400390625
0 0.42041015625 0.5205078125 0.0908203125 0.06640625
0 0.5390625 0.32470703125 0.099609375 0.0556640625
0 0.3525390625 0.939453125 0.115234375 0.0625
0 0.8525390625 0.7998046875 0.0703125 0.0546875
0 0.29248046875 0.591796875 0.1787109375 0.0625
0 0.50537109375 0.95556640625 0.0810546875 0.0263671875
0 0.66650390625 0.17724609375 0.0869140625 0.0712890625
0 0.14404296875 0.92529296875 0.1044921875 0.0556640625
0 0.23681640625 0.81982421875 0.0673828125 0.0439453125
0 0.95654296875 0.849609375 0.0693359375 0.052734375
0 0.69482421875 0.9326171875 0.0966796875 0.04296875
0 0.27734375 0.98583984375 0.09375 0.0224609375
0 0.853515625 0.90380859375 0.064453125 0.0400390625
0 0.75146484375 0.4375 0.0986328125 0.107421875
0 0.03564453125 0.87548828125 0.0712890625 0.0439453125
0 0.25341796875 0.712890625 0.0712890625 0.04296875
0 0.6767578125 0.4521484375 0.05859375 0.0625
0 0.3388671875 0.74755859375 0.037109375 0.0400390625
0 0.599609375 0.29345703125 0.0859375 0.0458984375
0 0.142578125 0.51953125 0.115234375 0.060546875
0 0.0751953125 0.5791015625 0.078125 0.04296875
0 0.08056640625 0.78271484375 0.0751953125 0.0556640625
0 0.1875 0.78173828125 0.107421875 0.0595703125
0 0.42333984375 0.322265625 0.0849609375 0.044921875
0 0.53955078125 0.55908203125 0.0595703125 0.0498046875
0 0.83203125 0.623046875 0.048828125 0.048828125
0 0.5302734375 0.8984375 0.0703125 0.044921875
0 0.0224609375 0.61181640625 0.044921875 0.0400390625
0 0.1826171875 0.22119140625 0.10546875 0.0576171875
0 0.2177734375 0.5537109375 0.1171875 0.041015625
0 0.5625 0.48388671875 0.044921875 0.0712890625
0 0.5048828125 0.8125 0.09765625 0.048828125
0 0.69580078125 0.28662109375 0.1162109375 0.0791015625
0 0.7626953125 0.9853515625 0.080078125 0.0234375
0 0.38330078125 0.197265625 0.1201171875 0.1015625
0 0.82080078125 0.11181640625 0.0341796875 0.0419921875
0 0.5263671875 0.1494140625 0.087890625 0.08984375
0 0.779296875 0.1708984375 0.05859375 0.046875
