0 0.9345703125 0.61376953125 0.05859375 0.0712890625
0 0.171875 0.41064453125 0.0859375 0.0869140625
0 0.05419921875 0.373046875 0.1083984375 0.103515625
0 0.38134765625 0.63232421875 0.1162109375 0.0771484375
0 0.626953125 0.46435546875 0.236328125 0.1083984375
0 0.77880859375 0.62548828125 0.0595703125 0.1083984375
0 0.43896484375 0.81982421875 0.0595703125 0.0693359375
0 0.0810546875 0.119140625 0.078125 0.046875
0 0.36767578125 0.72802734375 0.0712890625 0.0576171875
0 0.26611328125 0.33837890625 0.1103515625 0.0673828125
0 0.70654296875 0.7275390625 0.0830078125 0.25390625
0 0.44140625 0.263671875 0.08203125 0.052734375
0 0.5556640625 0.31201171875 0.103515625 0.0693359375
0 0.1279296875 0.77392578125 0.11328125 0.0712890625
0 0.66455078125 0.9658203125 0.1318359375 0.068359375
0 0.93310546875 0.02294921875 0.1220703125 0.0458984375
0 0.80908203125 0.2900390625 0.0673828125 0.08984375
0 0.36572265625 0.0546875 0.0986328125 0.08203125
0 0.48974609375 0.060546875 0.0556640625 0.05859375
0 0.0380859375 0.0869140625 0.076171875 0.080078125
0 0.94091796875 0.39990234375 0.1181640625 0.0751953125
0 0.86962890625 0.482421875 0.1611328125 0.140625
0 0.298828125 0.53759765625 0.05078125 0.0478515625
0 0.18798828125 0.6220703125 0.1435546875 0.05859375
0 0.41162109375 0.1611328125 0.1064453125 0.064453125
0 0.01513671875 0.83642578125 0.0302734375 0.0634765625
0 0.3115234375 0.2412109375 0.078125 0.15234375
0 0.9580078125 0.548828125 0.07421875 0.060546875
0 0.38232421875 0.45703125 0.1572265625 0.080078125
0 0.72607421875 0.091796875 0.0986328125 0.125
0 0.224609375 0.52197265625 0.10546875 0.0849609375
0 0.94482421875 0.7626953125 0.1103515625 0.1328125
0 0.51513671875 0.44775390625 0.0771484375 0.1123046875
0 0.17919921875 0.0810546875 0.0693359375 0.095703125
0 0.38525390625 0.8505859375 0.0791015625 0.138671875
0 0.57861328125 0.02001953125 0.0849609375 0.0400390625
0 0.64306640625 0.15869140625 0.0830078125 0.0732421875
0 0.14892578125 0.6962890625 0.0595703125 0.09765625
0 0.60400390625 0.59375 0.1318359375 0.05859375
0 0.302734375 0.8984375 0.072265625 0.203125
0 0.68212890625 0.4208984375 0.0908203125 0.2421875
0 0.8681640625 0.22119140625 0.078125 0.0927734375
0 0.90869140625 0.896484375 0.1630859375 0.140625
0 0.94580078125 0.09814453125 0.1064453125 0.0693359375
