0 0.92041015625 0.42529296875 0.1083984375 0.0712890625
0 0.5625 0.43603515625 0.046875 0.0537109375
0 0.87353515625 0.919921875 0.0576171875 0.064453125
0 0.25732421875 0.1689453125 0.0947265625 0.056640625
0 0.31298828125 0.73583984375 0.1591796875 0.0869140625
0 0.71484375 0.97412109375 0.052734375 0.0478515625
0 0.92919921875 0.8447265625 0.0634765625 0.044921875
0 0.3759765625 0.41748046875 0.0859375 0.0908203125
0 0.17724609375 0.03125 0.1005859375 0.0625
0 0.37060546875 0.84326171875 0.0673828125 0.0615234375
0 0.490234375 0.44091796875 0.107421875 0.1025390625
0 0.03955078125 0.67431640625 0.0693359375 0.0908203125
0 0.60205078125 0.90771484375 0.0654296875 0.0849609375
0 0.9248046875 0.7451171875 0.10546875 0.080078125
0 0.884765625 0.5595703125 0.109375 0.0625
0 0.59130859375 0.240234375 0.0869140625 0.0703125
0 0.98046875 0.5556640625 0.0390625 0.068359375
0 0.380859375 0.3505859375 0.078125 0.056640625
0 0.93115234375 0.9033203125 0.0673828125 0.07421875
0 0.1123046875 0.48193359375 0.068359375 0.0791015625
0 0.05615234375 0.49658203125 0.0478515625 0.0576171875
0 0.4951171875 0.52685546875 0.06640625 0.0888671875
0 0.541015625 0.5068359375 0.05859375 0.06640625
0 0.806640625 0.232421875 0.095703125 0.09375
0 0.29248046875 0.42578125 0.0986328125 0.072265625
0 0.67041015625 0.78271484375 0.0830078125 0.0556640625
0 0.8662109375 0.72802734375 0.09375 0.1435546875
0 0.69921875 0.39794921875 0.060546875 0.0673828125
0 0.9912109375 0.42236328125 0.017578125 0.0693359375
0 0.72119140625 0.68505859375 0.0693359375 0.0966796875
0 0.63818359375 0.95458984375 0.0712890625 0.0908203125
0 0.78759765625 0.79150390625 0.0869140625 0.0673828125
0 0.38134765625 0.57763671875 0.1005859375 0.1044921875
0 0.267578125 0.9013671875 0.09765625 0.083984375
