0 0.63525390625 0.77587890625 0.0595703125 0.0830078125
0 0.5859375 0.65185546875 0.05859375 0.1123046875
0 0.9482421875 0.8740234375 0.052734375 0.048828125
0 0.9521484375 0.51318359375 0.056640625 0.0966796875
0 0.7060546875 0.5576171875 0.0703125 0.123046875
0 0.84326171875 0.71923828125 0.0830078125 0.0849609375
0 0.8955078125 0.20654296875 0.03515625 0.0400390625
0 0.70703125 0.46875 0.0703125 0.072265625
0 0.95947265625 0.7373046875 0.0693359375 0.10546875
0 0.95654296875 0.22509765625 0.0869140625 0.0791015625
0 0.75048828125 0.697265625 0.0673828125 0.115234375
0 0.78271484375 0.6298828125 0.0595703125 0.119140625
0 0.84912109375 0.50146484375 0.0791015625 0.0849609375
0 0.76513671875 0.25341796875 0.0537109375 0.0634765625
0 0.91259765625 0.07861328125 0.0693359375 0.0576171875
0 0.77197265625 0.89453125 0.0849609375 0.1640625
0 0.62548828125 0.85205078125 0.0751953125 0.0888671875
0 0.86328125 0.9287109375 0.1328125 0.142578125
0 0.876953125 0.76953125 0.0546875 0.0703125
0 0.65869140625 0.96044921875 0.0478515625 0.0771484375
0 0.94873046875 0.94775390625 0.0849609375 0.0908203125
