0 0.46484375 0.97607421875 0.056640625 0.0478515625
0 0.134765625 0.82177734375 0.060546875 0.0556640625
0 0.17724609375 0.6298828125 0.0498046875 0.04296875
0 0.4755859375 0.10986328125 0.09765625 0.0673828125
0 0.63330078125 0.88427734375 0.0615234375 0.0556640625
0 0.4208984375 0.76318359375 0.052734375 0.0419921875
0 0.97021484375 0.392578125 0.0458984375 0.048828125
0 0.7294921875 0.32177734375 0.060546875 0.0400390625
0 0.390625 0.400390625 0.029296875 0.02734375
0 0.29150390625 0.09423828125 0.0732421875 0.0615234375
0 0.74609375 0.83056640625 0.041015625 0.0439453125
0 0.3642578125 0.6669921875 0.0703125 0.064453125
0 0.2568359375 0.3388671875 0.0546875 0.046875
0 0.4794921875 0.22802734375 0.0546875 0.0478515625
0 0.5244140625 0.29052734375 0.056640625 0.0556640625
0 0.48828125 0.44140625 0.0390625 0.02734375
0 0.23095703125 0.02490234375 0.0869140625 0.0498046875
0 0.9423828125 0.92626953125 0.056640625 0.0341796875
0 0.0966796875 0.58056640625 0.078125 0.0517578125
0 0.04638671875 0.93994140625 0.0478515625 0.0400390625
0 0.84130859375 0.51708984375 0.0595703125 0.0419921875
0 0.89990234375 0.564453125 0.0830078125 0.0625
0 0.44482421875 0.6484375 0.0419921875 0.03515625
0 0.71923828125 0.5166015625 0.0634765625 0.03515625
0 0.79248046875 0.40185546875 0.0712890625 0.0341796875
0 0.77734375 0.79541015625 0.06640625 0.0380859375
0 0.50048828125 0.3994140625 0.0556640625 0.044921875
0 0.6875 0.1328125 0.041015625 0.0546875
0 0.6201171875 0.14501953125 0.056640625 0.0439453125
0 0.439453125 0.42041015625 0.03515625 0.0361328125
0 0.95556640625 0.79833984375 0.0576171875 0.0322265625
