0 0.8203125 0.3369140625 0.107421875 0.08203125
0 0.03955078125 0.14111328125 0.0791015625 0.1123046875
0 0.447265625 0.89794921875 0.09765625 0.0849609375
0 0.19140625 0.2490234375 0.0625 0.056640625
0 0.3037109375 0.96435546875 0.06640625 0.0556640625
0 0.1748046875 0.75244140625 0.107421875 0.1044921875
0 0.77099609375 0.72802734375 0.0927734375 0.0849609375
0 0.10693359375 0.9052734375 0.0478515625 0.0703125
0 0.12548828125 0.32421875 0.1123046875 0.115234375
0 0.3515625 0.36376953125 0.08984375 0.0751953125
0 0.64013671875 0.91357421875 0.0810546875 0.0810546875
0 0.9375 0.181640625 0.125 0.123046875
0 0.70751953125 0.6318359375 0.1123046875 0.09765625
0 0.73876953125 0.41064453125 0.1025390625 0.0751953125
0 0.77294921875 0.56689453125 0.0751953125 0.0576171875
0 0.02880859375 0.51513671875 0.0576171875 0.1220703125
0 0.607421875 0.15478515625 0.091796875 0.1044921875
0 0.50439453125 0.83935546875 0.0693359375 0.0751953125
0 0.302734375 0.72216796875 0.140625 0.1123046875
0 0.78125 0.83642578125 0.080078125 0.0908203125
0 0.787109375 0.18212890625 0.115234375 0.1044921875
0 0.0791015625 0.43310546875 0.09765625 0.0654296875
0 0.36376953125 0.5078125 0.0849609375 0.060546875
0 0.14599609375 0.51708984375 0.0927734375 0.0751953125
0 0.2763671875 0.4560546875 0.072265625 0.080078125
0 0.45556640625 0.23828125 0.1767578125 0.09765625
0 0.39111328125 0.45068359375 0.0927734375 0.0830078125
0 0.22607421875 0.15673828125 0.1845703125 0.1552734375
0 0.87646484375 0.66064453125 0.0830078125 0.1025390625
