0 0.0380859375 0.56298828125 0.076171875 0.0517578125
0 0.123046875 0.37353515625 0.154296875 0.1162109375
0 0.11181640625 0.58056640625 0.1298828125 0.0869140625
0 0.2626953125 0.2275390625 0.166015625 0.12109375
0 0.15087890625 0.43310546875 0.0966796875 0.0517578125
0 0.11279296875 0.10595703125 0.1611328125 0.1162109375
0 0.03125 0.37744140625 0.0625 0.0712890625
0 0.0478515625 0.603515625 0.095703125 0.046875
0 0.0556640625 0.482421875 0.111328125 0.056640625
0 0.02734375 0.2578125 0.0546875 0.052734375
0 0.0986328125 0.2197265625 0.111328125 0.09765625
0 0.0439453125 0.27734375 0.087890625 0.07421875
0 0.3642578125 0.427734375 0.19921875 0.068359375
0 0.05224609375 0.833984375 0.0986328125 0.0546875
0 0.17236328125 0.0380859375 0.1552734375 0.072265625
0 0.8935546875 0.3095703125 0.11328125 0.103515625
0 0.3720703125 0.10986328125 0.17578125 0.0849609375
