0 0.04052734375 0.841796875 0.0595703125 0.068359375
0 0.04541015625 0.02490234375 0.0908203125 0.0498046875
0 0.373046875 0.06689453125 0.091796875 0.0966796875
0 0.51318359375 0.37109375 0.1083984375 0.087890625
0 0.57421875 0.0498046875 0.08984375 0.099609375
0 0.25927734375 0.8642578125 0.0634765625 0.048828125
0 0.697265625 0.87353515625 0.046875 0.0576171875
0 0.52880859375 0.57373046875 0.0966796875 0.1318359375
0 0.962890625 0.9150390625 0.07421875 0.05859375
0 0.83984375 0.1494140625 0.060546875 0.03125
0 0.3310546875 0.6328125 0.095703125 0.09375
0 0.0302734375 0.13525390625 0.060546875 0.1005859375
0 0.2861328125 0.7314453125 0.103515625 0.099609375
0 0.87646484375 0.65478515625 0.0791015625 0.1337890625
0 0.66943359375 0.43798828125 0.0810546875 0.0263671875
0 0.41845703125 0.61474609375 0.0634765625 0.0576171875
0 0.46826171875 0.25 0.0810546875 0.080078125
0 0.0517578125 0.36669921875 0.08984375 0.0751953125
0 0.93896484375 0.03857421875 0.1025390625 0.0771484375
0 0.16064453125 0.3818359375 0.0654296875 0.0546875
0 0.9482421875 0.96875 0.103515625 0.0625
0 0.9404296875 0.68017578125 0.07421875 0.0986328125
0 0.70556640625 0.01953125 0.0673828125 0.0390625
0 0.78466796875 0.92431640625 0.1103515625 0.0810546875
0 0.861328125 0.244140625 0.08203125 0.060546875
0 0.0849609375 0.92724609375 0.169921875 0.1376953125
0 0.763671875 0.4833984375 0.115234375 0.099609375
0 0.73193359375 0.271484375 0.0791015625 0.103515625
0 0.38232421875 0.91259765625 0.0810546875 0.1455078125
0 0.37158203125 0.490234375 0.0751953125 0.0546875
0 0.6328125 0.8916015625 0.078125 0.130859375
0 0.64404296875 0.41552734375 0.0869140625 0.0458984375
0 0.64892578125 0.65869140625 0.0810546875 0.1298828125
0 0.03173828125 0.5029296875 0.0634765625 0.060546875
0 0.25146484375 0.38623046875 0.0673828125 0.0478515625
0 0.29541015625 0.259765625 0.0888671875 0.083984375
0 0.478515625 0.15673828125 0.0546875 0.0439453125
