0 0.068359375 0.26171875 0.13671875 0.12890625
0 0.2216796875 0.2275390625 0.060546875 0.076171875
0 0.4072265625 0.32421875 0.076171875 0.09375
0 0.91796875 0.208984375 0.09765625 0.07421875
0 0.8076171875 0.2705078125 0.076171875 0.087890625
0 0.8330078125 0.037109375 0.111328125 0.07421875
0 0.748046875 0.0966796875 0.09375 0.099609375
0 0.662109375 0.439453125 0.1953125 0.1796875
0 0.572265625 0.0419921875 0.19140625 0.083984375
0 0.8193359375 0.1689453125 0.087890625 0.099609375
0 0.76953125 0.9697265625 0.1328125 0.060546875
0 0.8623046875 0.931640625 0.111328125 0.13671875
0 0.505859375 0.9580078125 0.140625 0.083984375
0 0.0185546875 0.919921875 0.037109375 0.0625
0 0.1337890625 0.8916015625 0.197265625 0.087890625
0 0.0458984375 0.60546875 0.068359375 0.08984375
0 0.619140625 0.7626953125 0.08984375 0.103515625
0 0.3955078125 0.7314453125 0.068359375 0.142578125
0 0.3564453125 0.7890625 0.103515625 0.1328125
0 0.4609375 0.7216796875 0.11328125 0.103515625
0 0.8193359375 0.822265625 0.318359375 0.19921875
0 0.4873046875 0.0166015625 0.068359375 0.033203125
0 0.544921875 0.111328125 0.3359375 0.203125
