0 0.30078125 0.4580078125 0.125 0.052734375
0 0.103515625 0.1513671875 0.130859375 0.12109375
0 0.10595703125 0.95068359375 0.1220703125 0.0966796875
0 0.91259765625 0.09912109375 0.1396484375 0.0673828125
0 0.3916015625 0.490234375 0.052734375 0.037109375
0 0.38916015625 0.724609375 0.0869140625 0.064453125
0 0.08203125 0.244140625 0.1640625 0.09375
0 0.10986328125 0.54345703125 0.0322265625 0.0498046875
0 0.59814453125 0.38427734375 0.0615234375 0.0615234375
0 0.51171875 0.72607421875 0.056640625 0.0498046875
0 0.052734375 0.0712890625 0.10546875 0.087890625
0 0.0322265625 0.0244140625 0.064453125 0.048828125
0 0.79296875 0.95947265625 0.068359375 0.0791015625
0 0.66650390625 0.455078125 0.1181640625 0.083984375
0 0.7021484375 0.94189453125 0.06640625 0.1162109375
0 0.3095703125 0.873046875 0.05078125 0.052734375
0 0.04052734375 0.14990234375 0.0810546875 0.0693359375
0 0.11279296875 0.833984375 0.0419921875 0.076171875
0 0.89013671875 0.75 0.0654296875 0.1015625
0 0.91552734375 0.01904296875 0.1650390625 0.0380859375
0 0.84619140625 0.44140625 0.0751953125 0.078125
0 0.8681640625 0.35546875 0.1796875 0.142578125
0 0.94140625 0.30419921875 0.060546875 0.0908203125
0 0.1474609375 0.6591796875 0.06640625 0.072265625
0 0.58935546875 0.9775390625 0.1083984375 0.04296875
0 0.4345703125 0.0283203125 0.140625 0.056640625
0 0.06005859375 0.2724609375 0.1201171875 0.064453125
0 0.9052734375 0.9501953125 0.189453125 0.099609375
0 0.15869140625 0.89697265625 0.1025390625 0.0576171875
0 0.39501953125 0.65380859375 0.0458984375 0.0849609375
0 0.96142578125 0.537109375 0.0751953125 0.05859375
0 0.05810546875 0.72705078125 0.0537109375 0.0341796875
0 0.28955078125 0.30419921875 0.1259765625 0.0478515625
0 0.76513671875 0.451171875 0.0537109375 0.1171875
0 0.3037109375 0.96630859375 0.072265625 0.0634765625
0 0.181640625 0.34765625 0.1875 0.046875
0 0.6298828125 0.01806640625 0.0625 0.0361328125
0 0.6318359375 0.80712890625 0.248046875 0.0830078125
0 0.8037109375 0.779296875 0.068359375 0.099609375
0 0.2421875 0.9580078125 0.0546875 0.07421875
0 0.6181640625 0.642578125 0.126953125 0.068359375
0 0.9375 0.619140625 0.072265625 0.107421875
0 0.2421875 0.23974609375 0.126953125 0.1162109375
0 0.64892578125 0.3388671875 0.0693359375 0.115234375
0 0.4716796875 0.2080078125 0.05078125 0.11328125
