0 0.9423828125 0.6787109375 0.115234375 0.06640625
0 0.083984375 0.806640625 0.0625 0.05078125
0 0.95849609375 0.19140625 0.0830078125 0.064453125
0 0.8037109375 0.669921875 0.09375 0.044921875
0 0.72900390625 0.2802734375 0.0693359375 0.103515625
0 0.798828125 0.103515625 0.1015625 0.07421875
0 0.90869140625 0.7373046875 0.0927734375 0.06640625
0 0.97119140625 0.87109375 0.0576171875 0.056640625
0 0.86865234375 0.40283203125 0.0986328125 0.0537109375
0 0.8701171875 0.53369140625 0.1171875 0.0693359375
0 0.9580078125 0.0693359375 0.078125 0.08984375
0 0.65185546875 0.42919921875 0.0712890625 0.0634765625
0 0.94482421875 0.36328125 0.0986328125 0.0859375
0 0.76220703125 0.32470703125 0.0732421875 0.0517578125
