0 0.03515625 0.654296875 0.0703125 0.0859375
0 0.845703125 0.67919921875 0.095703125 0.0712890625
0 0.25830078125 0.4716796875 0.1669921875 0.109375
0 0.84423828125 0.62255859375 0.0693359375 0.0595703125
0 0.7060546875 0.55810546875 0.1171875 0.0830078125
0 0.23779296875 0.61474609375 0.0498046875 0.0498046875
0 0.2744140625 0.53955078125 0.083984375 0.0849609375
0 0.046875 0.2626953125 0.091796875 0.1015625
0 0.95361328125 0.298828125 0.0927734375 0.14453125
0 0.3251953125 0.6630859375 0.12890625 0.107421875
0 0.64697265625 0.783203125 0.1103515625 0.11328125
0 0.6494140625 0.41650390625 0.138671875 0.0888671875
0 0.7109375 0.037109375 0.095703125 0.0625
0 0.3837890625 0.59375 0.099609375 0.087890625
0 0.0830078125 0.4853515625 0.080078125 0.115234375
0 0.85791015625 0.9775390625 0.0654296875 0.044921875
0 0.49365234375 0.32177734375 0.0693359375 0.0673828125
0 0.701171875 0.46484375 0.083984375 0.080078125
0 0.17919921875 0.85009765625 0.1103515625 0.0693359375
0 0.5185546875 0.03759765625 0.1015625 0.0732421875
0 0.04736328125 0.103515625 0.0927734375 0.09375
0 0.30224609375 0.28271484375 0.1044921875 0.1455078125
0 0.81103515625 0.15185546875 0.1376953125 0.0810546875
0 0.08740234375 0.69970703125 0.0615234375 0.0576171875
0 0.67822265625 0.9375 0.0810546875 0.125
0 0.14111328125 0.98876953125 0.0712890625 0.0224609375
0 0.23388671875 0.68017578125 0.0771484375 0.0771484375
0 0.4375 0.02490234375 0.0546875 0.0498046875
0 0.74267578125 0.2490234375 0.0673828125 0.0546875
0 0.2734375 0.96044921875 0.09375 0.0791015625
