0 0.94873046875 0.02197265625 0.0654296875 0.0419921875
0 0.3671875 0.71142578125 0.09765625 0.0849609375
0 0.67236328125 0.4501953125 0.1181640625 0.072265625
0 0.814453125 0.8291015625 0.158203125 0.064453125
0 0.61767578125 0.97802734375 0.1083984375 0.0439453125
0 0.27392578125 0.69482421875 0.0693359375 0.0537109375
0 0.986328125 0.95361328125 0.02734375 0.0888671875
0 0.513671875 0.86474609375 0.095703125 0.1005859375
0 0.66943359375 0.302734375 0.1298828125 0.134765625
0 0.7734375 0.71923828125 0.099609375 0.0810546875
0 0.2939453125 0.56103515625 0.068359375 0.0732421875
0 0.09130859375 0.359375 0.0908203125 0.09375
0 0.09521484375 0.53125 0.1240234375 0.0859375
0 0.939453125 0.6376953125 0.111328125 0.068359375
0 0.90478515625 0.92138671875 0.1142578125 0.0673828125
0 0.85546875 0.4296875 0.056640625 0.04296875
0 0.0400390625 0.216796875 0.080078125 0.091796875
0 0.44775390625 0.8662109375 0.0537109375 0.11328125
0 0.951171875 0.78076171875 0.0859375 0.0556640625
0 0.87255859375 0.33056640625 0.0615234375 0.0537109375
0 0.021484375 0.4306640625 0.04296875 0.041015625
0 0.81884765625 0.4833984375 0.0947265625 0.060546875
0 0.6748046875 0.0126953125 0.056640625 0.025390625
0 0.4453125 0.2802734375 0.068359375 0.06640625
0 0.1962890625 0.6455078125 0.087890625 0.05859375
0 0.1357421875 0.52490234375 0.150390625 0.1142578125
0 0.958984375 0.36962890625 0.08203125 0.1376953125
0 0.255859375 0.22412109375 0.134765625 0.0908203125
0 0.43115234375 0.3037109375 0.0654296875 0.06640625
0 0.58740234375 0.478515625 0.0712890625 0.06640625
0 0.18017578125 0.80126953125 0.1591796875 0.1044921875
0 0.9423828125 0.15087890625 0.099609375 0.1259765625
0 0.75732421875 0.591796875 0.1025390625 0.0625
0 0.810546875 0.3310546875 0.05859375 0.064453125
0 0.548828125 0.68408203125 0.123046875 0.1376953125
0 0.36865234375 0.51025390625 0.0634765625 0.0712890625
0 0.93408203125 0.86279296875 0.0771484375 0.0400390625
0 0.8486328125 0.12353515625 0.138671875 0.1103515625
0 0.248046875 0.390625 0.091796875 0.068359375
0 0.64794921875 0.81103515625 0.0791015625 0.1376953125
0 0.34814453125 0.18505859375 0.0830078125 0.0732421875
0 0.828125 0.390625 0.08984375 0.064453125
0 0.470703125 0.75 0.05859375 0.0546875
