0 0.43798828125 0.9580078125 0.0712890625 0.068359375
0 0.4931640625 0.80712890625 0.091796875 0.0947265625
0 0.5908203125 0.287109375 0.068359375 0.064453125
0 0.76708984375 0.8310546875 0.0771484375 0.07421875
0 0.50634765625 0.23974609375 0.0751953125 0.0400390625
0 0.77783203125 0.19775390625 0.0498046875 0.0419921875
0 0.8662109375 0.767578125 0.060546875 0.056640625
0 0.4404296875 0.51904296875 0.07421875 0.0537109375
0 0.46875 0.7177734375 0.064453125 0.060546875
0 0.26171875 0.06982421875 0.05078125 0.0498046875
0 0.11962890625 0.67626953125 0.0869140625 0.0751953125
0 0.78662109375 0.09765625 0.0673828125 0.041015625
0 0.6865234375 0.79248046875 0.115234375 0.1005859375
0 0.29443359375 0.8935546875 0.0849609375 0.08984375
0 0.15380859375 0.31689453125 0.0791015625 0.0458984375
0 0.4189453125 0.05712890625 0.083984375 0.0498046875
0 0.81640625 0.68896484375 0.08984375 0.0537109375
0 0.298828125 0.66943359375 0.072265625 0.0693359375
0 0.572265625 0.521484375 0.068359375 0.05078125
0 0.81884765625 0.41357421875 0.0537109375 0.0419921875
0 0.642578125 0.404296875 0.041015625 0.03125
0 0.6552734375 0.6826171875 0.08203125 0.0859375
0 0.02685546875 0.96923828125 0.0517578125 0.0576171875
0 0.7412109375 0.98583984375 0.12890625 0.0283203125
0 0.84326171875 0.34033203125 0.0634765625 0.0439453125
0 0.28173828125 0.2021484375 0.0595703125 0.068359375
0 0.1572265625 0.48046875 0.060546875 0.0625
0 0.39990234375 0.2998046875 0.0341796875 0.033203125
0 0.3779296875 0.12060546875 0.048828125 0.0576171875
