0 0.33740234375 0.8037109375 0.0693359375 0.05859375
0 0.6337890625 0.44970703125 0.095703125 0.1083984375
0 0.91015625 0.31005859375 0.103515625 0.0771484375
0 0.51513671875 0.421875 0.0908203125 0.080078125
0 0.5556640625 0.8046875 0.08203125 0.046875
0 0.25341796875 0.4716796875 0.0654296875 0.087890625
0 0.5009765625 0.02294921875 0.076171875 0.0458984375
0 0.4794921875 0.62109375 0.115234375 0.07421875
0 0.46044921875 0.53955078125 0.0771484375 0.0869140625
0 0.3037109375 0.21044921875 0.1015625 0.0654296875
0 0.5224609375 0.529296875 0.044921875 0.046875
0 0.24169921875 0.25830078125 0.0615234375 0.1005859375
0 0.88623046875 0.7900390625 0.0810546875 0.064453125
0 0.59033203125 0.3427734375 0.0732421875 0.10546875
0 0.708984375 0.1044921875 0.095703125 0.080078125
0 0.86962890625 0.5283203125 0.0732421875 0.05859375
0 0.0986328125 0.625 0.052734375 0.060546875
0 0.93798828125 0.89892578125 0.0830078125 0.0615234375
0 0.41943359375 0.73095703125 0.0888671875 0.0751953125
0 0.50537109375 0.234375 0.1083984375 0.060546875
0 0.2470703125 0.66455078125 0.064453125 0.0849609375
