0 0.25048828125 0.87744140625 0.0517578125 0.0830078125
0 0.97216796875 0.72607421875 0.0556640625 0.1376953125
0 0.52685546875 0.3505859375 0.0576171875 0.05078125
0 0.26611328125 0.01953125 0.0732421875 0.0390625
0 0.24560546875 0.10693359375 0.0576171875 0.0595703125
0 0.91748046875 0.61328125 0.0849609375 0.1171875
0 0.08935546875 0.40380859375 0.1474609375 0.0732421875
0 0.52099609375 0.26806640625 0.0498046875 0.0361328125
0 0.86376953125 0.68359375 0.0712890625 0.0546875
0 0.37255859375 0.697265625 0.0439453125 0.037109375
0 0.36279296875 0.634765625 0.0791015625 0.06640625
0 0.7158203125 0.8603515625 0.037109375 0.0703125
0 0.06201171875 0.03125 0.1025390625 0.0625
0 0.79541015625 0.45556640625 0.0791015625 0.0634765625
0 0.205078125 0.3681640625 0.1015625 0.06640625
0 0.8046875 0.71923828125 0.05859375 0.0908203125
0 0.3857421875 0.87548828125 0.052734375 0.0791015625
0 0.8525390625 0.29541015625 0.064453125 0.0595703125
0 0.35205078125 0.15283203125 0.0751953125 0.0654296875
0 0.9140625 0.025390625 0.078125 0.041015625
0 0.919921875 0.365234375 0.1015625 0.046875
0 0.4951171875 0.076171875 0.0625 0.04296875
