0 0.36328125 0.88720703125 0.123046875 0.0810546875
0 0.02587890625 0.94677734375 0.0517578125 0.0537109375
0 0.7421875 0.220703125 0.080078125 0.052734375
0 0.61474609375 0.5244140625 0.0654296875 0.064453125
0 0.044921875 0.033203125 0.08984375 0.0625
0 0.19091796875 0.841796875 0.1181640625 0.099609375
0 0.07568359375 0.4052734375 0.0771484375 0.05078125
0 0.03857421875 0.6533203125 0.0439453125 0.09765625
0 0.3720703125 0.28125 0.08984375 0.0625
0 0.71337890625 0.31591796875 0.1474609375 0.0673828125
0 0.91015625 0.8857421875 0.146484375 0.06640625
0 0.46435546875 0.1396484375 0.1103515625 0.064453125
0 0.56591796875 0.4794921875 0.2373046875 0.099609375
0 0.9599609375 0.068359375 0.080078125 0.078125
0 0.34716796875 0.50830078125 0.1044921875 0.1416015625
0 0.10546875 0.9697265625 0.072265625 0.05859375
0 0.40478515625 0.1123046875 0.1904296875 0.080078125
0 0.2646484375 0.04931640625 0.150390625 0.0947265625
0 0.67041015625 0.197265625 0.1826171875 0.115234375
0 0.51953125 0.6611328125 0.119140625 0.0625
0 0.9130859375 0.8271484375 0.15234375 0.064453125
0 0.40673828125 0.037109375 0.1650390625 0.0703125
0 0.61474609375 0.607421875 0.2802734375 0.08984375
0 0.90673828125 0.18603515625 0.1298828125 0.0927734375
0 0.2412109375 0.93994140625 0.07421875 0.0966796875
0 0.9345703125 0.77197265625 0.115234375 0.0693359375
0 0.26318359375 0.912109375 0.0419921875 0.095703125
0 0.95166015625 0.64697265625 0.0966796875 0.0556640625
0 0.162109375 0.4736328125 0.080078125 0.072265625
0 0.0849609375 0.73388671875 0.09765625 0.0888671875
0 0.03466796875 0.47216796875 0.0693359375 0.0751953125
0 0.8671875 0.6279296875 0.080078125 0.0625
0 0.033203125 0.51416015625 0.06640625 0.0693359375
0 0.14599609375 0.3505859375 0.0771484375 0.08203125
0 0.88818359375 0.3759765625 0.0732421875 0.162109375
0 0.607421875 0.26953125 0.08984375 0.205078125
0 0.8984375 0.5830078125 0.0859375 0.056640625
0 0.3779296875 0.3623046875 0.06640625 0.08984375
0 0.5419921875 0.07958984375 0.099609375 0.0947265625
0 0.64697265625 0.0205078125 0.0908203125 0.037109375
0 0.54052734375 0.4306640625 0.2373046875 0.107421875
0 0.3681640625 0.8359375 0.162109375 0.16796875
0 0.45751953125 0.80322265625 0.0791015625 0.0595703125
0 0.74609375 0.5361328125 0.12890625 0.0703125
0 0.0771484375 0.17431640625 0.123046875 0.0576171875
0 0.537109375 0.17919921875 0.10546875 0.0751953125
0 0.74462890625 0.24560546875 0.1650390625 0.1123046875
0 0.33447265625 0.1796875 0.1455078125 0.064453125
0 0.04248046875 0.3359375 0.0849609375 0.162109375
0 0.35205078125 0.7880859375 0.2353515625 0.095703125
0 0.49951171875 0.54931640625 0.1494140625 0.0498046875
