0 0.1923828125 0.57421875 0.115234375 0.126953125
0 0.7294921875 0.248046875 0.140625 0.123046875
0 0.9580078125 0.41064453125 0.078125 0.0556640625
0 0.95166015625 0.740234375 0.0693359375 0.0859375
0 0.72900390625 0.3720703125 0.0634765625 0.0859375
0 0.19677734375 0.3681640625 0.0947265625 0.083984375
0 0.0830078125 0.69921875 0.1640625 0.138671875
0 0.14794921875 0.24462890625 0.0576171875 0.1123046875
0 0.640625 0.24951171875 0.140625 0.0517578125
0 0.78955078125 0.8427734375 0.0615234375 0.06640625
0 0.505859375 0.439453125 0.14453125 0.119140625
0 0.8486328125 0.44384765625 0.123046875 0.0478515625
0 0.7607421875 0.7421875 0.103515625 0.068359375
0 0.17333984375 0.95361328125 0.0517578125 0.0927734375
0 0.95166015625 0.35791015625 0.0869140625 0.0498046875
0 0.9580078125 0.21533203125 0.056640625 0.0732421875
0 0.041015625 0.63134765625 0.08203125 0.0693359375
0 0.10595703125 0.23388671875 0.0419921875 0.0498046875
0 0.36865234375 0.47998046875 0.0927734375 0.0595703125
0 0.05419921875 0.2431640625 0.0595703125 0.04296875
0 0.39013671875 0.31103515625 0.1455078125 0.1376953125
0 0.3671875 0.15087890625 0.044921875 0.0712890625
0 0.4150390625 0.75390625 0.095703125 0.0546875
0 0.17431640625 0.8583984375 0.0595703125 0.09765625
0 0.56005859375 0.58447265625 0.0576171875 0.1962890625
0 0.65869140625 0.92626953125 0.0556640625 0.0888671875
0 0.34423828125 0.705078125 0.1455078125 0.04296875
0 0.0185546875 0.19970703125 0.037109375 0.0654296875
0 0.7177734375 0.87060546875 0.23828125 0.0830078125
0 0.56640625 0.39697265625 0.046875 0.0517578125
0 0.9326171875 0.29296875 0.095703125 0.08203125
0 0.78955078125 0.33935546875 0.1103515625 0.1435546875
0 0.7080078125 0.96142578125 0.05859375 0.0693359375
0 0.16455078125 0.75048828125 0.0986328125 0.0869140625
0 0.9404296875 0.88671875 0.06640625 0.072265625
0 0.8193359375 0.19287109375 0.060546875 0.0634765625
0 0.44921875 0.34423828125 0.134765625 0.0556640625
0 0.85107421875 0.36181640625 0.1123046875 0.1181640625
0 0.54150390625 0.41650390625 0.0615234375 0.0634765625
0 0.88525390625 0.25 0.0888671875 0.05078125
0 0.2744140625 0.60888671875 0.078125 0.0380859375
0 0.962890625 0.46875 0.07421875 0.05859375
0 0.32177734375 0.75146484375 0.0576171875 0.0439453125
0 0.43798828125 0.90478515625 0.0712890625 0.0439453125
0 0.1142578125 0.810546875 0.05859375 0.060546875
0 0.46044921875 0.1923828125 0.0654296875 0.0390625
0 0.55908203125 0.30078125 0.1181640625 0.07421875
0 0.5166015625 0.28369140625 0.09765625 0.1533203125
0 0.2138671875 0.73974609375 0.072265625 0.0654296875
0 0.64794921875 0.71923828125 0.0830078125 0.0791015625
0 0.48046875 0.93408203125 0.046875 0.1240234375
0 0.359375 0.2158203125 0.18359375 0.064453125
0 0.40478515625 0.8310546875 0.1044921875 0.1015625
