0 0.97900390625 0.3740234375 0.0419921875 0.064453125
0 0.96337890625 0.92138671875 0.0712890625 0.1533203125
0 0.63330078125 0.85302734375 0.0712890625 0.0654296875
0 0.79296875 0.55078125 0.099609375 0.07421875
0 0.845703125 0.8544921875 0.08984375 0.1171875
0 0.724609375 0.361328125 0.068359375 0.07421875
0 0.9228515625 0.91259765625 0.05859375 0.1357421875
0 0.71240234375 0.693359375 0.0595703125 0.0625
0 0.81396484375 0.7060546875 0.0751953125 0.13671875
0 0.763671875 0.83740234375 0.072265625 0.0673828125
0 0.9130859375 0.67236328125 0.091796875 0.1298828125
0 0.7646484375 0.14990234375 0.072265625 0.0751953125
0 0.52783203125 0.8125 0.1005859375 0.09765625
0 0.41015625 0.5498046875 0.064453125 0.158203125
0 0.55615234375 0.66064453125 0.0693359375 0.0849609375
0 0.90283203125 0.5048828125 0.1005859375 0.10546875
0 0.89501953125 0.16845703125 0.0498046875 0.0869140625
0 0.48779296875 0.92724609375 0.1064453125 0.1435546875
0 0.60107421875 0.779296875 0.0693359375 0.078125
0 0.80712890625 0.673828125 0.0576171875 0.064453125
0 0.9189453125 0.099609375 0.064453125 0.109375
0 0.8544921875 0.1572265625 0.087890625 0.064453125
0 0.6806640625 0.439453125 0.07421875 0.078125
0 0.6064453125 0.607421875 0.126953125 0.07421875
0 0.3447265625 0.400390625 0.0703125 0.10546875
0 0.75439453125 0.9306640625 0.0615234375 0.138671875
0 0.63720703125 0.31103515625 0.1025390625 0.0556640625
0 0.9541015625 0.302734375 0.091796875 0.072265625
0 0.96728515625 0.7119140625 0.0654296875 0.099609375
0 0.84326171875 0.95263671875 0.0791015625 0.0908203125
0 0.71240234375 0.9052734375 0.0966796875 0.09375
