0 0.96435546875 0.91015625 0.0712890625 0.12109375
0 0.80126953125 0.14404296875 0.1181640625 0.1298828125
0 0.48486328125 0.88232421875 0.0751953125 0.0693359375
0 0.82763671875 0.2861328125 0.1064453125 0.107421875
0 0.130859375 0.5244140625 0.1015625 0.068359375
0 0.17138671875 0.96923828125 0.1064453125 0.0595703125
0 0.21533203125 0.3408203125 0.0634765625 0.08203125
0 0.03759765625 0.0224609375 0.0751953125 0.044921875
0 0.599609375 0.70166015625 0.107421875 0.0810546875
0 0.22216796875 0.24853515625 0.0732421875 0.0751953125
0 0.21923828125 0.17724609375 0.0888671875 0.0966796875
0 0.59033203125 0.5615234375 0.1025390625 0.0703125
0 0.9404296875 0.39013671875 0.119140625 0.0810546875
0 0.921875 0.04931640625 0.1484375 0.0869140625
0 0.77783203125 0.49169921875 0.1552734375 0.0654296875
0 0.046875 0.1494140625 0.083984375 0.091796875
0 0.2880859375 0.8056640625 0.1953125 0.107421875
0 0.740234375 0.90234375 0.083984375 0.08203125
0 0.2041015625 0.45751953125 0.11328125 0.0654296875
0 0.51904296875 0.12646484375 0.0927734375 0.0888671875
0 0.6162109375 0.01806640625 0.08984375 0.0361328125
0 0.56494140625 0.3896484375 0.0869140625 0.103515625
0 0.01708984375 0.80615234375 0.0341796875 0.0947265625
0 0.41357421875 0.48681640625 0.0712890625 0.0732421875
0 0.65234375 0.2109375 0.10546875 0.138671875
0 0.41259765625 0.796875 0.0810546875 0.0859375
0 0.654296875 0.60986328125 0.078125 0.0751953125
0 0.29736328125 0.0546875 0.1005859375 0.109375
