0 0.240234375 0.80224609375 0.09375 0.0615234375
0 0.4697265625 0.23291015625 0.060546875 0.1025390625
0 0.7587890625 0.28076171875 0.041015625 0.0693359375
0 0.3271484375 0.08837890625 0.0546875 0.0869140625
0 0.41162109375 0.50634765625 0.0693359375 0.0654296875
0 0.525390625 0.77001953125 0.048828125 0.0478515625
0 0.4326171875 0.72705078125 0.07421875 0.0537109375
0 0.5830078125 0.1123046875 0.087890625 0.080078125
0 0.291015625 0.58203125 0.0625 0.060546875
0 0.13671875 0.09326171875 0.05078125 0.0478515625
0 0.89208984375 0.39208984375 0.0654296875 0.0791015625
0 0.09765625 0.77685546875 0.078125 0.0556640625
0 0.5146484375 0.037109375 0.109375 0.0703125
0 0.9443359375 0.39111328125 0.046875 0.0478515625
0 0.8662109375 0.74560546875 0.048828125 0.0693359375
0 0.65380859375 0.57958984375 0.0537109375 0.0654296875
0 0.7568359375 0.80322265625 0.064453125 0.0693359375
0 0.673828125 0.29541015625 0.080078125 0.0595703125
0 0.11328125 0.248046875 0.099609375 0.033203125
