0 0.3642578125 0.529296875 0.05859375 0.068359375
0 0.2275390625 0.47607421875 0.046875 0.0380859375
0 0.66796875 0.787109375 0.2578125 0.125
0 0.482421875 0.91748046875 0.083984375 0.0615234375
0 0.5439453125 0.6123046875 0.068359375 0.052734375
0 0.16748046875 0.1416015625 0.0771484375 0.078125
0 0.7109375 0.48828125 0.248046875 0.1484375
0 0.94775390625 0.93212890625 0.1025390625 0.0830078125
0 0.9638671875 0.66748046875 0.072265625 0.0556640625
0 0.564453125 0.353515625 0.169921875 0.09765625
0 0.20458984375 0.29736328125 0.0712890625 0.0927734375
0 0.40283203125 0.646484375 0.1064453125 0.080078125
0 0.91259765625 0.1083984375 0.1728515625 0.158203125
0 0.43115234375 0.06689453125 0.0791015625 0.0673828125
0 0.4189453125 0.97412109375 0.142578125 0.0517578125
0 0.51904296875 0.08642578125 0.0771484375 0.0537109375
0 0.60888671875 0.53564453125 0.2197265625 0.1279296875
0 0.44921875 0.2646484375 0.064453125 0.05859375
