0 0.58935546875 0.3193359375 0.0302734375 0.056640625
0 0.95556640625 0.353515625 0.0830078125 0.0703125
0 0.72265625 0.30322265625 0.048828125 0.0498046875
0 0.9638671875 0.294921875 0.0703125 0.052734375
0 0.5732421875 0.125 0.046875 0.0546875
0 0.79150390625 0.29052734375 0.0576171875 0.0693359375
0 0.9609375 0.18310546875 0.048828125 0.0888671875
0 0.78564453125 0.18017578125 0.0458984375 0.1025390625
0 0.65869140625 0.20361328125 0.0576171875 0.0517578125
0 0.671875 0.44140625 0.048828125 0.072265625
0 0.84423828125 0.06298828125 0.0380859375 0.0634765625
0 0.89501953125 0.12158203125 0.0791015625 0.0869140625
0 0.87158203125 0.40380859375 0.0810546875 0.1083984375
0 0.67333984375 0.34423828125 0.0517578125 0.0634765625
0 0.7900390625 0.083984375 0.0703125 0.111328125
