0 0.666015625 0.7060546875 0.052734375 0.0703125
0 0.6767578125 0.765625 0.041015625 0.083984375
0 0.69580078125 0.5732421875 0.0322265625 0.03515625
0 0.6953125 0.41357421875 0.08984375 0.0537109375
0 0.27490234375 0.2509765625 0.0595703125 0.0390625
0 0.93017578125 0.28759765625 0.0439453125 0.0322265625
0 0.06396484375 0.01953125 0.0634765625 0.0390625
0 0.14892578125 0.32861328125 0.0478515625 0.0654296875
0 0.43115234375 0.78076171875 0.0771484375 0.0673828125
0 0.38720703125 0.39697265625 0.0693359375 0.0517578125
0 0.80224609375 0.97412109375 0.0498046875 0.0517578125
0 0.04052734375 0.9482421875 0.0458984375 0.04296875
0 0.658203125 0.02001953125 0.0546875 0.0400390625
0 0.75830078125 0.31982421875 0.0966796875 0.1005859375
0 0.83740234375 0.3818359375 0.0478515625 0.083984375
0 0.509765625 0.7734375 0.04296875 0.060546875
0 0.4951171875 0.26123046875 0.06640625 0.0478515625
0 0.54736328125 0.8134765625 0.0595703125 0.072265625
0 0.32373046875 0.25048828125 0.0478515625 0.0498046875
0 0.52783203125 0.326171875 0.0947265625 0.064453125
0 0.96533203125 0.02001953125 0.0693359375 0.0400390625
0 0.45703125 0.93359375 0.10546875 0.07421875
0 0.7861328125 0.6171875 0.052734375 0.044921875
0 0.81689453125 0.2236328125 0.0869140625 0.0546875
0 0.05859375 0.87548828125 0.046875 0.0751953125
0 0.74755859375 0.1904296875 0.0673828125 0.0625
0 0.88671875 0.7841796875 0.1328125 0.0390625
0 0.19140625 0.1748046875 0.0703125 0.04296875
0 0.03076171875 0.130859375 0.0322265625 0.04296875
0 0.7177734375 0.908203125 0.0390625 0.03515625
0 0.71142578125 0.8583984375 0.0361328125 0.033203125
0 0.42138671875 0.51953125 0.0615234375 0.041015625
0 0.90380859375 0.361328125 0.0908203125 0.046875
0 0.5419921875 0.021484375 0.048828125 0.04296875
0 0.94287109375 0.587890625 0.0380859375 0.04296875
0 0.7294921875 0.7509765625 0.0625 0.076171875
0 0.35400390625 0.34765625 0.0595703125 0.046875
0 0.5400390625 0.36669921875 0.08203125 0.0458984375
0 0.0654296875 0.0673828125 0.052734375 0.046875
0 0.79150390625 0.45361328125 0.0458984375 0.0400390625
0 0.75390625 0.4951171875 0.05078125 0.072265625
0 0.52490234375 0.2158203125 0.0498046875 0.0390625
0 0.4052734375 0.154296875 0.072265625 0.044921875
0 0.23876953125 0.35107421875 0.0693359375 0.0908203125
0 0.9638671875 0.4833984375 0.03515625 0.03125
0 0.0419921875 0.541015625 0.0546875 0.048828125
0 0.18994140625 0.31005859375 0.0615234375 0.0244140625
0 0.4912109375 0.015625 0.0390625 0.03125
0 0.1220703125 0.71728515625 0.068359375 0.0654296875
0 0.88720703125 0.482421875 0.1103515625 0.099609375
0 0.65869140625 0.525390625 0.0439453125 0.046875
0 0.865234375 0.1728515625 0.046875 0.025390625
0 0.6572265625 0.16650390625 0.041015625 0.0498046875
0 0.72119140625 0.26123046875 0.0478515625 0.0615234375
0 0.1015625 0.11865234375 0.03515625 0.0810546875
0 0.77197265625 0.94140625 0.0556640625 0.041015625
0 0.607421875 0.33203125 0.068359375 0.08203125
0 0.0654296875 0.45849609375 0.119140625 0.0556640625
0 0.29638671875 0.3779296875 0.0478515625 0.05078125
0 0.771484375 0.53076171875 0.107421875 0.1201171875
0 0.57666015625 0.57373046875 0.0810546875 0.0830078125
0 0.87158203125 0.150390625 0.1103515625 0.0546875
0 0.857421875 0.1123046875 0.05078125 0.033203125
0 0.263671875 0.7998046875 0.0546875 0.0625
0 0.29541015625 0.0576171875 0.0537109375 0.060546875
0 0.54345703125 0.4326171875 0.0751953125 0.083984375
0 0.41455078125 0.71240234375 0.0966796875 0.0380859375
0 0.15869140625 0.93896484375 0.1572265625 0.0849609375
0 0.46484375 0.564453125 0.046875 0.052734375
0 0.60009765625 0.677734375 0.0537109375 0.04296875
0 0.71435546875 0.62060546875 0.0791015625 0.0712890625
0 0.56591796875 0.2275390625 0.0380859375 0.0390625
0 0.044921875 0.18115234375 0.03125 0.0458984375
0 0.37158203125 0.2880859375 0.0478515625 0.02734375
0 0.7294921875 0.0166015625 0.08203125 0.033203125
