0 0.76611328125 0.97900390625 0.0556640625 0.0419921875
0 0.09521484375 0.07568359375 0.0615234375 0.0615234375
0 0.16748046875 0.4716796875 0.1044921875 0.125
0 0.94287109375 0.37060546875 0.0654296875 0.0869140625
0 0.82177734375 0.544921875 0.0654296875 0.115234375
0 0.2119140625 0.39404296875 0.068359375 0.1044921875
0 0.29150390625 0.197265625 0.0537109375 0.08984375
0 0.62548828125 0.6318359375 0.0556640625 0.0625
0 0.8701171875 0.96337890625 0.091796875 0.0732421875
0 0.16748046875 0.1103515625 0.0927734375 0.078125
0 0.248046875 0.029296875 0.076171875 0.05859375
0 0.0302734375 0.45849609375 0.060546875 0.1884765625
0 0.89404296875 0.314453125 0.0986328125 0.09765625
0 0.15673828125 0.85888671875 0.0927734375 0.1376953125
0 0.87353515625 0.22119140625 0.0634765625 0.1201171875
0 0.18798828125 0.9140625 0.0478515625 0.171875
0 0.232421875 0.2822265625 0.05859375 0.134765625
0 0.02197265625 0.767578125 0.0400390625 0.15625
0 0.93017578125 0.2158203125 0.0849609375 0.095703125
0 0.07470703125 0.7861328125 0.0771484375 0.146484375
0 0.87060546875 0.48193359375 0.1279296875 0.1357421875
0 0.9833984375 0.8828125 0.03125 0.15625
0 0.6591796875 0.93798828125 0.0546875 0.1240234375
0 0.31982421875 0.927734375 0.0654296875 0.140625
0 0.91943359375 0.474609375 0.0634765625 0.123046875
0 0.01806640625 0.138671875 0.0361328125 0.0625
0 0.0966796875 0.92138671875 0.05078125 0.1376953125
0 0.0986328125 0.35546875 0.083984375 0.171875
0 0.98388671875 0.04345703125 0.0302734375 0.0615234375
0 0.2373046875 0.8857421875 0.0546875 0.162109375
0 0.294921875 0.857421875 0.06640625 0.19140625
0 0.7373046875 0.01953125 0.0546875 0.0390625
0 0.9658203125 0.51953125 0.033203125 0.09375
0 0.859375 0.48583984375 0.0703125 0.1923828125
0 0.37841796875 0.7294921875 0.0576171875 0.095703125
0 0.26318359375 0.064453125 0.0595703125 0.080078125
0 0.32080078125 0.08642578125 0.0693359375 0.1357421875
0 0.78173828125 0.81591796875 0.0830078125 0.1259765625
0 0.7158203125 0.97119140625 0.04296875 0.0556640625
0 0.15087890625 0.0126953125 0.0654296875 0.025390625
