0 0.453125 0.94580078125 0.0625 0.0888671875
0 0.40576171875 0.9052734375 0.0478515625 0.052734375
0 0.27099609375 0.89794921875 0.0537109375 0.0498046875
0 0.306640625 0.83349609375 0.0703125 0.0654296875
0 0.6611328125 0.75341796875 0.0625 0.0673828125
0 0.53076171875 0.71044921875 0.0556640625 0.0556640625
0 0.50390625 0.65380859375 0.046875 0.0517578125
0 0.86083984375 0.67529296875 0.0927734375 0.0654296875
0 0.69384765625 0.6142578125 0.0341796875 0.0390625
0 0.72802734375 0.57275390625 0.0576171875 0.0654296875
0 0.625 0.484375 0.056640625 0.0546875
0 0.69921875 0.47900390625 0.052734375 0.0419921875
0 0.68701171875 0.43505859375 0.0419921875 0.0478515625
0 0.54443359375 0.36572265625 0.0634765625 0.1005859375
0 0.693359375 0.3388671875 0.072265625 0.0859375
0 0.953125 0.16357421875 0.09375 0.1298828125
0 0.6044921875 0.27099609375 0.033203125 0.0224609375
0 0.6787109375 0.255859375 0.029296875 0.03125
0 0.75439453125 0.25439453125 0.0595703125 0.0439453125
0 0.75634765625 0.16259765625 0.0478515625 0.0771484375
0 0.5576171875 0.21630859375 0.0703125 0.0771484375
0 0.6943359375 0.20703125 0.056640625 0.05859375
0 0.66796875 0.1708984375 0.03515625 0.04296875
0 0.6201171875 0.17529296875 0.076171875 0.0791015625
0 0.58544921875 0.10888671875 0.0595703125 0.0576171875
0 0.5576171875 0.0283203125 0.052734375 0.056640625
0 0.193359375 0.48388671875 0.083984375 0.0771484375
0 0.02978515625 0.43603515625 0.0595703125 0.0751953125
0 0.0830078125 0.42626953125 0.138671875 0.0556640625
0 0.14111328125 0.38671875 0.0439453125 0.033203125
0 0.02490234375 0.2626953125 0.0498046875 0.06640625
0 0.06494140625 0.3310546875 0.0791015625 0.068359375
0 0.12353515625 0.1630859375 0.0693359375 0.072265625
0 0.24462890625 0.2021484375 0.0556640625 0.048828125
0 0.29736328125 0.208984375 0.0537109375 0.048828125
0 0.2880859375 0.248046875 0.06640625 0.078125
0 0.36181640625 0.2275390625 0.0419921875 0.04296875
0 0.263671875 0.2978515625 0.095703125 0.0703125
0 0.34326171875 0.32177734375 0.0615234375 0.0517578125
0 0.32958984375 0.02294921875 0.0498046875 0.0458984375
0 0.66064453125 0.02197265625 0.0380859375 0.0439453125
0 0.6025390625 0.021484375 0.041015625 0.037109375
0 0.16552734375 0.9892578125 0.0380859375 0.021484375
0 0.63623046875 0.79833984375 0.0458984375 0.0302734375
0 0.115234375 0.38134765625 0.072265625 0.0517578125
0 0.3310546875 0.91552734375 0.02734375 0.0263671875
0 0.50244140625 0.9921875 0.0341796875 0.015625
0 0.9921875 0.98095703125 0.015625 0.0263671875
0 0.6689453125 0.2177734375 0.033203125 0.048828125
0 0.15087890625 0.41943359375 0.0615234375 0.0615234375
0 0.2392578125 0.88916015625 0.041015625 0.0361328125
