0 0.2109375 0.7578125 0.0703125 0.0546875
0 0.5732421875 0.59228515625 0.056640625 0.0419921875
0 0.57958984375 0.6865234375 0.0693359375 0.0703125
0 0.06103515625 0.27978515625 0.0478515625 0.0458984375
0 0.08349609375 0.2353515625 0.0537109375 0.05078125
0 0.5263671875 0.109375 0.044921875 0.05078125
0 0.63623046875 0.2529296875 0.0693359375 0.048828125
0 0.2060546875 0.6416015625 0.076171875 0.0625
0 0.43115234375 0.58251953125 0.0576171875 0.0810546875
0 0.56103515625 0.4287109375 0.0498046875 0.052734375
0 0.94970703125 0.333984375 0.0517578125 0.0703125
0 0.0244140625 0.88232421875 0.048828125 0.0439453125
0 0.83642578125 0.314453125 0.0537109375 0.044921875
0 0.24755859375 0.7275390625 0.0517578125 0.048828125
0 0.5087890625 0.7939453125 0.056640625 0.05078125
0 0.75439453125 0.81689453125 0.0830078125 0.0732421875
0 0.4794921875 0.12548828125 0.037109375 0.0810546875
0 0.97509765625 0.2958984375 0.0498046875 0.06640625
0 0.33935546875 0.88427734375 0.0498046875 0.0791015625
0 0.64794921875 0.8349609375 0.0791015625 0.048828125
0 0.12060546875 0.40966796875 0.0361328125 0.0419921875
0 0.8369140625 0.24560546875 0.0546875 0.0498046875
0 0.40087890625 0.669921875 0.0654296875 0.1484375
0 0.8271484375 0.935546875 0.10546875 0.099609375
0 0.44873046875 0.447265625 0.0458984375 0.072265625
0 0.615234375 0.287109375 0.078125 0.044921875
0 0.544921875 0.3955078125 0.0625 0.033203125
0 0.8544921875 0.4638671875 0.029296875 0.05859375
0 0.31640625 0.53125 0.04296875 0.048828125
0 0.39111328125 0.458984375 0.0458984375 0.05859375
0 0.44140625 0.07958984375 0.0390625 0.0791015625
0 0.04345703125 0.64013671875 0.0751953125 0.1494140625
0 0.052734375 0.3291015625 0.10546875 0.056640625
0 0.552734375 0.2216796875 0.04296875 0.04296875
0 0.75927734375 0.48876953125 0.0458984375 0.0537109375
0 0.92529296875 0.17041015625 0.0380859375 0.0498046875
0 0.65478515625 0.8876953125 0.0654296875 0.056640625
0 0.73876953125 0.66455078125 0.0791015625 0.0556640625
0 0.076171875 0.9208984375 0.0546875 0.05859375
0 0.8564453125 0.37353515625 0.103515625 0.0576171875
0 0.19580078125 0.83203125 0.0595703125 0.05078125
0 0.42431640625 0.8408203125 0.1240234375 0.080078125
0 0.17138671875 0.208984375 0.0458984375 0.05859375
0 0.265625 0.212890625 0.046875 0.056640625
0 0.93017578125 0.6962890625 0.0400390625 0.046875
0 0.09033203125 0.126953125 0.0458984375 0.078125
0 0.0341796875 0.4560546875 0.05078125 0.046875
0 0.84130859375 0.1494140625 0.0478515625 0.07421875
0 0.67236328125 0.9765625 0.0517578125 0.046875
0 0.64111328125 0.4384765625 0.0693359375 0.0546875
0 0.0791015625 0.76416015625 0.052734375 0.0615234375
0 0.9599609375 0.45654296875 0.07421875 0.0478515625
0 0.47314453125 0.55859375 0.0439453125 0.041015625
0 0.94970703125 0.88330078125 0.0849609375 0.0595703125
0 0.6630859375 0.3525390625 0.052734375 0.0859375
0 0.31201171875 0.19482421875 0.0517578125 0.0400390625
