0 0.8955078125 0.52490234375 0.0390625 0.0478515625
0 0.93359375 0.14306640625 0.064453125 0.0830078125
0 0.86328125 0.765625 0.0625 0.046875
0 0.935546875 0.3525390625 0.064453125 0.046875
0 0.81005859375 0.91162109375 0.0498046875 0.0634765625
0 0.86376953125 0.54052734375 0.0478515625 0.0498046875
0 0.9453125 0.3017578125 0.0625 0.0546875
0 0.82373046875 0.541015625 0.0361328125 0.05078125
0 0.95849609375 0.36572265625 0.0458984375 0.0322265625
0 0.87109375 0.19970703125 0.076171875 0.1103515625
0 0.6015625 0.25341796875 0.068359375 0.0947265625
