0 0.7919921875 0.6005859375 0.08984375 0.107421875
0 0.5478515625 0.8466796875 0.095703125 0.1171875
0 0.376953125 0.9794921875 0.1171875 0.037109375
0 0.77880859375 0.85009765625 0.0634765625 0.2255859375
0 0.52783203125 0.72900390625 0.0947265625 0.1396484375
0 0.9091796875 0.4345703125 0.078125 0.095703125
0 0.978515625 0.58447265625 0.04296875 0.0849609375
0 0.9423828125 0.0263671875 0.115234375 0.052734375
0 0.64990234375 0.5615234375 0.0556640625 0.05078125
0 0.7001953125 0.703125 0.076171875 0.087890625
0 0.6865234375 0.923828125 0.09765625 0.1484375
0 0.6572265625 0.28515625 0.10546875 0.12109375
0 0.9619140625 0.1689453125 0.076171875 0.0625
0 0.93310546875 0.955078125 0.0654296875 0.08984375
0 0.93701171875 0.26171875 0.0888671875 0.115234375
0 0.40185546875 0.89990234375 0.0791015625 0.0927734375
0 0.92041015625 0.56005859375 0.0537109375 0.0869140625
0 0.56787109375 0.02880859375 0.0537109375 0.0576171875
0 0.35205078125 0.9033203125 0.0673828125 0.1328125
0 0.5859375 0.470703125 0.083984375 0.103515625
0 0.40966796875 0.67822265625 0.0947265625 0.0927734375
0 0.82275390625 0.02734375 0.1103515625 0.0546875
0 0.40869140625 0.34033203125 0.0791015625 0.0986328125
0 0.88818359375 0.64794921875 0.0693359375 0.1982421875
0 0.78857421875 0.15478515625 0.1005859375 0.0869140625
0 0.43798828125 0.810546875 0.0986328125 0.138671875
0 0.60107421875 0.91650390625 0.0712890625 0.1669921875
0 0.71240234375 0.46337890625 0.0654296875 0.0556640625
0 0.46337890625 0.11279296875 0.0595703125 0.1982421875
0 0.337890625 0.5498046875 0.0546875 0.05078125
