0 0.2470703125 0.3291015625 0.1875 0.05859375
0 0.732421875 0.31640625 0.07421875 0.072265625
0 0.1689453125 0.837890625 0.12890625 0.06640625
0 0.69873046875 0.51220703125 0.0537109375 0.1044921875
0 0.76708984375 0.83203125 0.0498046875 0.041015625
0 0.04833984375 0.3583984375 0.0908203125 0.06640625
0 0.5478515625 0.35205078125 0.048828125 0.0439453125
0 0.94482421875 0.84033203125 0.0517578125 0.0791015625
0 0.17919921875 0.248046875 0.0869140625 0.044921875
0 0.39208984375 0.12451171875 0.0908203125 0.0615234375
0 0.4931640625 0.1923828125 0.083984375 0.052734375
0 0.4775390625 0.87451171875 0.09765625 0.0712890625
0 0.49609375 0.7373046875 0.05859375 0.126953125
0 0.38330078125 0.25244140625 0.0791015625 0.0693359375
0 0.68017578125 0.7021484375 0.0712890625 0.0859375
0 0.91162109375 0.31201171875 0.1181640625 0.0400390625
0 0.17724609375 0.9150390625 0.1220703125 0.046875
0 0.2490234375 0.232421875 0.076171875 0.05859375
0 0.06640625 0.2109375 0.1328125 0.068359375
0 0.0283203125 0.63623046875 0.056640625 0.0888671875
0 0.59228515625 0.5390625 0.0791015625 0.068359375
0 0.158203125 0.96923828125 0.091796875 0.0615234375
0 0.62353515625 0.94873046875 0.0693359375 0.1025390625
0 0.533203125 0.97265625 0.087890625 0.04296875
0 0.06298828125 0.02685546875 0.1259765625 0.0537109375
0 0.2783203125 0.37451171875 0.095703125 0.0498046875
0 0.60595703125 0.6943359375 0.0419921875 0.0546875
0 0.88427734375 0.7607421875 0.0556640625 0.056640625
0 0.0859375 0.283203125 0.083984375 0.05078125
0 0.22314453125 0.4794921875 0.0537109375 0.072265625
0 0.32275390625 0.244140625 0.0712890625 0.08203125
0 0.12451171875 0.546875 0.0908203125 0.134765625
0 0.46826171875 0.73193359375 0.1142578125 0.1044921875
0 0.5458984375 0.419921875 0.052734375 0.087890625
0 0.92431640625 0.40478515625 0.0498046875 0.0771484375
0 0.275390625 0.57861328125 0.060546875 0.0751953125
0 0.77734375 0.76220703125 0.1171875 0.0751953125
0 0.5126953125 0.80908203125 0.072265625 0.0634765625
0 0.54736328125 0.7177734375 0.0634765625 0.125
0 0.65283203125 0.40625 0.0556640625 0.076171875
0 0.33642578125 0.9287109375 0.0732421875 0.142578125
0 0.9287109375 0.583984375 0.09375 0.08984375
0 0.87841796875 0.24462890625 0.0576171875 0.0478515625
0 0.96044921875 0.72607421875 0.0576171875 0.1142578125
0 0.74951171875 0.9794921875 0.0615234375 0.03515625
0 0.65234375 0.33642578125 0.080078125 0.0517578125
0 0.69482421875 0.03857421875 0.0615234375 0.0771484375
0 0.85400390625 0.82666015625 0.0576171875 0.0693359375
0 0.82373046875 0.30322265625 0.0419921875 0.0361328125
0 0.2314453125 0.958984375 0.123046875 0.048828125
0 0.0361328125 0.5078125 0.060546875 0.064453125
