0 0.1875 0.6669921875 0.1015625 0.115234375
0 0.9580078125 0.0146484375 0.083984375 0.029296875
0 0.134765625 0.27197265625 0.1171875 0.0712890625
0 0.90966796875 0.078125 0.1533203125 0.0859375
0 0.2275390625 0.037109375 0.064453125 0.07421875
0 0.0810546875 0.2373046875 0.11328125 0.115234375
0 0.2275390625 0.25341796875 0.08984375 0.0478515625
0 0.25634765625 0.361328125 0.0927734375 0.0859375
0 0.044921875 0.51025390625 0.08984375 0.0517578125
0 0.94970703125 0.1103515625 0.0654296875 0.072265625
0 0.02783203125 0.72509765625 0.0556640625 0.1005859375
