0 0.501953125 0.23486328125 0.091796875 0.0693359375
0 0.7138671875 0.44970703125 0.06640625 0.1103515625
0 0.9091796875 0.85546875 0.068359375 0.033203125
0 0.849609375 0.02001953125 0.060546875 0.0322265625
0 0.65283203125 0.09716796875 0.0693359375 0.0576171875
0 0.64306640625 0.24365234375 0.0615234375 0.0634765625
0 0.69384765625 0.15869140625 0.0810546875 0.0693359375
0 0.861328125 0.81201171875 0.046875 0.0537109375
0 0.7900390625 0.2587890625 0.05078125 0.02734375
0 0.80712890625 0.2412109375 0.0322265625 0.03515625
0 0.97216796875 0.9404296875 0.0556640625 0.078125
0 0.87646484375 0.89404296875 0.0537109375 0.0263671875
0 0.90087890625 0.4345703125 0.0927734375 0.060546875
