0 0.9716796875 0.04296875 0.046875 0.0546875
0 0.74609375 0.48974609375 0.06640625 0.0517578125
0 0.712890625 0.0498046875 0.091796875 0.099609375
0 0.79296875 0.68603515625 0.08203125 0.1220703125
0 0.013671875 0.07275390625 0.02734375 0.0439453125
0 0.91650390625 0.099609375 0.0654296875 0.05859375
0 0.0400390625 0.41015625 0.080078125 0.0703125
0 0.9716796875 0.16259765625 0.0546875 0.0498046875
0 0.1669921875 0.73876953125 0.080078125 0.0869140625
0 0.96435546875 0.5 0.0712890625 0.064453125
0 0.2890625 0.03271484375 0.052734375 0.0654296875
0 0.67822265625 0.23583984375 0.0498046875 0.0361328125
0 0.54736328125 0.0380859375 0.0537109375 0.064453125
0 0.6318359375 0.4794921875 0.056640625 0.0625
0 0.93603515625 0.283203125 0.1005859375 0.0546875
0 0.44482421875 0.2626953125 0.0537109375 0.083984375
0 0.3544921875 0.03173828125 0.107421875 0.0498046875
0 0.09423828125 0.3603515625 0.0458984375 0.048828125
0 0.78076171875 0.27294921875 0.0576171875 0.0771484375
0 0.12353515625 0.14404296875 0.0556640625 0.0849609375
0 0.8408203125 0.4404296875 0.068359375 0.0703125
0 0.234375 0.404296875 0.0546875 0.08203125
0 0.56103515625 0.39453125 0.0732421875 0.072265625
0 0.2763671875 0.95068359375 0.130859375 0.0986328125
0 0.873046875 0.69580078125 0.046875 0.1279296875
0 0.56640625 0.97607421875 0.060546875 0.0458984375
0 0.9736328125 0.40283203125 0.052734375 0.0712890625
0 0.1220703125 0.3837890625 0.06640625 0.052734375
0 0.6435546875 0.17138671875 0.0546875 0.0615234375
0 0.3310546875 0.58251953125 0.1328125 0.2119140625
0 0.982421875 0.88134765625 0.03515625 0.0595703125
0 0.2041015625 0.8330078125 0.068359375 0.087890625
0 0.169921875 0.4755859375 0.060546875 0.076171875
0 0.0224609375 0.9072265625 0.044921875 0.09765625
0 0.49658203125 0.9462890625 0.0458984375 0.0625
0 0.53125 0.55615234375 0.078125 0.0986328125
0 0.4326171875 0.7666015625 0.107421875 0.123046875
0 0.70703125 0.5859375 0.064453125 0.0625
0 0.705078125 0.3828125 0.060546875 0.0546875
0 0.029296875 0.693359375 0.056640625 0.091796875
