0 0.65478515625 0.056640625 0.0341796875 0.048828125
0 0.66748046875 0.55224609375 0.0537109375 0.1162109375
0 0.5869140625 0.7421875 0.060546875 0.115234375
0 0.80126953125 0.10302734375 0.0791015625 0.1083984375
0 0.09130859375 0.765625 0.1123046875 0.126953125
0 0.4560546875 0.96826171875 0.0703125 0.0634765625
0 0.4033203125 0.97900390625 0.0703125 0.0380859375
0 0.927734375 0.35546875 0.064453125 0.0625
0 0.103515625 0.69873046875 0.076171875 0.0478515625
0 0.69384765625 0.7138671875 0.0615234375 0.103515625
0 0.61083984375 0.8349609375 0.0537109375 0.091796875
0 0.69921875 0.63134765625 0.095703125 0.0595703125
0 0.7294921875 0.505859375 0.0546875 0.048828125
0 0.87890625 0.78076171875 0.052734375 0.0498046875
0 0.06689453125 0.56982421875 0.1337890625 0.0634765625
0 0.9111328125 0.900390625 0.0703125 0.0390625
0 0.87158203125 0.1259765625 0.0478515625 0.05859375
0 0.78515625 0.2802734375 0.091796875 0.044921875
0 0.90087890625 0.5390625 0.0654296875 0.05078125
0 0.3798828125 0.57763671875 0.09375 0.0498046875
0 0.525390625 0.02783203125 0.052734375 0.0556640625
0 0.3896484375 0.75732421875 0.0546875 0.0400390625
0 0.267578125 0.45556640625 0.07421875 0.0498046875
0 0.42431640625 0.521484375 0.0673828125 0.0859375
0 0.8408203125 0.2138671875 0.095703125 0.068359375
0 0.71337890625 0.05419921875 0.0498046875 0.0615234375
0 0.533203125 0.75341796875 0.0859375 0.0595703125
0 0.2470703125 0.94091796875 0.09765625 0.0478515625
0 0.34716796875 0.62255859375 0.1005859375 0.0439453125
0 0.2705078125 0.88427734375 0.05859375 0.0556640625
0 0.49755859375 0.6328125 0.0595703125 0.046875
0 0.654296875 0.27392578125 0.04296875 0.0595703125
0 0.05322265625 0.6533203125 0.1044921875 0.060546875
0 0.19287109375 0.76171875 0.0927734375 0.03515625
0 0.9208984375 0.1904296875 0.060546875 0.14453125
0 0.48486328125 0.51708984375 0.0576171875 0.0478515625
0 0.50244140625 0.6796875 0.0595703125 0.078125
0 0.20849609375 0.90771484375 0.0400390625 0.0654296875
0 0.94970703125 0.2978515625 0.1005859375 0.060546875
0 0.2939453125 0.048828125 0.03515625 0.05859375
0 0.18212890625 0.0537109375 0.0888671875 0.107421875
0 0.046875 0.25048828125 0.09375 0.1826171875
0 0.12353515625 0.9541015625 0.1240234375 0.06640625
0 0.85888671875 0.96728515625 0.0810546875 0.0654296875
0 0.26806640625 0.03466796875 0.1533203125 0.0693359375
0 0.83935546875 0.17236328125 0.0634765625 0.0537109375
0 0.54296875 0.85107421875 0.154296875 0.1845703125
0 0.1630859375 0.73388671875 0.0625 0.0478515625
0 0.87255859375 0.5869140625 0.0537109375 0.056640625
0 0.904296875 0.8603515625 0.107421875 0.06640625
0 0.27587890625 0.7568359375 0.0615234375 0.041015625
0 0.51318359375 0.259765625 0.0654296875 0.06640625
0 0.7958984375 0.3583984375 0.076171875 0.046875
0 0.02978515625 0.84228515625 0.0595703125 0.1513671875
0 0.09130859375 0.4443359375 0.0927734375 0.07421875
0 0.20703125 0.3134765625 0.0625 0.06640625
0 0.79296875 0.591796875 0.0625 0.095703125
0 0.07421875 0.9404296875 0.0859375 0.0390625
0 0.18408203125 0.1259765625 0.0693359375 0.201171875
0 0.22900390625 0.85693359375 0.0908203125 0.0576171875
0 0.392578125 0.31494140625 0.076171875 0.0439453125
0 0.97412109375 0.21142578125 0.0498046875 0.0458984375
0 0.07177734375 0.6162109375 0.1435546875 0.048828125
0 0.21826171875 0.9814453125 0.0517578125 0.037109375
