0 0.06494140625 0.1142578125 0.0712890625 0.228515625
0 0.2177734375 0.3994140625 0.32421875 0.1484375
0 0.060546875 0.64697265625 0.12109375 0.0947265625
0 0.0302734375 0.7275390625 0.060546875 0.064453125
0 0.1201171875 0.9013671875 0.240234375 0.11328125
0 0.0712890625 0.958984375 0.142578125 0.080078125
0 0.1611328125 0.72412109375 0.052734375 0.2197265625
0 0.21923828125 0.7587890625 0.1845703125 0.091796875
0 0.1689453125 0.72216796875 0.267578125 0.1611328125
0 0.234375 0.5986328125 0.2421875 0.150390625
0 0.3037109375 0.53564453125 0.208984375 0.1103515625
0 0.490234375 0.29248046875 0.140625 0.3095703125
0 0.48095703125 0.38134765625 0.1416015625 0.0673828125
0 0.47607421875 0.56298828125 0.2705078125 0.2822265625
0 0.48193359375 0.50048828125 0.1103515625 0.0947265625
0 0.51025390625 0.68798828125 0.1962890625 0.2392578125
0 0.4814453125 0.73876953125 0.21875 0.1376953125
0 0.560546875 0.7421875 0.19140625 0.15234375
0 0.826171875 0.8349609375 0.0390625 0.068359375
0 0.59912109375 0.82421875 0.0791015625 0.20703125
0 0.419921875 0.943359375 0.103515625 0.111328125
0 0.5576171875 0.97509765625 0.076171875 0.0478515625
0 0.7158203125 0.92578125 0.162109375 0.1484375
0 0.7294921875 0.927734375 0.087890625 0.14453125
0 0.80126953125 0.65234375 0.0986328125 0.287109375
0 0.67431640625 0.45849609375 0.1533203125 0.3681640625
0 0.728515625 0.19970703125 0.19921875 0.0673828125
0 0.662109375 0.36767578125 0.166015625 0.1455078125
0 0.67236328125 0.3310546875 0.1220703125 0.091796875
0 0.68408203125 0.078125 0.2392578125 0.15625
0 0.8515625 0.1494140625 0.12109375 0.060546875
0 0.7783203125 0.05859375 0.052734375 0.099609375
0 0.79443359375 0.2109375 0.0791015625 0.21484375
0 0.9453125 0.02197265625 0.046875 0.0439453125
0 0.9375 0.07666015625 0.123046875 0.1142578125
