0 0.0546875 0.88232421875 0.109375 0.1103515625
0 0.78076171875 0.8720703125 0.1025390625 0.10546875
0 0.96923828125 0.0615234375 0.0615234375 0.041015625
0 0.7158203125 0.1044921875 0.07421875 0.037109375
0 0.84375 0.5439453125 0.076171875 0.083984375
0 0.22119140625 0.27880859375 0.0810546875 0.0517578125
0 0.22998046875 0.40478515625 0.1181640625 0.0693359375
0 0.1083984375 0.02685546875 0.115234375 0.0537109375
0 0.15234375 0.8330078125 0.060546875 0.046875
0 0.1083984375 0.61474609375 0.080078125 0.0576171875
0 0.52099609375 0.51513671875 0.0654296875 0.0439453125
0 0.5087890625 0.765625 0.095703125 0.056640625
0 0.6484375 0.75537109375 0.0703125 0.0517578125
0 0.9013671875 0.73583984375 0.1015625 0.0439453125
0 0.52587890625 0.234375 0.0576171875 0.04296875
0 0.86279296875 0.794921875 0.1044921875 0.05859375
0 0.916015625 0.12109375 0.044921875 0.056640625
0 0.53564453125 0.0224609375 0.0927734375 0.044921875
