0 0.087890625 0.60498046875 0.08984375 0.0634765625
0 0.17919921875 0.36962890625 0.2314453125 0.1943359375
0 0.47509765625 0.04296875 0.0654296875 0.080078125
0 0.93798828125 0.61669921875 0.1201171875 0.1396484375
0 0.96044921875 0.15380859375 0.0791015625 0.0693359375
0 0.267578125 0.962890625 0.080078125 0.07421875
0 0.16748046875 0.9462890625 0.0791015625 0.0703125
0 0.33642578125 0.82373046875 0.0693359375 0.0654296875
0 0.90966796875 0.42138671875 0.1103515625 0.1337890625
0 0.64501953125 0.21435546875 0.1279296875 0.0771484375
0 0.84130859375 0.20166015625 0.0732421875 0.0595703125
0 0.6240234375 0.02978515625 0.087890625 0.0595703125
0 0.802734375 0.029296875 0.08203125 0.05859375
0 0.083984375 0.20556640625 0.09375 0.1298828125
0 0.7197265625 0.490234375 0.1171875 0.115234375
0 0.07470703125 0.44287109375 0.0673828125 0.0634765625
0 0.51123046875 0.11962890625 0.0654296875 0.0673828125
0 0.38671875 0.02880859375 0.0625 0.0576171875
0 0.75927734375 0.365234375 0.0693359375 0.08203125
0 0.2734375 0.05419921875 0.1484375 0.1083984375
0 0.67578125 0.11865234375 0.15234375 0.1005859375
0 0.8388671875 0.521484375 0.115234375 0.16015625
