0 0.17578125 0.869140625 0.171875 0.095703125
0 0.98193359375 0.08056640625 0.0341796875 0.0693359375
0 0.71533203125 0.5810546875 0.0537109375 0.041015625
0 0.97119140625 0.5625 0.0517578125 0.060546875
0 0.693359375 0.912109375 0.0390625 0.0703125
0 0.62548828125 0.85595703125 0.0595703125 0.0361328125
0 0.02294921875 0.6416015625 0.0458984375 0.048828125
0 0.416015625 0.3984375 0.09765625 0.06640625
0 0.41796875 0.9052734375 0.044921875 0.0625
0 0.14794921875 0.5068359375 0.0888671875 0.09375
0 0.71875 0.498046875 0.048828125 0.109375
0 0.50146484375 0.1435546875 0.0595703125 0.08203125
0 0.9716796875 0.6513671875 0.056640625 0.072265625
0 0.3447265625 0.97021484375 0.046875 0.0322265625
0 0.892578125 0.8505859375 0.037109375 0.0546875
0 0.33544921875 0.3046875 0.0458984375 0.064453125
0 0.30810546875 0.6103515625 0.0576171875 0.087890625
0 0.88671875 0.41162109375 0.033203125 0.0908203125
0 0.91943359375 0.89404296875 0.0458984375 0.0830078125
0 0.697265625 0.5126953125 0.029296875 0.05859375
0 0.158203125 0.27197265625 0.072265625 0.0498046875
0 0.087890625 0.55859375 0.109375 0.087890625
0 0.2158203125 0.9765625 0.087890625 0.04296875
0 0.36669921875 0.67138671875 0.0380859375 0.0322265625
0 0.79150390625 0.98095703125 0.0673828125 0.0380859375
0 0.7822265625 0.56103515625 0.03125 0.0634765625
0 0.2265625 0.6689453125 0.041015625 0.072265625
0 0.47021484375 0.92822265625 0.0478515625 0.0283203125
0 0.16552734375 0.37353515625 0.0927734375 0.0751953125
0 0.904296875 0.27880859375 0.083984375 0.0419921875
0 0.2724609375 0.33740234375 0.05859375 0.0673828125
0 0.44482421875 0.32275390625 0.0419921875 0.0654296875
0 0.96826171875 0.017578125 0.0634765625 0.033203125
0 0.7255859375 0.220703125 0.044921875 0.076171875
0 0.935546875 0.81689453125 0.080078125 0.0458984375
0 0.7392578125 0.50537109375 0.0390625 0.0947265625
0 0.3876953125 0.21240234375 0.052734375 0.0791015625
0 0.8466796875 0.662109375 0.0390625 0.046875
0 0.59326171875 0.181640625 0.0771484375 0.05078125
0 0.4970703125 0.6318359375 0.064453125 0.037109375
0 0.5341796875 0.52978515625 0.0390625 0.1025390625
0 0.2734375 0.70263671875 0.046875 0.0400390625
0 0.16748046875 0.45703125 0.0498046875 0.095703125
0 0.54248046875 0.37744140625 0.0478515625 0.0361328125
0 0.09033203125 0.087890625 0.0380859375 0.1328125
0 0.41796875 0.05419921875 0.04296875 0.0751953125
0 0.025390625 0.50439453125 0.048828125 0.0517578125
0 0.34423828125 0.85205078125 0.0341796875 0.0498046875
0 0.46337890625 0.7802734375 0.0458984375 0.078125
0 0.30029296875 0.4931640625 0.0654296875 0.0625
