0 0.05078125 0.0244140625 0.060546875 0.048828125
0 0.44677734375 0.04296875 0.0791015625 0.080078125
0 0.650390625 0.22998046875 0.076171875 0.0712890625
0 0.107421875 0.8349609375 0.068359375 0.091796875
0 0.67724609375 0.08544921875 0.0537109375 0.0595703125
0 0.1611328125 0.5322265625 0.08203125 0.109375
0 0.2265625 0.6904296875 0.07421875 0.078125
0 0.54052734375 0.5986328125 0.0908203125 0.083984375
0 0.0224609375 0.83935546875 0.044921875 0.0498046875
0 0.2060546875 0.81982421875 0.083984375 0.0615234375
0 0.50732421875 0.6318359375 0.0576171875 0.056640625
0 0.12109375 0.615234375 0.08984375 0.123046875
0 0.4287109375 0.708984375 0.048828125 0.08203125
0 0.96435546875 0.2216796875 0.0712890625 0.087890625
0 0.4560546875 0.171875 0.09375 0.111328125
0 0.189453125 0.375 0.099609375 0.125
0 0.3076171875 0.52490234375 0.12109375 0.2255859375
0 0.08251953125 0.64990234375 0.0849609375 0.1337890625
0 0.50146484375 0.72119140625 0.0869140625 0.0537109375
0 0.01318359375 0.1689453125 0.0263671875 0.10546875
0 0.20068359375 0.287109375 0.0986328125 0.095703125
0 0.01953125 0.482421875 0.0390625 0.08984375
0 0.3125 0.86474609375 0.15625 0.1904296875
0 0.12158203125 0.44873046875 0.1884765625 0.0849609375
0 0.099609375 0.3359375 0.083984375 0.1015625
0 0.619140625 0.83251953125 0.107421875 0.1357421875
0 0.51513671875 0.32568359375 0.1005859375 0.0751953125
0 0.80029296875 0.4453125 0.1552734375 0.103515625
0 0.63427734375 0.04345703125 0.0849609375 0.0576171875
0 0.818359375 0.369140625 0.1796875 0.103515625
0 0.88427734375 0.06787109375 0.1240234375 0.0712890625
0 0.07421875 0.271484375 0.0546875 0.056640625
0 0.04736328125 0.11474609375 0.0888671875 0.1083984375
0 0.9716796875 0.95654296875 0.056640625 0.0810546875
0 0.80810546875 0.8095703125 0.1572265625 0.087890625
0 0.7060546875 0.8994140625 0.08984375 0.08203125
0 0.18212890625 0.17919921875 0.0791015625 0.0537109375
0 0.5224609375 0.28271484375 0.111328125 0.0517578125
0 0.22412109375 0.236328125 0.0673828125 0.076171875
0 0.82470703125 0.5146484375 0.1650390625 0.111328125
0 0.86328125 0.94970703125 0.078125 0.0498046875
0 0.1650390625 0.0302734375 0.0703125 0.05859375
0 0.95947265625 0.69287109375 0.0693359375 0.1005859375
0 0.771484375 0.6494140625 0.0703125 0.0625
0 0.60888671875 0.31689453125 0.0634765625 0.0908203125
