0 0.65869140625 0.63916015625 0.0341796875 0.0341796875
0 0.29443359375 0.7568359375 0.0537109375 0.056640625
0 0.6328125 0.55126953125 0.046875 0.0791015625
0 0.248046875 0.6865234375 0.0625 0.044921875
0 0.51953125 0.53515625 0.060546875 0.04296875
0 0.2705078125 0.34716796875 0.044921875 0.0478515625
0 0.2470703125 0.4169921875 0.04296875 0.04296875
0 0.19140625 0.54052734375 0.0859375 0.0947265625
0 0.046875 0.1357421875 0.0625 0.056640625
0 0.14697265625 0.29736328125 0.0634765625 0.0458984375
0 0.14697265625 0.2236328125 0.0498046875 0.05859375
0 0.236328125 0.18603515625 0.076171875 0.0791015625
0 0.1201171875 0.1357421875 0.064453125 0.041015625
0 0.26171875 0.12109375 0.03515625 0.0546875
0 0.0341796875 0.4462890625 0.0390625 0.037109375
0 0.80615234375 0.08544921875 0.0517578125 0.0771484375
0 0.615234375 0.10302734375 0.134765625 0.0615234375
0 0.4697265625 0.0693359375 0.087890625 0.044921875
0 0.4306640625 0.1767578125 0.052734375 0.044921875
0 0.615234375 0.1630859375 0.064453125 0.041015625
0 0.7529296875 0.17529296875 0.03515625 0.0419921875
0 0.87841796875 0.20654296875 0.0576171875 0.0517578125
0 0.65380859375 0.2060546875 0.0400390625 0.064453125
0 0.63671875 0.265625 0.0703125 0.06640625
0 0.38427734375 0.302734375 0.0615234375 0.044921875
0 0.49658203125 0.298828125 0.0419921875 0.044921875
0 0.7646484375 0.2529296875 0.056640625 0.052734375
0 0.71044921875 0.31787109375 0.0498046875 0.0380859375
0 0.84912109375 0.3408203125 0.0537109375 0.080078125
0 0.78515625 0.38525390625 0.052734375 0.0537109375
0 0.876953125 0.41796875 0.052734375 0.048828125
0 0.53076171875 0.3955078125 0.1064453125 0.048828125
0 0.75 0.60546875 0.029296875 0.0390625
0 0.783203125 0.5947265625 0.05078125 0.052734375
0 0.86572265625 0.6171875 0.0615234375 0.0390625
0 0.880859375 0.63818359375 0.107421875 0.0634765625
0 0.794921875 0.6591796875 0.056640625 0.03125
0 0.71728515625 0.6962890625 0.0498046875 0.037109375
0 0.4794921875 0.67236328125 0.060546875 0.0791015625
0 0.56201171875 0.77783203125 0.0341796875 0.0498046875
0 0.72216796875 0.7919921875 0.0498046875 0.037109375
0 0.80419921875 0.74072265625 0.0556640625 0.0439453125
0 0.92724609375 0.73388671875 0.0654296875 0.0810546875
0 0.41845703125 0.8359375 0.0419921875 0.04296875
0 0.89794921875 0.9111328125 0.0712890625 0.076171875
0 0.81884765625 0.94775390625 0.0830078125 0.0830078125
0 0.65771484375 0.8662109375 0.0439453125 0.064453125
0 0.5771484375 0.92236328125 0.1015625 0.0986328125
0 0.17236328125 0.71240234375 0.0458984375 0.0439453125
0 0.25634765625 0.904296875 0.0458984375 0.05078125
0 0.09765625 0.87548828125 0.04296875 0.0537109375
0 0.0576171875 0.8212890625 0.0390625 0.072265625
0 0.05712890625 0.77392578125 0.0927734375 0.0458984375
0 0.08056640625 0.67822265625 0.0595703125 0.0537109375
0 0.04443359375 0.6474609375 0.0673828125 0.037109375
0 0.35498046875 0.521484375 0.0458984375 0.048828125
0 0.416015625 0.4521484375 0.060546875 0.0625
0 0.07763671875 0.0830078125 0.0380859375 0.03515625
0 0.0546875 0.37939453125 0.087890625 0.0361328125
0 0.04638671875 0.32470703125 0.0712890625 0.0927734375
0 0.7978515625 0.666015625 0.056640625 0.048828125
0 0.58740234375 0.84228515625 0.0283203125 0.0244140625
0 0.8671875 0.10595703125 0.03515625 0.0439453125
0 0.60400390625 0.7265625 0.0478515625 0.048828125
0 0.15380859375 0.46728515625 0.0537109375 0.0400390625
0 0.6044921875 0.5419921875 0.04296875 0.037109375
0 0.04150390625 0.0634765625 0.0302734375 0.04296875
