0 0.82763671875 0.16650390625 0.0908203125 0.0576171875
0 0.06103515625 0.681640625 0.0849609375 0.087890625
0 0.95263671875 0.19873046875 0.0595703125 0.0458984375
0 0.8466796875 0.52001953125 0.15234375 0.1025390625
0 0.2783203125 0.71435546875 0.08984375 0.0654296875
0 0.37646484375 0.625 0.0693359375 0.0703125
0 0.7431640625 0.6083984375 0.07421875 0.0546875
0 0.9736328125 0.625 0.052734375 0.044921875
0 0.7744140625 0.7998046875 0.0546875 0.041015625
0 0.22802734375 0.64599609375 0.0947265625 0.0751953125
0 0.146484375 0.7529296875 0.0703125 0.05859375
0 0.8486328125 0.2041015625 0.0546875 0.060546875
0 0.42724609375 0.279296875 0.1083984375 0.091796875
0 0.76025390625 0.1484375 0.0849609375 0.05859375
0 0.408203125 0.15380859375 0.103515625 0.0732421875
0 0.04736328125 0.02392578125 0.0947265625 0.0478515625
0 0.12353515625 0.96630859375 0.1083984375 0.0673828125
0 0.87353515625 0.42919921875 0.0751953125 0.0615234375
0 0.2109375 0.8134765625 0.078125 0.072265625
0 0.30859375 0.0791015625 0.072265625 0.11328125
0 0.84521484375 0.3955078125 0.0732421875 0.056640625
0 0.7451171875 0.69677734375 0.072265625 0.0439453125
0 0.904296875 0.83251953125 0.064453125 0.0634765625
0 0.64794921875 0.6630859375 0.0693359375 0.080078125
0 0.076171875 0.48876953125 0.107421875 0.0810546875
0 0.2822265625 0.2900390625 0.08203125 0.072265625
0 0.0908203125 0.5517578125 0.056640625 0.07421875
0 0.8818359375 0.3447265625 0.11328125 0.056640625
0 0.81103515625 0.77001953125 0.1416015625 0.0615234375
0 0.5263671875 0.83251953125 0.134765625 0.0615234375
0 0.3935546875 0.328125 0.095703125 0.0859375
0 0.9052734375 0.61181640625 0.1015625 0.0576171875
0 0.8857421875 0.3828125 0.09375 0.052734375
0 0.4775390625 0.58154296875 0.060546875 0.0771484375
0 0.017578125 0.22998046875 0.03515625 0.0947265625
0 0.693359375 0.3349609375 0.052734375 0.06640625
0 0.2216796875 0.1494140625 0.06640625 0.07421875
0 0.75146484375 0.3544921875 0.0751953125 0.078125
0 0.97802734375 0.66064453125 0.0439453125 0.0380859375
0 0.654296875 0.5947265625 0.08984375 0.087890625
0 0.33935546875 0.833984375 0.0673828125 0.10546875
0 0.60888671875 0.9638671875 0.0927734375 0.056640625
0 0.02294921875 0.71240234375 0.0458984375 0.0634765625
