0 0.9130859375 0.06005859375 0.111328125 0.1201171875
0 0.86279296875 0.06591796875 0.0986328125 0.1025390625
0 0.8818359375 0.14306640625 0.0703125 0.0771484375
0 0.73486328125 0.1572265625 0.0869140625 0.130859375
0 0.71484375 0.08203125 0.05078125 0.083984375
0 0.70947265625 0.291015625 0.0673828125 0.078125
0 0.73388671875 0.248046875 0.0498046875 0.044921875
0 0.6806640625 0.24462890625 0.064453125 0.0654296875
0 0.6728515625 0.2900390625 0.0546875 0.078125
0 0.65673828125 0.185546875 0.0673828125 0.07421875
0 0.5498046875 0.154296875 0.07421875 0.0703125
0 0.55908203125 0.0556640625 0.0595703125 0.06640625
0 0.439453125 0.36376953125 0.07421875 0.0517578125
0 0.58056640625 0.4404296875 0.0576171875 0.056640625
0 0.4794921875 0.4267578125 0.0703125 0.064453125
0 0.35888671875 0.388671875 0.0732421875 0.060546875
0 0.29541015625 0.25439453125 0.0712890625 0.0615234375
0 0.23974609375 0.291015625 0.0634765625 0.08984375
0 0.16943359375 0.01953125 0.0595703125 0.0390625
0 0.09716796875 0.11767578125 0.0712890625 0.0849609375
0 0.10546875 0.3974609375 0.078125 0.0703125
0 0.18359375 0.37353515625 0.083984375 0.0849609375
0 0.0654296875 0.2705078125 0.0859375 0.087890625
0 0.05810546875 0.21484375 0.1025390625 0.0703125
0 0.216796875 0.62646484375 0.064453125 0.0517578125
0 0.47021484375 0.60009765625 0.0654296875 0.0576171875
0 0.1259765625 0.728515625 0.06640625 0.068359375
0 0.0537109375 0.6875 0.064453125 0.06640625
0 0.02294921875 0.59521484375 0.0458984375 0.0478515625
0 0.35400390625 0.9873046875 0.0302734375 0.025390625
0 0.578125 0.95166015625 0.0859375 0.0966796875
0 0.5087890625 0.9775390625 0.060546875 0.044921875
0 0.6025390625 0.70166015625 0.046875 0.0419921875
0 0.81103515625 0.72998046875 0.0439453125 0.0458984375
0 0.822265625 0.875 0.0546875 0.0390625
0 0.7490234375 0.84423828125 0.04296875 0.0361328125
0 0.724609375 0.96435546875 0.037109375 0.0498046875
0 0.82763671875 0.97216796875 0.0927734375 0.0556640625
0 0.80908203125 0.642578125 0.0615234375 0.0546875
0 0.787109375 0.59130859375 0.05859375 0.0869140625
0 0.68115234375 0.595703125 0.0380859375 0.05859375
0 0.64208984375 0.61669921875 0.0283203125 0.0302734375
0 0.685546875 0.9189453125 0.025390625 0.04296875
0 0.93408203125 0.7392578125 0.0615234375 0.0546875
0 0.87060546875 0.5751953125 0.1337890625 0.07421875
0 0.740234375 0.63037109375 0.064453125 0.0576171875
0 0.7666015625 0.54248046875 0.05859375 0.0576171875
0 0.7197265625 0.52294921875 0.06640625 0.0556640625
0 0.97607421875 0.49365234375 0.0458984375 0.1376953125
0 0.89013671875 0.91455078125 0.0947265625 0.0732421875
0 0.00830078125 0.41650390625 0.0166015625 0.0341796875
0 0.0830078125 0.3525390625 0.05859375 0.044921875
0 0.63525390625 0.2392578125 0.0615234375 0.0625
0 0.93896484375 0.46875 0.0244140625 0.029296875
0 0.96630859375 0.923828125 0.0673828125 0.080078125
0 0.5927734375 0.01220703125 0.1015625 0.0244140625
0 0.4755859375 0.005859375 0.12890625 0.01171875
0 0.16650390625 0.349609375 0.1162109375 0.10546875
0 0.90087890625 0.95068359375 0.0830078125 0.0322265625
0 0.978515625 0.90087890625 0.04296875 0.0341796875
0 0.017578125 0.21435546875 0.03515625 0.0361328125
0 0.853515625 0.99462890625 0.041015625 0.0107421875
