0 0.9833984375 0.09375 0.03125 0.08203125
0 0.9384765625 0.03369140625 0.048828125 0.0673828125
0 0.91796875 0.06396484375 0.046875 0.0615234375
0 0.9111328125 0.30908203125 0.03125 0.0400390625
0 0.90966796875 0.32470703125 0.0439453125 0.0341796875
0 0.86474609375 0.24755859375 0.0654296875 0.0458984375
0 0.80322265625 0.25830078125 0.1044921875 0.1142578125
0 0.740234375 0.16455078125 0.076171875 0.0791015625
0 0.83203125 0.2998046875 0.05859375 0.087890625
0 0.94970703125 0.423828125 0.0517578125 0.076171875
0 0.85986328125 0.38037109375 0.1455078125 0.0966796875
0 0.78515625 0.22119140625 0.078125 0.0478515625
0 0.763671875 0.38134765625 0.0625 0.0634765625
0 0.5439453125 0.080078125 0.0703125 0.072265625
0 0.6689453125 0.17333984375 0.0859375 0.1123046875
0 0.47900390625 0.0947265625 0.0869140625 0.12109375
0 0.96435546875 0.5771484375 0.0634765625 0.060546875
0 0.95166015625 0.8115234375 0.0341796875 0.041015625
0 0.86279296875 0.90234375 0.0439453125 0.0625
0 0.93701171875 0.9560546875 0.0341796875 0.037109375
0 0.9833984375 0.9931640625 0.01953125 0.013671875
0 0.57080078125 0.80078125 0.0361328125 0.0546875
0 0.75390625 0.68115234375 0.130859375 0.0634765625
0 0.50634765625 0.943359375 0.0634765625 0.06640625
0 0.544921875 0.89599609375 0.068359375 0.0517578125
0 0.640625 0.83154296875 0.0859375 0.0947265625
0 0.1728515625 0.68017578125 0.212890625 0.0556640625
0 0.59423828125 0.451171875 0.1396484375 0.1328125
0 0.52978515625 0.55029296875 0.0673828125 0.0556640625
0 0.34912109375 0.3525390625 0.0517578125 0.0859375
0 0.36181640625 0.220703125 0.0478515625 0.052734375
0 0.349609375 0.5947265625 0.060546875 0.068359375
0 0.29296875 0.41748046875 0.03515625 0.0654296875
0 0.193359375 0.60400390625 0.0546875 0.0517578125
0 0.23876953125 0.5498046875 0.0458984375 0.056640625
0 0.2216796875 0.4697265625 0.080078125 0.046875
0 0.16943359375 0.5263671875 0.0556640625 0.052734375
0 0.08349609375 0.46484375 0.0595703125 0.09375
0 0.1171875 0.14111328125 0.078125 0.0615234375
0 0.2626953125 0.0986328125 0.037109375 0.125
0 0.1005859375 0.23193359375 0.091796875 0.0576171875
0 0.0625 0.193359375 0.05859375 0.052734375
0 0.43310546875 0.3125 0.0556640625 0.072265625
0 0.029296875 0.693359375 0.05859375 0.05859375
0 0.7177734375 0.92529296875 0.05859375 0.0830078125
0 0.671875 0.9052734375 0.048828125 0.056640625
0 0.72021484375 0.8681640625 0.1005859375 0.07421875
0 0.7890625 0.83984375 0.05859375 0.064453125
0 0.875 0.59521484375 0.083984375 0.1572265625
0 0.515625 0.69775390625 0.029296875 0.0537109375
0 0.4677734375 0.70361328125 0.1015625 0.0634765625
0 0.46875 0.81591796875 0.048828125 0.0732421875
0 0.39111328125 0.77734375 0.0791015625 0.07421875
0 0.4150390625 0.84375 0.10546875 0.0625
0 0.443359375 0.8828125 0.046875 0.03125
0 0.33837890625 0.9482421875 0.0361328125 0.037109375
0 0.2919921875 0.6533203125 0.052734375 0.04296875
0 0.16357421875 0.75341796875 0.0478515625 0.1083984375
0 0.89404296875 0.51806640625 0.0498046875 0.0419921875
0 0.84033203125 0.46484375 0.0537109375 0.099609375
0 0.26416015625 0.466796875 0.0283203125 0.064453125
0 0.46142578125 0.4541015625 0.0751953125 0.10546875
0 0.4453125 0.39013671875 0.04296875 0.0322265625
0 0.49658203125 0.40478515625 0.0634765625 0.1298828125
0 0.55615234375 0.38134765625 0.0380859375 0.0478515625
0 0.6064453125 0.37646484375 0.046875 0.0810546875
0 0.60986328125 0.3037109375 0.0244140625 0.046875
0 0.56640625 0.26318359375 0.064453125 0.1357421875
0 0.5302734375 0.30517578125 0.07421875 0.0947265625
0 0.5029296875 0.2314453125 0.064453125 0.08984375
0 0.52294921875 0.169921875 0.0400390625 0.04296875
0 0.24462890625 0.19873046875 0.0595703125 0.0693359375
0 0.24169921875 0.2783203125 0.0361328125 0.08203125
0 0.20751953125 0.40869140625 0.0537109375 0.0498046875
0 0.1787109375 0.419921875 0.072265625 0.07421875
0 0.17138671875 0.3525390625 0.0595703125 0.05859375
0 0.23828125 0.3720703125 0.05859375 0.1015625
0 0.205078125 0.318359375 0.0390625 0.05078125
0 0.5947265625 0.07763671875 0.0390625 0.0849609375
0 0.62109375 0.123046875 0.044921875 0.06640625
0 0.04833984375 0.3271484375 0.0849609375 0.07421875
0 0.1826171875 0.15283203125 0.06640625 0.0556640625
0 0.31201171875 0.056640625 0.0791015625 0.11328125
0 0.22314453125 0.01953125 0.0947265625 0.0390625
0 0.16064453125 0.04833984375 0.0654296875 0.0966796875
0 0.06298828125 0.03271484375 0.1259765625 0.0654296875
0 0.0966796875 0.07470703125 0.068359375 0.0517578125
0 0.1787109375 0.10107421875 0.041015625 0.0224609375
0 0.02783203125 0.3486328125 0.0556640625 0.068359375
0 0.029296875 0.392578125 0.05859375 0.01953125
0 0.03515625 0.4560546875 0.04296875 0.076171875
0 0.01123046875 0.51708984375 0.0224609375 0.0791015625
0 0.0712890625 0.53369140625 0.0625 0.0751953125
0 0.15625 0.83544921875 0.064453125 0.0673828125
0 0.10986328125 0.8037109375 0.0595703125 0.078125
0 0.0615234375 0.86376953125 0.111328125 0.0517578125
0 0.08740234375 0.9248046875 0.0673828125 0.064453125
0 0.02685546875 0.9111328125 0.0537109375 0.087890625
0 0.04736328125 0.974609375 0.0673828125 0.05078125
0 0.3349609375 0.99462890625 0.017578125 0.0107421875
0 0.58251953125 0.98388671875 0.0244140625 0.0263671875
