0 0.09814453125 0.77880859375 0.0986328125 0.0439453125
0 0.951171875 0.96044921875 0.06640625 0.0751953125
0 0.25439453125 0.30615234375 0.0361328125 0.0400390625
0 0.82421875 0.6416015625 0.123046875 0.06640625
0 0.83154296875 0.84521484375 0.0517578125 0.0947265625
0 0.2607421875 0.56884765625 0.076171875 0.0888671875
0 0.86767578125 0.7958984375 0.0810546875 0.0625
0 0.17236328125 0.3095703125 0.0712890625 0.044921875
0 0.32470703125 0.39404296875 0.0556640625 0.0498046875
0 0.9287109375 0.08154296875 0.072265625 0.1201171875
0 0.8671875 0.02197265625 0.1015625 0.0439453125
0 0.74267578125 0.75341796875 0.1435546875 0.0771484375
0 0.59716796875 0.9873046875 0.0732421875 0.021484375
0 0.5126953125 0.5322265625 0.0703125 0.09375
0 0.63427734375 0.017578125 0.0751953125 0.03515625
0 0.984375 0.67236328125 0.029296875 0.0380859375
0 0.24462890625 0.22900390625 0.0673828125 0.0517578125
0 0.23583984375 0.708984375 0.0576171875 0.044921875
0 0.1572265625 0.337890625 0.126953125 0.052734375
0 0.5947265625 0.82275390625 0.103515625 0.1494140625
0 0.15771484375 0.83740234375 0.0751953125 0.0693359375
0 0.6162109375 0.7314453125 0.072265625 0.078125
0 0.3154296875 0.78271484375 0.111328125 0.0537109375
0 0.29736328125 0.49169921875 0.0791015625 0.0498046875
0 0.93115234375 0.453125 0.0576171875 0.076171875
0 0.3125 0.5888671875 0.03125 0.056640625
0 0.5087890625 0.65771484375 0.060546875 0.0927734375
0 0.52099609375 0.01611328125 0.0380859375 0.0322265625
0 0.43310546875 0.32275390625 0.0615234375 0.0419921875
0 0.19873046875 0.26416015625 0.0400390625 0.0283203125
0 0.6318359375 0.18408203125 0.087890625 0.0791015625
0 0.21875 0.41162109375 0.1171875 0.0654296875
0 0.45556640625 0.18505859375 0.0517578125 0.0908203125
0 0.630859375 0.0966796875 0.115234375 0.087890625
0 0.97119140625 0.4375 0.0458984375 0.04296875
0 0.9794921875 0.88427734375 0.041015625 0.1474609375
0 0.51318359375 0.1142578125 0.0712890625 0.05078125
0 0.06787109375 0.01806640625 0.0771484375 0.0361328125
0 0.16064453125 0.2001953125 0.0517578125 0.056640625
0 0.55615234375 0.72021484375 0.0615234375 0.0673828125
0 0.9248046875 0.6015625 0.09765625 0.046875
0 0.88720703125 0.8935546875 0.0810546875 0.046875
0 0.68017578125 0.64208984375 0.0751953125 0.0439453125
0 0.2880859375 0.91552734375 0.095703125 0.0673828125
0 0.69091796875 0.56787109375 0.0712890625 0.1025390625
0 0.34521484375 0.5546875 0.0654296875 0.078125
0 0.3681640625 0.73388671875 0.123046875 0.0712890625
0 0.46875 0.8779296875 0.0390625 0.041015625
