0 0.27978515625 0.142578125 0.0556640625 0.056640625
0 0.45654296875 0.744140625 0.0673828125 0.056640625
0 0.3203125 0.7265625 0.041015625 0.05078125
0 0.689453125 0.8310546875 0.072265625 0.041015625
0 0.57177734375 0.443359375 0.0576171875 0.076171875
0 0.974609375 0.50439453125 0.033203125 0.0693359375
0 0.72119140625 0.966796875 0.0439453125 0.04296875
0 0.70751953125 0.76513671875 0.0654296875 0.0400390625
0 0.13330078125 0.09130859375 0.0419921875 0.0498046875
0 0.4296875 0.03515625 0.046875 0.0703125
0 0.53271484375 0.75390625 0.0537109375 0.046875
0 0.251953125 0.701171875 0.068359375 0.08203125
0 0.60791015625 0.79345703125 0.0986328125 0.1259765625
0 0.10302734375 0.60205078125 0.0380859375 0.0576171875
0 0.16650390625 0.30859375 0.0615234375 0.0703125
0 0.67724609375 0.45703125 0.0400390625 0.048828125
0 0.0126953125 0.6650390625 0.025390625 0.041015625
0 0.853515625 0.55517578125 0.08203125 0.0458984375
0 0.43359375 0.212890625 0.05859375 0.037109375
0 0.91162109375 0.900390625 0.0419921875 0.0625
0 0.10791015625 0.73828125 0.0419921875 0.046875
0 0.6806640625 0.5107421875 0.046875 0.056640625
0 0.72900390625 0.85546875 0.0556640625 0.06640625
0 0.880859375 0.79736328125 0.064453125 0.0732421875
0 0.76904296875 0.564453125 0.0478515625 0.083984375
0 0.10302734375 0.81298828125 0.0576171875 0.0576171875
0 0.837890625 0.69775390625 0.06640625 0.0498046875
0 0.36962890625 0.54150390625 0.0400390625 0.0341796875
0 0.82763671875 0.87646484375 0.0673828125 0.0830078125
0 0.88916015625 0.1904296875 0.0615234375 0.0703125
0 0.5712890625 0.5234375 0.06640625 0.060546875
0 0.8720703125 0.52587890625 0.060546875 0.0634765625
0 0.04052734375 0.6259765625 0.0810546875 0.080078125
0 0.68603515625 0.61962890625 0.0458984375 0.0419921875
0 0.2294921875 0.90478515625 0.080078125 0.0927734375
0 0.98681640625 0.53076171875 0.0263671875 0.0693359375
0 0.638671875 0.03076171875 0.048828125 0.0615234375
0 0.52001953125 0.13720703125 0.0458984375 0.0771484375
0 0.97509765625 0.1298828125 0.0478515625 0.0546875
0 0.826171875 0.4306640625 0.068359375 0.048828125
0 0.40234375 0.72412109375 0.041015625 0.0712890625
0 0.505859375 0.44775390625 0.083984375 0.1044921875
0 0.1015625 0.95361328125 0.056640625 0.0439453125
0 0.45361328125 0.5302734375 0.0419921875 0.037109375
0 0.5830078125 0.19580078125 0.037109375 0.0615234375
0 0.46044921875 0.48095703125 0.0712890625 0.0634765625
0 0.0869140625 0.5732421875 0.083984375 0.048828125
0 0.66162109375 0.236328125 0.0576171875 0.05078125
