0 0.09130859375 0.0625 0.0439453125 0.0859375
0 0.05322265625 0.1669921875 0.0810546875 0.115234375
0 0.109375 0.20947265625 0.060546875 0.0888671875
0 0.078125 0.4375 0.072265625 0.060546875
0 0.09033203125 0.34228515625 0.0732421875 0.1396484375
0 0.13818359375 0.3203125 0.0341796875 0.119140625
0 0.21435546875 0.2890625 0.0595703125 0.0703125
0 0.2578125 0.17041015625 0.048828125 0.0693359375
0 0.2666015625 0.35595703125 0.076171875 0.0830078125
0 0.28662109375 0.4580078125 0.0556640625 0.068359375
0 0.2451171875 0.47705078125 0.064453125 0.0869140625
0 0.3876953125 0.46435546875 0.072265625 0.0947265625
0 0.29541015625 0.1025390625 0.0908203125 0.0625
0 0.3896484375 0.06591796875 0.068359375 0.0361328125
0 0.4228515625 0.2001953125 0.02734375 0.05859375
0 0.4619140625 0.205078125 0.037109375 0.04296875
0 0.49951171875 0.2333984375 0.0537109375 0.09765625
0 0.4794921875 0.36572265625 0.048828125 0.0869140625
0 0.515625 0.375 0.0390625 0.0703125
0 0.67431640625 0.25439453125 0.1337890625 0.1181640625
0 0.56591796875 0.423828125 0.0771484375 0.07421875
0 0.66845703125 0.45458984375 0.0458984375 0.0419921875
0 0.53466796875 0.06591796875 0.0498046875 0.0654296875
0 0.3369140625 0.0244140625 0.091796875 0.048828125
0 0.57080078125 0.02880859375 0.0615234375 0.0576171875
0 0.58349609375 0.1259765625 0.0498046875 0.06640625
0 0.6015625 0.07861328125 0.087890625 0.0380859375
0 0.7412109375 0.0859375 0.09765625 0.060546875
0 0.6298828125 0.37158203125 0.103515625 0.0595703125
0 0.74267578125 0.01171875 0.0419921875 0.0234375
0 0.810546875 0.01904296875 0.052734375 0.0380859375
0 0.8994140625 0.04638671875 0.05859375 0.0927734375
0 0.96240234375 0.09765625 0.0712890625 0.072265625
0 0.85498046875 0.1796875 0.0322265625 0.044921875
0 0.9033203125 0.18896484375 0.05859375 0.0361328125
0 0.98681640625 0.19482421875 0.0263671875 0.0361328125
0 0.94970703125 0.2587890625 0.0966796875 0.08984375
0 0.83154296875 0.4755859375 0.0693359375 0.189453125
0 0.943359375 0.51611328125 0.07421875 0.0400390625
0 0.83056640625 0.5107421875 0.1259765625 0.111328125
0 0.97412109375 0.77099609375 0.0517578125 0.0517578125
0 0.74609375 0.6376953125 0.083984375 0.0703125
0 0.59521484375 0.705078125 0.0791015625 0.07421875
0 0.517578125 0.80517578125 0.056640625 0.0478515625
0 0.46728515625 0.6181640625 0.0634765625 0.083984375
0 0.517578125 0.505859375 0.0546875 0.05078125
0 0.47607421875 0.546875 0.0595703125 0.0546875
0 0.9853515625 0.8232421875 0.029296875 0.033203125
0 0.92822265625 0.85595703125 0.0927734375 0.0693359375
0 0.529296875 0.921875 0.044921875 0.0703125
0 0.89501953125 0.9873046875 0.0595703125 0.025390625
0 0.81689453125 0.99072265625 0.0634765625 0.0185546875
0 0.1875 0.462890625 0.02734375 0.04296875
0 0.25439453125 0.57861328125 0.0517578125 0.0341796875
0 0.36279296875 0.56787109375 0.0810546875 0.0634765625
0 0.14111328125 0.53564453125 0.1044921875 0.0830078125
0 0.2109375 0.63232421875 0.064453125 0.0439453125
0 0.1083984375 0.66748046875 0.068359375 0.0810546875
0 0.14892578125 0.74072265625 0.0849609375 0.0439453125
0 0.3486328125 0.61474609375 0.078125 0.0673828125
0 0.259765625 0.6953125 0.15234375 0.1484375
0 0.0419921875 0.611328125 0.083984375 0.11328125
0 0.0380859375 0.712890625 0.072265625 0.07421875
0 0.28662109375 0.89404296875 0.0517578125 0.0693359375
0 0.1806640625 0.9365234375 0.072265625 0.078125
0 0.30810546875 0.982421875 0.0986328125 0.03515625
0 0.01708984375 0.89013671875 0.0341796875 0.0498046875
0 0.0703125 0.9853515625 0.125 0.02734375
0 0.25 0.94677734375 0.046875 0.0439453125
0 0.87060546875 0.01416015625 0.0498046875 0.0283203125
0 0.6396484375 0.615234375 0.0390625 0.05859375
0 0.818359375 0.3349609375 0.03125 0.04296875
0 0.99365234375 0.93798828125 0.0126953125 0.0263671875
0 0.60791015625 0.35986328125 0.0908203125 0.0849609375
0 0.451171875 0.01416015625 0.025390625 0.0283203125
0 0.9072265625 0.32763671875 0.099609375 0.0830078125
0 0.73828125 0.69140625 0.068359375 0.05078125
0 0.97802734375 0.7119140625 0.0439453125 0.05859375
0 0.55224609375 0.77734375 0.0634765625 0.0546875
0 0.49365234375 0.2939453125 0.0439453125 0.0546875
0 0.04541015625 0.568359375 0.0595703125 0.056640625
