0 0.25634765625 0.49853515625 0.0595703125 0.0673828125
0 0.2392578125 0.78759765625 0.0703125 0.0458984375
0 0.935546875 0.97998046875 0.052734375 0.0400390625
0 0.72216796875 0.45703125 0.0849609375 0.076171875
0 0.638671875 0.75244140625 0.068359375 0.0537109375
0 0.111328125 0.70849609375 0.048828125 0.0869140625
0 0.49755859375 0.71484375 0.0947265625 0.046875
0 0.96484375 0.3662109375 0.0703125 0.056640625
0 0.02392578125 0.19140625 0.0439453125 0.052734375
0 0.513671875 0.52197265625 0.09765625 0.0615234375
0 0.78466796875 0.39990234375 0.0595703125 0.0693359375
0 0.2197265625 0.9521484375 0.0625 0.09375
0 0.44189453125 0.64892578125 0.0927734375 0.1162109375
0 0.07275390625 0.94970703125 0.0615234375 0.1005859375
0 0.6171875 0.056640625 0.09375 0.103515625
0 0.9052734375 0.58740234375 0.15234375 0.1533203125
0 0.28564453125 0.181640625 0.1103515625 0.08984375
0 0.96728515625 0.546875 0.0615234375 0.162109375
0 0.9716796875 0.43212890625 0.056640625 0.0712890625
0 0.53076171875 0.17333984375 0.0966796875 0.0908203125
0 0.859375 0.703125 0.109375 0.083984375
0 0.6328125 0.45703125 0.111328125 0.083984375
0 0.73974609375 0.54345703125 0.0751953125 0.0576171875
0 0.55517578125 0.63037109375 0.1806640625 0.1064453125
0 0.03466796875 0.515625 0.0693359375 0.0625
0 0.54150390625 0.03076171875 0.0595703125 0.0615234375
0 0.916015625 0.111328125 0.16796875 0.060546875
0 0.91455078125 0.681640625 0.0986328125 0.052734375
0 0.57080078125 0.837890625 0.0771484375 0.13671875
0 0.091796875 0.6513671875 0.091796875 0.130859375
0 0.4609375 0.22509765625 0.05859375 0.0537109375
0 0.68798828125 0.96337890625 0.0537109375 0.0732421875
0 0.60302734375 0.5634765625 0.0927734375 0.09375
0 0.33349609375 0.19287109375 0.0419921875 0.0810546875
0 0.7724609375 0.79248046875 0.18359375 0.0908203125
0 0.25146484375 0.5849609375 0.0380859375 0.064453125
0 0.11083984375 0.21337890625 0.1357421875 0.0673828125
0 0.69140625 0.2587890625 0.095703125 0.1171875
0 0.060546875 0.83642578125 0.12109375 0.1845703125
0 0.4189453125 0.87255859375 0.1015625 0.0732421875
0 0.48193359375 0.15869140625 0.0849609375 0.0517578125
0 0.1845703125 0.5712890625 0.0625 0.08203125
0 0.76220703125 0.044921875 0.0810546875 0.08984375
0 0.26025390625 0.35986328125 0.1533203125 0.0595703125
0 0.54931640625 0.4755859375 0.0791015625 0.126953125
0 0.65087890625 0.86328125 0.0830078125 0.09765625
0 0.20361328125 0.03662109375 0.1572265625 0.0556640625
0 0.6162109375 0.31787109375 0.060546875 0.0634765625
0 0.03271484375 0.2705078125 0.0654296875 0.14453125
0 0.23046875 0.21826171875 0.189453125 0.1416015625
0 0.80712890625 0.046875 0.0634765625 0.052734375
0 0.638671875 0.94091796875 0.1015625 0.0556640625
0 0.1025390625 0.83935546875 0.083984375 0.1298828125
