0 0.7861328125 0.8447265625 0.029296875 0.10546875
0 0.98291015625 0.81982421875 0.0341796875 0.0556640625
0 0.87890625 0.52978515625 0.052734375 0.1259765625
0 0.7431640625 0.55712890625 0.04296875 0.0966796875
0 0.763671875 0.60693359375 0.041015625 0.1044921875
0 0.6484375 0.587890625 0.0859375 0.095703125
0 0.38671875 0.71142578125 0.041015625 0.0966796875
0 0.2119140625 0.82861328125 0.037109375 0.0419921875
0 0.52880859375 0.546875 0.0576171875 0.162109375
0 0.50732421875 0.357421875 0.0341796875 0.091796875
0 0.451171875 0.37744140625 0.04296875 0.1064453125
0 0.46435546875 0.46728515625 0.0498046875 0.0927734375
0 0.33544921875 0.4462890625 0.0302734375 0.060546875
0 0.78369140625 0.36669921875 0.1025390625 0.1533203125
0 0.71435546875 0.2314453125 0.1005859375 0.203125
0 0.96240234375 0.45849609375 0.0400390625 0.1044921875
0 0.9853515625 0.43310546875 0.029296875 0.1318359375
0 0.92333984375 0.41943359375 0.0498046875 0.1064453125
0 0.89404296875 0.3828125 0.0400390625 0.09375
0 0.86328125 0.39990234375 0.0625 0.0830078125
0 0.02783203125 0.658203125 0.0556640625 0.02734375
0 0.02685546875 0.57958984375 0.0537109375 0.0537109375
0 0.12890625 0.98828125 0.056640625 0.0234375
0 0.35107421875 0.04638671875 0.0439453125 0.0927734375
0 0.52099609375 0.033203125 0.0419921875 0.0625
0 0.41796875 0.08447265625 0.025390625 0.0732421875
0 0.2861328125 0.037109375 0.03515625 0.07421875
0 0.21484375 0.056640625 0.037109375 0.11328125
0 0.14990234375 0.0771484375 0.0478515625 0.115234375
0 0.12548828125 0.21728515625 0.0400390625 0.1103515625
0 0.02880859375 0.1953125 0.0576171875 0.15234375
0 0.09228515625 0.03271484375 0.0400390625 0.0654296875
0 0.0751953125 0.12451171875 0.0390625 0.1376953125
0 0.0234375 0.04833984375 0.044921875 0.0966796875
0 0.7314453125 0.0576171875 0.02734375 0.107421875
0 0.37548828125 0.19189453125 0.0205078125 0.1025390625
0 0.294921875 0.912109375 0.044921875 0.029296875
0 0.19580078125 0.77734375 0.0283203125 0.087890625
0 0.01904296875 0.9873046875 0.0380859375 0.025390625
0 0.10791015625 0.12109375 0.0380859375 0.171875
0 0.0380859375 0.38525390625 0.076171875 0.0283203125
0 0.1650390625 0.24462890625 0.02734375 0.0830078125
0 0.98095703125 0.14697265625 0.0380859375 0.0966796875
0 0.416015625 0.3779296875 0.046875 0.173828125
0 0.3876953125 0.6279296875 0.103515625 0.12890625
0 0.79931640625 0.12890625 0.0361328125 0.103515625
0 0.8134765625 0.01904296875 0.03125 0.0380859375
0 0.7578125 0.5888671875 0.07421875 0.080078125
0 0.05224609375 0.33203125 0.0439453125 0.169921875
0 0.7578125 0.0234375 0.021484375 0.04296875
0 0.7783203125 0.021484375 0.015625 0.0390625
0 0.9345703125 0.28564453125 0.07421875 0.0966796875
0 0.68505859375 0.37255859375 0.0927734375 0.0537109375
0 0.46484375 0.19384765625 0.029296875 0.0732421875
0 0.03125 0.4609375 0.033203125 0.068359375
0 0.67578125 0.22216796875 0.0234375 0.0771484375
0 0.95654296875 0.376953125 0.0283203125 0.05859375
0 0.02099609375 0.67724609375 0.0419921875 0.0166015625
0 0.966796875 0.30078125 0.0390625 0.072265625
0 0.6669921875 0.6728515625 0.03125 0.037109375
