0 0.24755859375 0.08056640625 0.0830078125 0.0634765625
0 0.33154296875 0.046875 0.0458984375 0.06640625
0 0.48828125 0.03173828125 0.072265625 0.0634765625
0 0.68798828125 0.03271484375 0.0634765625 0.0654296875
0 0.8134765625 0.02197265625 0.060546875 0.0439453125
0 0.8583984375 0.01123046875 0.041015625 0.0224609375
0 0.94287109375 0.0419921875 0.0615234375 0.083984375
0 0.96875 0.169921875 0.060546875 0.08203125
0 0.884765625 0.25244140625 0.0625 0.0634765625
0 0.89453125 0.31591796875 0.09375 0.0751953125
0 0.81005859375 0.37451171875 0.0732421875 0.0419921875
0 0.8330078125 0.45751953125 0.072265625 0.0595703125
0 0.79736328125 0.51953125 0.0732421875 0.087890625
0 0.92529296875 0.61181640625 0.0712890625 0.0595703125
0 0.8388671875 0.6240234375 0.056640625 0.072265625
0 0.87060546875 0.5751953125 0.0673828125 0.052734375
0 0.88671875 0.66162109375 0.076171875 0.0478515625
0 0.90576171875 0.71533203125 0.0517578125 0.0537109375
0 0.830078125 0.70947265625 0.046875 0.0537109375
0 0.7802734375 0.72265625 0.064453125 0.046875
0 0.869140625 0.7802734375 0.056640625 0.072265625
0 0.83837890625 0.84814453125 0.0498046875 0.0595703125
0 0.9345703125 0.90185546875 0.091796875 0.0595703125
0 0.83154296875 0.97607421875 0.1162109375 0.0478515625
0 0.765625 0.92626953125 0.076171875 0.0556640625
0 0.76806640625 0.869140625 0.0576171875 0.0625
0 0.4228515625 0.9736328125 0.07421875 0.052734375
0 0.39453125 0.8818359375 0.060546875 0.048828125
0 0.32666015625 0.9404296875 0.0751953125 0.0703125
0 0.357421875 0.9736328125 0.056640625 0.052734375
0 0.41357421875 0.9287109375 0.0908203125 0.060546875
0 0.1953125 0.97412109375 0.078125 0.0517578125
0 0.24169921875 0.798828125 0.0791015625 0.0390625
0 0.3955078125 0.70703125 0.05859375 0.0625
0 0.2939453125 0.767578125 0.052734375 0.060546875
0 0.2802734375 0.64990234375 0.07421875 0.0615234375
0 0.4130859375 0.6005859375 0.076171875 0.06640625
0 0.35498046875 0.62255859375 0.0478515625 0.0556640625
0 0.3076171875 0.59423828125 0.05078125 0.0419921875
0 0.2119140625 0.6298828125 0.09375 0.046875
0 0.0654296875 0.55029296875 0.080078125 0.0556640625
0 0.255859375 0.37939453125 0.068359375 0.0732421875
0 0.4072265625 0.30615234375 0.0703125 0.0478515625
0 0.46533203125 0.291015625 0.0595703125 0.0546875
0 0.3779296875 0.41064453125 0.033203125 0.0419921875
0 0.546875 0.21044921875 0.072265625 0.0771484375
0 0.6767578125 0.248046875 0.056640625 0.06640625
0 0.4677734375 0.3359375 0.05859375 0.056640625
0 0.30712890625 0.07666015625 0.0517578125 0.0751953125
0 0.80029296875 0.6396484375 0.0537109375 0.048828125
0 0.3310546875 0.77001953125 0.03515625 0.0419921875
0 0.35498046875 0.73388671875 0.0439453125 0.0400390625
0 0.2275390625 0.59765625 0.08984375 0.02734375
0 0.22998046875 0.58203125 0.0712890625 0.025390625
0 0.18505859375 0.81103515625 0.0439453125 0.0537109375
0 0.03271484375 0.03662109375 0.0595703125 0.0419921875
0 0.2451171875 0.8349609375 0.07421875 0.04296875
0 0.31884765625 0.72802734375 0.0595703125 0.0615234375
0 0.2958984375 0.98779296875 0.03125 0.0244140625
0 0.96923828125 0.11572265625 0.0595703125 0.0888671875
0 0.96484375 0.09765625 0.05859375 0.0703125
0 0.86474609375 0.70849609375 0.0439453125 0.0439453125
0 0.83740234375 0.400390625 0.0732421875 0.04296875
0 0.88623046875 0.61328125 0.0498046875 0.056640625
0 0.3505859375 0.6953125 0.048828125 0.037109375
0 0.37939453125 0.0048828125 0.0341796875 0.009765625
0 0.9150390625 0.01416015625 0.033203125 0.0283203125
