0 0.92529296875 0.99267578125 0.0361328125 0.0126953125
0 0.93359375 0.98046875 0.130859375 0.0390625
0 0.978515625 0.79736328125 0.04296875 0.1181640625
0 0.9326171875 0.7490234375 0.037109375 0.16796875
0 0.7626953125 0.896484375 0.0546875 0.20703125
0 0.5888671875 0.94921875 0.138671875 0.099609375
0 0.5341796875 0.990234375 0.169921875 0.017578125
0 0.5458984375 0.8779296875 0.287109375 0.216796875
0 0.482421875 0.94775390625 0.048828125 0.0791015625
0 0.33447265625 0.939453125 0.1416015625 0.119140625
0 0.4248046875 0.751953125 0.138671875 0.04296875
0 0.7548828125 0.701171875 0.068359375 0.19921875
0 0.662109375 0.7646484375 0.298828125 0.068359375
0 0.552734375 0.7275390625 0.23046875 0.138671875
0 0.4677734375 0.7109375 0.162109375 0.16796875
0 0.69970703125 0.52587890625 0.3056640625 0.0869140625
0 0.283203125 0.5625 0.251953125 0.060546875
0 0.978515625 0.498046875 0.041015625 0.21484375
0 0.71337890625 0.32373046875 0.1884765625 0.2314453125
0 0.85791015625 0.123046875 0.2705078125 0.087890625
0 0.7431640625 0.013671875 0.056640625 0.02734375
0 0.63525390625 0.0576171875 0.0791015625 0.115234375
0 0.56005859375 0.06494140625 0.0947265625 0.1298828125
0 0.5615234375 0.13525390625 0.048828125 0.0517578125
0 0.50390625 0.060546875 0.185546875 0.08203125
0 0.24853515625 0.03759765625 0.0361328125 0.0751953125
0 0.0673828125 0.1611328125 0.134765625 0.1171875
0 0.724609375 0.5888671875 0.0859375 0.080078125
0 0.0673828125 0.2978515625 0.134765625 0.15625
0 0.248046875 0.1435546875 0.30078125 0.142578125
0 0.5361328125 0.3564453125 0.091796875 0.1171875
0 0.3955078125 0.18505859375 0.232421875 0.1962890625
0 0.1630859375 0.5947265625 0.08203125 0.068359375
0 0.0263671875 0.71875 0.052734375 0.076171875
0 0.41015625 0.61962890625 0.123046875 0.0986328125
0 0.396484375 0.4677734375 0.18359375 0.24609375
0 0.18603515625 0.41015625 0.0673828125 0.25
0 0.0625 0.642578125 0.125 0.126953125
0 0.025390625 0.56640625 0.05078125 0.0390625
0 0.271484375 0.4599609375 0.12109375 0.052734375
0 0.34716796875 0.50390625 0.2236328125 0.0546875
0 0.07080078125 0.4521484375 0.1416015625 0.091796875
0 0.84375 0.41064453125 0.203125 0.0908203125
0 0.8359375 0.48486328125 0.0625 0.2626953125
0 0.98876953125 0.728515625 0.0205078125 0.03515625
0 0.1904296875 0.92431640625 0.150390625 0.1494140625
0 0.13037109375 0.1435546875 0.1572265625 0.06640625
