0 0.140625 0.12158203125 0.154296875 0.0517578125
0 0.94140625 0.32421875 0.1171875 0.048828125
0 0.8828125 0.103515625 0.08203125 0.044921875
0 0.12353515625 0.47265625 0.0634765625 0.052734375
0 0.14990234375 0.55126953125 0.1591796875 0.0712890625
0 0.0732421875 0.662109375 0.095703125 0.08984375
0 0.09619140625 0.294921875 0.1005859375 0.068359375
0 0.06298828125 0.54736328125 0.0966796875 0.0712890625
0 0.02587890625 0.7939453125 0.0517578125 0.103515625
0 0.2744140625 0.18505859375 0.126953125 0.0791015625
0 0.1962890625 0.23876953125 0.14453125 0.0751953125
0 0.82470703125 0.6044921875 0.1337890625 0.064453125
0 0.1767578125 0.91650390625 0.134765625 0.0537109375
0 0.05224609375 0.75732421875 0.0947265625 0.0966796875
0 0.96923828125 0.4345703125 0.0595703125 0.068359375
0 0.88818359375 0.31982421875 0.1435546875 0.1044921875
0 0.08056640625 0.42138671875 0.1337890625 0.0751953125
0 0.8896484375 0.02001953125 0.12109375 0.0380859375
0 0.2763671875 0.39208984375 0.201171875 0.1494140625
