0 0.921875 0.9423828125 0.111328125 0.111328125
0 0.9443359375 0.9716796875 0.052734375 0.052734375
0 0.83203125 0.96728515625 0.041015625 0.0615234375
0 0.9716796875 0.8193359375 0.056640625 0.09375
0 0.73583984375 0.8525390625 0.0888671875 0.09765625
0 0.7939453125 0.76123046875 0.068359375 0.0947265625
0 0.8115234375 0.5849609375 0.08984375 0.076171875
0 0.78076171875 0.44921875 0.0693359375 0.08203125
0 0.98388671875 0.087890625 0.0283203125 0.03125
0 0.9287109375 0.09228515625 0.029296875 0.0185546875
0 0.765625 0.0341796875 0.046875 0.068359375
0 0.4765625 0.28564453125 0.041015625 0.0302734375
0 0.6357421875 0.97216796875 0.029296875 0.0556640625
0 0.541015625 0.97900390625 0.03125 0.0400390625
0 0.02294921875 0.86474609375 0.0458984375 0.0732421875
0 0.22412109375 0.76171875 0.0341796875 0.111328125
0 0.0498046875 0.77978515625 0.048828125 0.1259765625
0 0.34912109375 0.64892578125 0.0498046875 0.1044921875
0 0.3056640625 0.69287109375 0.025390625 0.0576171875
0 0.23779296875 0.646484375 0.0302734375 0.1015625
0 0.35400390625 0.47802734375 0.0283203125 0.0556640625
0 0.017578125 0.53564453125 0.03515625 0.1025390625
0 0.03173828125 0.466796875 0.0634765625 0.0703125
0 0.0390625 0.17236328125 0.041015625 0.0185546875
0 0.1484375 0.2216796875 0.0625 0.048828125
0 0.12890625 0.16845703125 0.029296875 0.0263671875
0 0.2919921875 0.10546875 0.0390625 0.02734375
0 0.40087890625 0.1650390625 0.0302734375 0.060546875
0 0.31396484375 0.31494140625 0.0380859375 0.0283203125
0 0.86962890625 0.30859375 0.0205078125 0.02734375
0 0.86669921875 0.2578125 0.0205078125 0.0234375
0 0.65869140625 0.556640625 0.0380859375 0.05078125
