0 0.08544921875 0.3359375 0.0185546875 0.0234375
0 0.373046875 0.0341796875 0.068359375 0.068359375
0 0.95361328125 0.078125 0.0849609375 0.03515625
0 0.63623046875 0.6767578125 0.0966796875 0.048828125
0 0.4619140625 0.7578125 0.05078125 0.05078125
0 0.32373046875 0.85986328125 0.0517578125 0.0556640625
0 0.3515625 0.2392578125 0.078125 0.0703125
0 0.83349609375 0.6787109375 0.0927734375 0.064453125
0 0.8154296875 0.35791015625 0.09765625 0.0654296875
0 0.07421875 0.009765625 0.048828125 0.01953125
0 0.55615234375 0.90234375 0.0986328125 0.0625
0 0.17822265625 0.7744140625 0.0263671875 0.0390625
0 0.95166015625 0.7548828125 0.0791015625 0.044921875
0 0.52001953125 0.02392578125 0.0908203125 0.0478515625
0 0.8642578125 0.88671875 0.111328125 0.064453125
0 0.82861328125 0.8359375 0.0791015625 0.06640625
0 0.0283203125 0.8125 0.056640625 0.04296875
0 0.80712890625 0.4013671875 0.0947265625 0.07421875
0 0.4521484375 0.01318359375 0.04296875 0.0263671875
0 0.328125 0.02392578125 0.04296875 0.0478515625
0 0.181640625 0.90478515625 0.044921875 0.0302734375
0 0.6318359375 0.48046875 0.033203125 0.037109375
0 0.431640625 0.2578125 0.056640625 0.072265625
0 0.7353515625 0.26953125 0.107421875 0.060546875
0 0.78564453125 0.45166015625 0.0791015625 0.0302734375
0 0.5283203125 0.82373046875 0.056640625 0.0478515625
0 0.33642578125 0.369140625 0.0595703125 0.044921875
0 0.2265625 0.11083984375 0.046875 0.0419921875
0 0.283203125 0.77685546875 0.05859375 0.0439453125
0 0.50927734375 0.92529296875 0.1025390625 0.0615234375
0 0.046875 0.36767578125 0.037109375 0.0380859375
0 0.015625 0.3603515625 0.03125 0.048828125
0 0.04296875 0.07861328125 0.0859375 0.0439453125
0 0.255859375 0.4228515625 0.060546875 0.03515625
0 0.55859375 0.46240234375 0.0859375 0.0322265625
0 0.212890625 0.26123046875 0.0859375 0.0986328125
0 0.51416015625 0.9619140625 0.0576171875 0.046875
0 0.3359375 0.78173828125 0.041015625 0.0751953125
0 0.66845703125 0.24169921875 0.0927734375 0.0478515625
0 0.76416015625 0.42626953125 0.0849609375 0.0380859375
0 0.9140625 0.85498046875 0.09765625 0.0537109375
0 0.6162109375 0.30712890625 0.103515625 0.0615234375
0 0.5849609375 0.41845703125 0.052734375 0.0498046875
0 0.72021484375 0.75634765625 0.0771484375 0.0478515625
0 0.1123046875 0.25927734375 0.041015625 0.0634765625
0 0.23388671875 0.015625 0.0419921875 0.03125
0 0.76953125 0.9345703125 0.109375 0.06640625
0 0.4326171875 0.6689453125 0.09375 0.06640625
0 0.1318359375 0.349609375 0.056640625 0.052734375
0 0.20166015625 0.04150390625 0.0615234375 0.0595703125
0 0.78515625 0.31787109375 0.0546875 0.0361328125
0 0.359375 0.4072265625 0.068359375 0.05078125
0 0.2265625 0.36083984375 0.0390625 0.0244140625
0 0.16796875 0.0166015625 0.06640625 0.033203125
0 0.33740234375 0.94873046875 0.1357421875 0.1025390625
0 0.02685546875 0.85595703125 0.0517578125 0.0498046875
0 0.20703125 0.98193359375 0.1015625 0.0361328125
0 0.826171875 0.74462890625 0.09375 0.0517578125
0 0.29541015625 0.1015625 0.0595703125 0.05078125
0 0.4296875 0.71630859375 0.033203125 0.0263671875
0 0.97021484375 0.02490234375 0.0595703125 0.0498046875
0 0.9853515625 0.14990234375 0.029296875 0.0712890625
0 0.39990234375 0.162109375 0.0693359375 0.08984375
0 0.16650390625 0.50634765625 0.0361328125 0.0380859375
0 0.39013671875 0.8876953125 0.0458984375 0.05078125
0 0.884765625 0.93896484375 0.1484375 0.0673828125
0 0.30859375 0.47314453125 0.044921875 0.0595703125
0 0.97412109375 0.24072265625 0.0517578125 0.0830078125
0 0.68896484375 0.337890625 0.1181640625 0.0390625
0 0.7607421875 0.50341796875 0.076171875 0.0791015625
0 0.93017578125 0.7138671875 0.1337890625 0.076171875
0 0.5400390625 0.69140625 0.087890625 0.068359375
0 0.17236328125 0.35205078125 0.0322265625 0.0341796875
0 0.19384765625 0.869140625 0.0419921875 0.0390625
0 0.62109375 0.38427734375 0.125 0.0302734375
