0 0.2470703125 0.1220703125 0.091796875 0.072265625
0 0.765625 0.77587890625 0.04296875 0.0400390625
0 0.73486328125 0.33544921875 0.0595703125 0.0517578125
0 0.7197265625 0.63916015625 0.0625 0.0791015625
0 0.9248046875 0.068359375 0.05859375 0.0859375
0 0.85693359375 0.90087890625 0.0419921875 0.0458984375
0 0.607421875 0.97900390625 0.078125 0.0380859375
0 0.0390625 0.2548828125 0.078125 0.052734375
0 0.96630859375 0.0947265625 0.0498046875 0.1015625
0 0.1591796875 0.12060546875 0.08984375 0.0869140625
0 0.1904296875 0.67822265625 0.126953125 0.0537109375
0 0.59619140625 0.9306640625 0.0576171875 0.044921875
0 0.8115234375 0.28271484375 0.0546875 0.0458984375
