0 0.9716796875 0.47705078125 0.056640625 0.0673828125
0 0.97998046875 0.2734375 0.0400390625 0.08203125
0 0.91455078125 0.0361328125 0.0947265625 0.072265625
0 0.794921875 0.41064453125 0.068359375 0.0556640625
0 0.83837890625 0.06298828125 0.0556640625 0.0595703125
0 0.80126953125 0.06884765625 0.0439453125 0.0478515625
0 0.11279296875 0.9697265625 0.0771484375 0.05859375
0 0.884765625 0.22607421875 0.099609375 0.0771484375
0 0.58984375 0.02978515625 0.0703125 0.0595703125
0 0.6982421875 0.33447265625 0.091796875 0.0595703125
0 0.072265625 0.7548828125 0.0703125 0.080078125
0 0.92333984375 0.91943359375 0.0615234375 0.0673828125
0 0.96533203125 0.111328125 0.0693359375 0.080078125
0 0.9169921875 0.33056640625 0.07421875 0.0673828125
