0 0.93310546875 0.3134765625 0.0927734375 0.048828125
0 0.98779296875 0.42822265625 0.0087890625 0.1044921875
0 0.986328125 0.6201171875 0.01171875 0.03515625
0 0.88671875 0.82373046875 0.0546875 0.0400390625
0 0.8427734375 0.6826171875 0.06640625 0.068359375
0 0.8701171875 0.59375 0.076171875 0.0390625
0 0.943359375 0.5546875 0.04296875 0.037109375
0 0.8857421875 0.5576171875 0.03125 0.041015625
0 0.72607421875 0.61962890625 0.0419921875 0.0458984375
0 0.697265625 0.74072265625 0.037109375 0.0693359375
0 0.7431640625 0.794921875 0.05078125 0.05859375
0 0.802734375 0.6787109375 0.041015625 0.05859375
0 0.48876953125 0.64111328125 0.0732421875 0.0576171875
0 0.4482421875 0.52587890625 0.091796875 0.0478515625
0 0.28759765625 0.57177734375 0.0791015625 0.0498046875
0 0.06591796875 0.5888671875 0.0458984375 0.033203125
0 0.14208984375 0.49609375 0.0693359375 0.044921875
0 0.3056640625 0.455078125 0.044921875 0.02734375
0 0.3125 0.3828125 0.0625 0.08984375
0 0.38037109375 0.43115234375 0.0810546875 0.0634765625
0 0.052734375 0.6640625 0.03125 0.044921875
0 0.37939453125 0.64404296875 0.0400390625 0.0341796875
0 0.5595703125 0.4306640625 0.021484375 0.01953125
0 0.5712890625 0.52197265625 0.037109375 0.0380859375
0 0.57568359375 0.328125 0.0673828125 0.0546875
0 0.54296875 0.3115234375 0.046875 0.044921875
0 0.56787109375 0.2568359375 0.0498046875 0.04296875
0 0.6220703125 0.3466796875 0.033203125 0.05859375
0 0.6533203125 0.31494140625 0.02734375 0.0361328125
0 0.8564453125 0.216796875 0.03515625 0.052734375
0 0.203125 0.21337890625 0.078125 0.0419921875
0 0.24169921875 0.2841796875 0.0458984375 0.044921875
0 0.10400390625 0.16845703125 0.0576171875 0.0498046875
0 0.19873046875 0.046875 0.0673828125 0.048828125
0 0.5166015625 0.0380859375 0.0625 0.044921875
0 0.5927734375 0.0703125 0.068359375 0.033203125
0 0.669921875 0.0625 0.05078125 0.064453125
0 0.787109375 0.24560546875 0.037109375 0.0439453125
0 0.982421875 0.14892578125 0.01953125 0.0341796875
0 0.84375 0.529296875 0.048828125 0.03125
0 0.35205078125 0.1865234375 0.0576171875 0.044921875
0 0.51708984375 0.1630859375 0.0419921875 0.037109375
0 0.7109375 0.2041015625 0.03125 0.033203125
0 0.796875 0.173828125 0.056640625 0.052734375
0 0.43994140625 0.052734375 0.0244140625 0.021484375
0 0.20703125 0.1142578125 0.052734375 0.044921875
0 0.07861328125 0.08056640625 0.0654296875 0.0361328125
0 0.49658203125 0.91259765625 0.0498046875 0.0517578125
0 0.12060546875 0.931640625 0.0380859375 0.02734375
0 0.07763671875 0.90380859375 0.0517578125 0.0244140625
0 0.7216796875 0.93115234375 0.064453125 0.0283203125
0 0.4697265625 0.65185546875 0.107421875 0.0634765625
0 0.50390625 0.20849609375 0.041015625 0.0263671875
0 0.51953125 0.177734375 0.021484375 0.025390625
0 0.6474609375 0.03955078125 0.072265625 0.0361328125
0 0.146484375 0.21875 0.05078125 0.03125
0 0.9453125 0.9384765625 0.029296875 0.013671875
0 0.73388671875 0.90283203125 0.0263671875 0.0224609375
0 0.40185546875 0.92236328125 0.0810546875 0.0439453125
0 0.24658203125 0.943359375 0.0380859375 0.01171875
0 0.14599609375 0.5283203125 0.0751953125 0.01953125
0 0.94189453125 0.123046875 0.0341796875 0.03125
0 0.2392578125 0.59521484375 0.05078125 0.0322265625
0 0.740234375 0.14501953125 0.048828125 0.0380859375
0 0.86767578125 0.251953125 0.0322265625 0.044921875
0 0.90478515625 0.28759765625 0.0654296875 0.0419921875
