0 0.01513671875 0.08984375 0.0302734375 0.06640625
0 0.02685546875 0.24658203125 0.0537109375 0.0654296875
0 0.466796875 0.29150390625 0.1015625 0.0537109375
0 0.45947265625 0.82373046875 0.0849609375 0.0556640625
0 0.05810546875 0.7978515625 0.0810546875 0.056640625
0 0.55615234375 0.41259765625 0.0361328125 0.0517578125
0 0.45751953125 0.44189453125 0.0966796875 0.0771484375
0 0.33203125 0.25732421875 0.052734375 0.0791015625
0 0.7294921875 0.4580078125 0.078125 0.0703125
0 0.22216796875 0.34228515625 0.0791015625 0.0751953125
0 0.642578125 0.79052734375 0.0859375 0.0615234375
0 0.8701171875 0.41455078125 0.048828125 0.0458984375
0 0.9638671875 0.1796875 0.072265625 0.05078125
0 0.232421875 0.7529296875 0.048828125 0.044921875
0 0.7685546875 0.33349609375 0.056640625 0.0595703125
0 0.02587890625 0.43701171875 0.0517578125 0.0634765625
0 0.50390625 0.2109375 0.0703125 0.064453125
0 0.05322265625 0.34521484375 0.0849609375 0.0654296875
0 0.09716796875 0.15283203125 0.0654296875 0.0537109375
0 0.26171875 0.83251953125 0.05859375 0.0556640625
0 0.748046875 0.673828125 0.091796875 0.06640625
0 0.8369140625 0.275390625 0.064453125 0.0546875
0 0.65625 0.49853515625 0.072265625 0.0673828125
0 0.8359375 0.33984375 0.083984375 0.0625
0 0.2744140625 0.51025390625 0.087890625 0.0791015625
0 0.9423828125 0.38818359375 0.0546875 0.0537109375
0 0.82861328125 0.78857421875 0.0478515625 0.0556640625
0 0.6435546875 0.23779296875 0.0703125 0.0458984375
0 0.9794921875 0.85400390625 0.0390625 0.0537109375
0 0.96533203125 0.7744140625 0.0693359375 0.060546875
0 0.96435546875 0.56201171875 0.0595703125 0.0712890625
0 0.01513671875 0.65185546875 0.0302734375 0.0908203125
0 0.740234375 0.86474609375 0.125 0.0986328125
0 0.62255859375 0.3701171875 0.0810546875 0.076171875
0 0.2861328125 0.24365234375 0.056640625 0.0751953125
0 0.32958984375 0.689453125 0.0458984375 0.048828125
0 0.298828125 0.74267578125 0.08203125 0.0595703125
0 0.4775390625 0.73779296875 0.072265625 0.0849609375
0 0.51220703125 0.36181640625 0.0869140625 0.0673828125
0 0.57666015625 0.86865234375 0.0771484375 0.0810546875
0 0.6845703125 0.732421875 0.068359375 0.0546875
0 0.4169921875 0.95751953125 0.12890625 0.0830078125
0 0.22314453125 0.9140625 0.0791015625 0.060546875
0 0.01806640625 0.5625 0.0302734375 0.060546875
0 0.5966796875 0.5859375 0.09765625 0.095703125
0 0.39013671875 0.24560546875 0.0595703125 0.0810546875
0 0.14404296875 0.34521484375 0.0810546875 0.0498046875
0 0.6865234375 0.24462890625 0.083984375 0.0673828125
0 0.8173828125 0.67724609375 0.0703125 0.0537109375
0 0.40283203125 0.521484375 0.0712890625 0.078125
