0 0.19970703125 0.4501953125 0.0576171875 0.083984375
0 0.56494140625 0.94482421875 0.0712890625 0.0576171875
0 0.30224609375 0.77685546875 0.0888671875 0.0732421875
0 0.98681640625 0.69970703125 0.0263671875 0.0361328125
0 0.92041015625 0.7607421875 0.1435546875 0.072265625
0 0.0595703125 0.529296875 0.044921875 0.046875
0 0.02392578125 0.3486328125 0.0478515625 0.08984375
0 0.8427734375 0.34326171875 0.0625 0.0693359375
0 0.220703125 0.07080078125 0.052734375 0.0439453125
0 0.7392578125 0.4150390625 0.115234375 0.099609375
0 0.1708984375 0.59912109375 0.05859375 0.0498046875
0 0.34765625 0.107421875 0.078125 0.0625
0 0.8212890625 0.2734375 0.083984375 0.068359375
0 0.6435546875 0.6494140625 0.06640625 0.048828125
0 0.97265625 0.8515625 0.0546875 0.052734375
0 0.1142578125 0.4521484375 0.033203125 0.0390625
0 0.95654296875 0.62451171875 0.0576171875 0.0576171875
0 0.7041015625 0.71728515625 0.08203125 0.0458984375
0 0.70068359375 0.78564453125 0.0751953125 0.0537109375
0 0.35205078125 0.77392578125 0.0517578125 0.0810546875
0 0.04296875 0.814453125 0.064453125 0.052734375
0 0.06640625 0.689453125 0.060546875 0.04296875
0 0.30126953125 0.619140625 0.1201171875 0.072265625
0 0.96142578125 0.3173828125 0.0712890625 0.078125
0 0.91064453125 0.0283203125 0.0751953125 0.0546875
0 0.56982421875 0.2431640625 0.0771484375 0.0625
0 0.791015625 0.6279296875 0.10546875 0.05078125
0 0.6376953125 0.87060546875 0.076171875 0.0615234375
0 0.46728515625 0.7998046875 0.0830078125 0.09765625
0 0.36279296875 0.30712890625 0.0693359375 0.0830078125
0 0.45947265625 0.2177734375 0.0966796875 0.07421875
0 0.185546875 0.2421875 0.0546875 0.0625
0 0.42236328125 0.94384765625 0.0888671875 0.1123046875
0 0.96337890625 0.92431640625 0.0732421875 0.0966796875
0 0.421875 0.0400390625 0.1015625 0.080078125
0 0.87890625 0.89208984375 0.1328125 0.1083984375
0 0.47314453125 0.1630859375 0.0693359375 0.083984375
0 0.10302734375 0.18798828125 0.0712890625 0.0673828125
0 0.82470703125 0.447265625 0.0595703125 0.0546875
0 0.982421875 0.080078125 0.03125 0.064453125
0 0.8837890625 0.09326171875 0.07421875 0.0576171875
0 0.08203125 0.91357421875 0.08984375 0.1220703125
0 0.82958984375 0.189453125 0.0693359375 0.056640625
0 0.5048828125 0.55615234375 0.12109375 0.0791015625
