0 0.873046875 0.33740234375 0.05078125 0.0341796875
0 0.5 0.3984375 0.03515625 0.0390625
0 0.31982421875 0.9580078125 0.0576171875 0.033203125
0 0.57568359375 0.4248046875 0.0517578125 0.056640625
0 0.86865234375 0.189453125 0.0537109375 0.064453125
0 0.4951171875 0.69775390625 0.05859375 0.0908203125
0 0.08642578125 0.5390625 0.0322265625 0.041015625
0 0.82568359375 0.6865234375 0.0732421875 0.044921875
0 0.45263671875 0.7666015625 0.0498046875 0.099609375
0 0.53173828125 0.33251953125 0.0693359375 0.0576171875
0 0.97412109375 0.56787109375 0.0498046875 0.0517578125
0 0.87939453125 0.24169921875 0.1103515625 0.0537109375
0 0.16064453125 0.15771484375 0.0458984375 0.0537109375
0 0.13330078125 0.52685546875 0.0341796875 0.0322265625
0 0.59521484375 0.248046875 0.0380859375 0.060546875
0 0.5908203125 0.603515625 0.064453125 0.0859375
0 0.67431640625 0.240234375 0.1083984375 0.044921875
0 0.36328125 0.216796875 0.041015625 0.052734375
0 0.85498046875 0.63671875 0.0517578125 0.04296875
0 0.28662109375 0.955078125 0.0341796875 0.048828125
0 0.9697265625 0.49462890625 0.056640625 0.0478515625
0 0.13818359375 0.56787109375 0.0498046875 0.0478515625
0 0.5859375 0.14990234375 0.0859375 0.0478515625
0 0.57177734375 0.76806640625 0.0595703125 0.0712890625
0 0.51904296875 0.22314453125 0.0771484375 0.0986328125
0 0.38232421875 0.5439453125 0.0517578125 0.06640625
0 0.4375 0.02099609375 0.052734375 0.0419921875
0 0.72021484375 0.4541015625 0.0615234375 0.09765625
0 0.45556640625 0.33984375 0.0400390625 0.046875
0 0.1552734375 0.97265625 0.0390625 0.03125
0 0.1171875 0.99072265625 0.03515625 0.0166015625
0 0.10888671875 0.2666015625 0.1064453125 0.1015625
0 0.42578125 0.27587890625 0.072265625 0.0966796875
0 0.58056640625 0.087890625 0.0810546875 0.048828125
0 0.9326171875 0.79150390625 0.080078125 0.1123046875
0 0.7626953125 0.58349609375 0.0859375 0.0751953125
0 0.10400390625 0.9462890625 0.0341796875 0.044921875
0 0.3125 0.056640625 0.083984375 0.060546875
0 0.7353515625 0.09375 0.060546875 0.05078125
0 0.22607421875 0.21435546875 0.1064453125 0.0712890625
0 0.4716796875 0.42431640625 0.0703125 0.0634765625
0 0.6875 0.78076171875 0.078125 0.0947265625
0 0.56689453125 0.53857421875 0.0595703125 0.0517578125
0 0.59765625 0.69970703125 0.0859375 0.0419921875
0 0.01416015625 0.03857421875 0.0263671875 0.0302734375
0 0.033203125 0.40380859375 0.06640625 0.0791015625
0 0.7646484375 0.2861328125 0.072265625 0.123046875
0 0.1708984375 0.9033203125 0.044921875 0.03125
0 0.4443359375 0.48681640625 0.060546875 0.0634765625
0 0.28564453125 0.32568359375 0.0634765625 0.1025390625
0 0.66015625 0.62255859375 0.07421875 0.0439453125
0 0.29736328125 0.4365234375 0.0498046875 0.046875
0 0.58740234375 0.45361328125 0.1611328125 0.0615234375
0 0.6279296875 0.51025390625 0.05859375 0.0576171875
0 0.58154296875 0.025390625 0.1083984375 0.05078125
0 0.96484375 0.39208984375 0.048828125 0.0634765625
0 0.46142578125 0.15283203125 0.0615234375 0.0419921875
0 0.6708984375 0.04052734375 0.0703125 0.0810546875
0 0.55810546875 0.046875 0.0947265625 0.05078125
0 0.1904296875 0.12646484375 0.048828125 0.0283203125
0 0.66796875 0.16650390625 0.07421875 0.0693359375
0 0.296875 0.501953125 0.080078125 0.05078125
0 0.0234375 0.3115234375 0.041015625 0.05859375
0 0.1044921875 0.07763671875 0.087890625 0.0986328125
