0 0.11376953125 0.97607421875 0.0810546875 0.0478515625
0 0.14453125 0.328125 0.06640625 0.064453125
0 0.56396484375 0.8447265625 0.0810546875 0.076171875
0 0.2333984375 0.5439453125 0.107421875 0.15234375
0 0.544921875 0.10498046875 0.08984375 0.0966796875
0 0.84619140625 0.90234375 0.1435546875 0.0859375
0 0.25439453125 0.05322265625 0.0888671875 0.0712890625
0 0.1025390625 0.10546875 0.0703125 0.07421875
0 0.81689453125 0.2626953125 0.1376953125 0.099609375
0 0.47314453125 0.74267578125 0.0634765625 0.0751953125
0 0.9853515625 0.0537109375 0.029296875 0.0703125
0 0.0302734375 0.30029296875 0.060546875 0.0654296875
0 0.3466796875 0.11376953125 0.12109375 0.1005859375
0 0.76806640625 0.09814453125 0.0693359375 0.0751953125
0 0.02978515625 0.025390625 0.0595703125 0.05078125
0 0.31396484375 0.291015625 0.1103515625 0.08984375
0 0.86962890625 0.4609375 0.1357421875 0.12109375
0 0.5263671875 0.27734375 0.09375 0.12109375
0 0.29345703125 0.83642578125 0.1181640625 0.0732421875
0 0.23095703125 0.9755859375 0.0869140625 0.048828125
0 0.10986328125 0.51220703125 0.0830078125 0.0888671875
0 0.9033203125 0.0556640625 0.08203125 0.09765625
0 0.4072265625 0.97216796875 0.138671875 0.0517578125
0 0.03466796875 0.42724609375 0.0693359375 0.1162109375
0 0.8212890625 0.71875 0.115234375 0.099609375
0 0.4306640625 0.54443359375 0.068359375 0.0673828125
0 0.0439453125 0.74560546875 0.0859375 0.1279296875
0 0.1552734375 0.201171875 0.10546875 0.083984375
