0 0.1962890625 0.83447265625 0.08984375 0.0810546875
0 0.40234375 0.78173828125 0.0546875 0.0595703125
0 0.7470703125 0.6650390625 0.0703125 0.0625
0 0.9619140625 0.97509765625 0.046875 0.0498046875
0 0.79150390625 0.03515625 0.0419921875 0.0546875
0 0.16357421875 0.1044921875 0.0751953125 0.09375
0 0.3916015625 0.20458984375 0.0546875 0.0634765625
0 0.04248046875 0.7333984375 0.0791015625 0.056640625
0 0.8681640625 0.22216796875 0.052734375 0.0439453125
0 0.97216796875 0.423828125 0.0556640625 0.0546875
0 0.3974609375 0.4013671875 0.078125 0.056640625
0 0.21533203125 0.02783203125 0.0791015625 0.0556640625
0 0.74755859375 0.287109375 0.0576171875 0.052734375
0 0.85986328125 0.4306640625 0.0595703125 0.076171875
0 0.93701171875 0.4599609375 0.0419921875 0.03515625
0 0.46630859375 0.45947265625 0.0693359375 0.0595703125
0 0.2265625 0.60546875 0.091796875 0.07421875
0 0.81494140625 0.5625 0.0712890625 0.08984375
0 0.83447265625 0.40185546875 0.0400390625 0.0576171875
0 0.30224609375 0.94189453125 0.0751953125 0.0693359375
0 0.390625 0.06298828125 0.05859375 0.0771484375
0 0.8681640625 0.93896484375 0.052734375 0.0458984375
0 0.13623046875 0.64501953125 0.0732421875 0.0634765625
0 0.90966796875 0.81640625 0.0673828125 0.060546875
