0 0.8623046875 0.24267578125 0.1171875 0.0927734375
0 0.19970703125 0.74658203125 0.1005859375 0.0849609375
0 0.20068359375 0.89794921875 0.1220703125 0.0673828125
0 0.19140625 0.97265625 0.09765625 0.0546875
0 0.93212890625 0.05810546875 0.1201171875 0.1123046875
0 0.23681640625 0.62841796875 0.1455078125 0.1220703125
0 0.1083984375 0.49169921875 0.087890625 0.1201171875
0 0.25146484375 0.978515625 0.0693359375 0.037109375
0 0.068359375 0.720703125 0.08984375 0.080078125
0 0.02880859375 0.8310546875 0.0576171875 0.09375
0 0.04248046875 0.41455078125 0.0849609375 0.0849609375
