0 0.8896484375 0.50146484375 0.0703125 0.0615234375
0 0.80908203125 0.146484375 0.1865234375 0.119140625
0 0.01953125 0.36962890625 0.0390625 0.0654296875
0 0.22705078125 0.6865234375 0.0830078125 0.0703125
0 0.88623046875 0.42138671875 0.0751953125 0.0439453125
0 0.62890625 0.232421875 0.06640625 0.04296875
0 0.94970703125 0.6796875 0.1005859375 0.06640625
0 0.33349609375 0.26904296875 0.1318359375 0.0517578125
0 0.2099609375 0.60791015625 0.09765625 0.0947265625
0 0.9775390625 0.8251953125 0.044921875 0.0546875
0 0.6025390625 0.869140625 0.06640625 0.0859375
0 0.4169921875 0.11083984375 0.232421875 0.1240234375
0 0.24609375 0.74267578125 0.0390625 0.0341796875
0 0.4462890625 0.37158203125 0.087890625 0.0439453125
0 0.6259765625 0.03857421875 0.0859375 0.0771484375
0 0.447265625 0.2353515625 0.064453125 0.07421875
0 0.09521484375 0.78271484375 0.0771484375 0.1298828125
0 0.95654296875 0.2919921875 0.0771484375 0.072265625
0 0.7998046875 0.720703125 0.16796875 0.095703125
0 0.91748046875 0.1455078125 0.1630859375 0.09765625
0 0.58154296875 0.46337890625 0.0556640625 0.0439453125
0 0.28076171875 0.33935546875 0.0498046875 0.0908203125
0 0.84814453125 0.73291015625 0.2216796875 0.1044921875
0 0.85791015625 0.9677734375 0.0927734375 0.064453125
0 0.166015625 0.181640625 0.06640625 0.099609375
0 0.6337890625 0.54052734375 0.080078125 0.0595703125
0 0.8310546875 0.31103515625 0.1875 0.0654296875
0 0.2705078125 0.93603515625 0.08203125 0.1279296875
0 0.1953125 0.88525390625 0.099609375 0.0634765625
0 0.3662109375 0.912109375 0.09765625 0.091796875
0 0.76220703125 0.4990234375 0.0869140625 0.13671875
0 0.4169921875 0.7958984375 0.04296875 0.134765625
0 0.3466796875 0.095703125 0.173828125 0.12890625
0 0.19091796875 0.8251953125 0.0537109375 0.078125
0 0.02392578125 0.56689453125 0.0478515625 0.0869140625
0 0.7724609375 0.41552734375 0.142578125 0.0927734375
0 0.42333984375 0.71044921875 0.0927734375 0.0478515625
0 0.13623046875 0.68310546875 0.1123046875 0.0888671875
0 0.34912109375 0.96826171875 0.1103515625 0.0615234375
0 0.1591796875 0.083984375 0.119140625 0.119140625
0 0.0185546875 0.76708984375 0.037109375 0.1533203125
0 0.95263671875 0.17578125 0.0947265625 0.052734375
0 0.42431640625 0.65771484375 0.2333984375 0.0869140625
0 0.625 0.28759765625 0.060546875 0.0576171875
0 0.0439453125 0.9716796875 0.046875 0.052734375
0 0.78271484375 0.57958984375 0.0693359375 0.0830078125
0 0.72607421875 0.3623046875 0.0537109375 0.052734375
0 0.12646484375 0.259765625 0.0595703125 0.203125
0 0.06298828125 0.90673828125 0.1259765625 0.1064453125
0 0.95947265625 0.75390625 0.0810546875 0.083984375
0 0.8388671875 0.77490234375 0.15625 0.0439453125
0 0.19091796875 0.3251953125 0.0576171875 0.166015625
0 0.97705078125 0.91650390625 0.0458984375 0.0322265625
