0 0.533203125 0.50244140625 0.07421875 0.0693359375
0 0.755859375 0.138671875 0.103515625 0.05078125
0 0.01416015625 0.02392578125 0.0283203125 0.0478515625
0 0.92529296875 0.06591796875 0.0791015625 0.0322265625
0 0.96142578125 0.38330078125 0.0751953125 0.0537109375
0 0.96337890625 0.33251953125 0.0732421875 0.0498046875
0 0.92431640625 0.43310546875 0.1103515625 0.0498046875
0 0.77880859375 0.017578125 0.0771484375 0.03515625
0 0.853515625 0.0087890625 0.08984375 0.017578125
0 0.91796875 0.5927734375 0.078125 0.052734375
0 0.9375 0.7421875 0.119140625 0.0703125
0 0.93994140625 0.052734375 0.0810546875 0.048828125
0 0.47607421875 0.6357421875 0.0654296875 0.07421875
0 0.57958984375 0.62646484375 0.1064453125 0.0888671875
0 0.5322265625 0.46533203125 0.072265625 0.0751953125
0 0.77197265625 0.66845703125 0.0771484375 0.0791015625
0 0.75732421875 0.54736328125 0.0615234375 0.0615234375
0 0.82373046875 0.45263671875 0.0712890625 0.0556640625
0 0.4912109375 0.5693359375 0.099609375 0.076171875
0 0.833984375 0.54541015625 0.095703125 0.0673828125
