0 0.388671875 0.41455078125 0.125 0.1748046875
0 0.873046875 0.025390625 0.109375 0.05078125
0 0.60400390625 0.35888671875 0.1162109375 0.0869140625
0 0.09765625 0.5087890625 0.080078125 0.1328125
0 0.08349609375 0.30419921875 0.1083984375 0.0751953125
0 0.59814453125 0.4716796875 0.1455078125 0.09375
0 0.935546875 0.9560546875 0.11328125 0.087890625
0 0.31494140625 0.96240234375 0.1044921875 0.0751953125
0 0.49267578125 0.1201171875 0.0771484375 0.068359375
0 0.9677734375 0.28857421875 0.064453125 0.1025390625
0 0.673828125 0.10009765625 0.09765625 0.1005859375
0 0.69580078125 0.32177734375 0.1259765625 0.1005859375
0 0.4814453125 0.33544921875 0.087890625 0.1337890625
0 0.0439453125 0.10888671875 0.087890625 0.1064453125
0 0.18896484375 0.103515625 0.0810546875 0.08984375
0 0.8330078125 0.9580078125 0.087890625 0.083984375
0 0.2529296875 0.22314453125 0.103515625 0.1318359375
0 0.662109375 0.68701171875 0.125 0.1181640625
0 0.49072265625 0.03662109375 0.1376953125 0.0732421875
0 0.83544921875 0.78466796875 0.1064453125 0.1025390625
0 0.5556640625 0.7353515625 0.05078125 0.041015625
0 0.302734375 0.55126953125 0.087890625 0.1181640625
0 0.20703125 0.912109375 0.087890625 0.087890625
0 0.1591796875 0.728515625 0.083984375 0.142578125
0 0.7607421875 0.48974609375 0.1171875 0.1552734375
0 0.4501953125 0.9345703125 0.05078125 0.04296875
