0 0.56689453125 0.81298828125 0.0888671875 0.1005859375
0 0.41162109375 0.6611328125 0.0634765625 0.09765625
0 0.9560546875 0.703125 0.087890625 0.087890625
0 0.39453125 0.87451171875 0.09765625 0.0693359375
0 0.85595703125 0.66357421875 0.1923828125 0.0869140625
0 0.927734375 0.98193359375 0.1171875 0.0361328125
0 0.81201171875 0.90771484375 0.0791015625 0.0673828125
0 0.38134765625 0.76220703125 0.0751953125 0.0673828125
0 0.31103515625 0.72216796875 0.1162109375 0.0888671875
0 0.64208984375 0.44921875 0.1943359375 0.076171875
0 0.64697265625 0.93896484375 0.0849609375 0.0673828125
0 0.83984375 0.78076171875 0.0625 0.0732421875
0 0.685546875 0.61328125 0.08203125 0.087890625
0 0.658203125 0.73388671875 0.068359375 0.1416015625
0 0.9462890625 0.76416015625 0.09375 0.0537109375
