0 0.07470703125 0.04345703125 0.1220703125 0.0869140625
0 0.072265625 0.12353515625 0.10546875 0.0595703125
0 0.01171875 0.0234375 0.0234375 0.03515625
0 0.0947265625 0.080078125 0.064453125 0.16015625
0 0.27392578125 0.14404296875 0.0517578125 0.1767578125
0 0.32666015625 0.1083984375 0.0791015625 0.138671875
0 0.20361328125 0.43505859375 0.2783203125 0.0791015625
0 0.208984375 0.46142578125 0.08203125 0.2548828125
0 0.7314453125 0.0732421875 0.0625 0.146484375
0 0.6865234375 0.09375 0.056640625 0.05078125
0 0.55615234375 0.080078125 0.1103515625 0.13671875
0 0.47705078125 0.06689453125 0.0908203125 0.1337890625
0 0.3662109375 0.03125 0.064453125 0.0625
0 0.41796875 0.02001953125 0.046875 0.0400390625
0 0.4853515625 0.1552734375 0.189453125 0.11328125
0 0.2734375 0.240234375 0.04296875 0.064453125
0 0.89306640625 0.0703125 0.1337890625 0.138671875
0 0.8515625 0.15087890625 0.18359375 0.0830078125
0 0.7490234375 0.21630859375 0.19140625 0.1103515625
0 0.97216796875 0.14111328125 0.0517578125 0.1494140625
0 0.36669921875 0.3525390625 0.1376953125 0.109375
0 0.21435546875 0.17822265625 0.0595703125 0.1728515625
0 0.15673828125 0.28515625 0.0673828125 0.224609375
0 0.02978515625 0.34765625 0.0595703125 0.109375
0 0.05322265625 0.2529296875 0.1064453125 0.208984375
0 0.201171875 0.0615234375 0.080078125 0.072265625
0 0.83251953125 0.2431640625 0.0908203125 0.0546875
0 0.72802734375 0.37353515625 0.0791015625 0.2353515625
0 0.81298828125 0.3046875 0.0947265625 0.044921875
0 0.828125 0.373046875 0.138671875 0.0859375
0 0.6416015625 0.36328125 0.1328125 0.060546875
0 0.939453125 0.3671875 0.119140625 0.076171875
0 0.8134765625 0.412109375 0.1015625 0.1796875
0 0.8701171875 0.43505859375 0.232421875 0.0712890625
0 0.984375 0.34619140625 0.03125 0.0322265625
0 0.908203125 0.47705078125 0.18359375 0.0517578125
0 0.7744140625 0.52734375 0.25 0.0703125
0 0.9208984375 0.5673828125 0.08203125 0.189453125
0 0.98046875 0.61376953125 0.037109375 0.0478515625
0 0.9765625 0.6884765625 0.044921875 0.068359375
0 0.5068359375 0.55712890625 0.064453125 0.2314453125
0 0.423828125 0.595703125 0.048828125 0.06640625
0 0.453125 0.56591796875 0.076171875 0.0595703125
0 0.3232421875 0.505859375 0.16015625 0.09765625
0 0.12744140625 0.4951171875 0.1689453125 0.146484375
0 0.087890625 0.70556640625 0.17578125 0.1689453125
0 0.3232421875 0.72265625 0.244140625 0.1015625
0 0.619140625 0.6875 0.1796875 0.19921875
0 0.505859375 0.7578125 0.0625 0.22265625
0 0.78125 0.72900390625 0.083984375 0.2041015625
0 0.84912109375 0.6923828125 0.0712890625 0.048828125
0 0.703125 0.68603515625 0.0859375 0.1298828125
0 0.77978515625 0.92578125 0.1650390625 0.08984375
0 0.65576171875 0.94384765625 0.1142578125 0.1103515625
0 0.7177734375 0.97705078125 0.11328125 0.0439453125
0 0.5361328125 0.82861328125 0.052734375 0.0986328125
0 0.5302734375 0.9130859375 0.169921875 0.123046875
0 0.53173828125 0.96875 0.1064453125 0.060546875
0 0.404296875 0.7978515625 0.0546875 0.068359375
0 0.248046875 0.97705078125 0.09375 0.0439453125
0 0.02587890625 0.9111328125 0.0517578125 0.1484375
0 0.01416015625 0.79443359375 0.0283203125 0.0712890625
0 0.7255859375 0.6328125 0.11328125 0.1171875
0 0.71875 0.7041015625 0.10546875 0.076171875
0 0.111328125 0.46875 0.109375 0.21875
0 0.474609375 0.27392578125 0.078125 0.1806640625
