0 0.76513671875 0.16455078125 0.0869140625 0.0791015625
0 0.5869140625 0.060546875 0.046875 0.04296875
0 0.65673828125 0.48095703125 0.0634765625 0.1259765625
0 0.98046875 0.27587890625 0.037109375 0.0478515625
0 0.6416015625 0.212890625 0.0546875 0.103515625
0 0.5498046875 0.64306640625 0.109375 0.0732421875
0 0.09912109375 0.5146484375 0.1103515625 0.177734375
0 0.80517578125 0.34912109375 0.1142578125 0.1181640625
0 0.36181640625 0.9482421875 0.0634765625 0.103515625
0 0.75732421875 0.642578125 0.1025390625 0.06640625
0 0.91357421875 0.02294921875 0.0498046875 0.0458984375
0 0.017578125 0.046875 0.03515625 0.09375
0 0.64208984375 0.7861328125 0.1826171875 0.078125
0 0.96240234375 0.470703125 0.0751953125 0.056640625
0 0.8798828125 0.72412109375 0.16796875 0.0927734375
0 0.70751953125 0.51025390625 0.1630859375 0.2861328125
0 0.9765625 0.05810546875 0.046875 0.1162109375
0 0.453125 0.84765625 0.0859375 0.064453125
0 0.39208984375 0.66259765625 0.0810546875 0.1455078125
0 0.96435546875 0.90185546875 0.0712890625 0.1396484375
0 0.22900390625 0.67041015625 0.1064453125 0.0927734375
0 0.6044921875 0.580078125 0.15234375 0.109375
0 0.5419921875 0.56298828125 0.109375 0.0556640625
0 0.60693359375 0.5224609375 0.0693359375 0.06640625
0 0.4052734375 0.1064453125 0.080078125 0.107421875
0 0.70068359375 0.2177734375 0.0908203125 0.08203125
0 0.9140625 0.46533203125 0.095703125 0.0771484375
0 0.1572265625 0.3544921875 0.056640625 0.1328125
0 0.869140625 0.171875 0.26171875 0.119140625
0 0.4462890625 0.89599609375 0.099609375 0.0556640625
