0 0.93408203125 0.029296875 0.0439453125 0.05859375
0 0.84033203125 0.017578125 0.1025390625 0.03515625
0 0.3271484375 0.0205078125 0.05078125 0.041015625
0 0.361328125 0.07373046875 0.025390625 0.0322265625
0 0.31787109375 0.06005859375 0.0380859375 0.0537109375
0 0.24072265625 0.00830078125 0.0458984375 0.0166015625
0 0.3251953125 0.1064453125 0.037109375 0.041015625
0 0.083984375 0.02490234375 0.048828125 0.0498046875
0 0.0595703125 0.1162109375 0.04296875 0.064453125
0 0.02392578125 0.15185546875 0.0478515625 0.1064453125
0 0.205078125 0.28515625 0.037109375 0.064453125
0 0.1708984375 0.24560546875 0.04296875 0.0791015625
0 0.09716796875 0.263671875 0.0732421875 0.08203125
0 0.0126953125 0.306640625 0.025390625 0.044921875
0 0.0791015625 0.3623046875 0.05078125 0.05859375
0 0.11083984375 0.4140625 0.0498046875 0.09375
0 0.21337890625 0.39990234375 0.0322265625 0.0283203125
0 0.19189453125 0.4267578125 0.0556640625 0.046875
0 0.20751953125 0.48046875 0.0263671875 0.029296875
0 0.14111328125 0.51806640625 0.0517578125 0.0400390625
0 0.05419921875 0.513671875 0.0498046875 0.064453125
0 0.0908203125 0.46240234375 0.021484375 0.0244140625
0 0.16748046875 0.49853515625 0.0537109375 0.0380859375
0 0.15673828125 0.458984375 0.0458984375 0.044921875
0 0.19580078125 0.61767578125 0.0419921875 0.0498046875
0 0.04248046875 0.60546875 0.0634765625 0.052734375
0 0.02734375 0.625 0.0546875 0.041015625
0 0.1025390625 0.642578125 0.06640625 0.048828125
0 0.4033203125 0.47607421875 0.0390625 0.0419921875
0 0.38037109375 0.4345703125 0.0341796875 0.03125
0 0.560546875 0.4267578125 0.048828125 0.08203125
0 0.56591796875 0.52490234375 0.0400390625 0.0537109375
0 0.56982421875 0.5830078125 0.0302734375 0.05078125
0 0.5322265625 0.55224609375 0.044921875 0.1025390625
0 0.5341796875 0.47998046875 0.041015625 0.0478515625
0 0.6015625 0.68017578125 0.029296875 0.0361328125
0 0.53955078125 0.6533203125 0.0556640625 0.048828125
0 0.486328125 0.66552734375 0.056640625 0.0322265625
0 0.5087890625 0.62451171875 0.064453125 0.0517578125
0 0.67626953125 0.509765625 0.0185546875 0.01953125
0 0.76123046875 0.42919921875 0.0537109375 0.0224609375
0 0.8740234375 0.38818359375 0.060546875 0.0341796875
0 0.7705078125 0.26953125 0.05078125 0.044921875
0 0.67333984375 0.34912109375 0.0361328125 0.0419921875
0 0.6650390625 0.18115234375 0.041015625 0.0244140625
0 0.64453125 0.2685546875 0.046875 0.068359375
0 0.64697265625 0.326171875 0.0498046875 0.05859375
0 0.62548828125 0.23046875 0.0458984375 0.07421875
0 0.63037109375 0.1728515625 0.0322265625 0.041015625
0 0.970703125 0.28857421875 0.044921875 0.0673828125
0 0.93798828125 0.3544921875 0.0205078125 0.0234375
0 0.9765625 0.35595703125 0.0390625 0.0576171875
0 0.95361328125 0.46630859375 0.0400390625 0.0361328125
0 0.9267578125 0.45703125 0.072265625 0.083984375
0 0.98681640625 0.5078125 0.0205078125 0.01953125
0 0.9951171875 0.47705078125 0.009765625 0.0283203125
0 0.95361328125 0.578125 0.0341796875 0.037109375
0 0.90283203125 0.5810546875 0.0419921875 0.03515625
0 0.9453125 0.5537109375 0.046875 0.0625
0 0.93603515625 0.63623046875 0.0498046875 0.0458984375
0 0.96875 0.61279296875 0.041015625 0.0341796875
0 0.98046875 0.6474609375 0.0390625 0.03515625
0 0.95654296875 0.70556640625 0.0498046875 0.0556640625
0 0.83837890625 0.72607421875 0.0478515625 0.0595703125
0 0.90185546875 0.80810546875 0.0400390625 0.0556640625
0 0.98876953125 0.9111328125 0.0224609375 0.05078125
0 0.9501953125 0.955078125 0.060546875 0.037109375
0 0.97802734375 0.96826171875 0.0439453125 0.0615234375
0 0.6689453125 0.9765625 0.033203125 0.037109375
0 0.68505859375 0.99365234375 0.0595703125 0.0126953125
0 0.033203125 0.92529296875 0.041015625 0.0400390625
0 0.06201171875 0.970703125 0.1181640625 0.05859375
0 0.06396484375 0.91455078125 0.0615234375 0.0673828125
0 0.1259765625 0.84521484375 0.0625 0.0478515625
0 0.24462890625 0.986328125 0.0498046875 0.02734375
0 0.4111328125 0.8466796875 0.068359375 0.060546875
0 0.4853515625 0.94091796875 0.064453125 0.0498046875
0 0.57275390625 0.81298828125 0.0537109375 0.0498046875
0 0.66259765625 0.76171875 0.0751953125 0.04296875
0 0.35546875 0.17724609375 0.0390625 0.0537109375
0 0.318359375 0.23779296875 0.166015625 0.1201171875
0 0.005859375 0.423828125 0.01171875 0.03125
0 0.0771484375 0.68505859375 0.10546875 0.0791015625
0 0.09521484375 0.67822265625 0.1025390625 0.0771484375
0 0.65869140625 0.52392578125 0.0244140625 0.0224609375
0 0.94775390625 0.02783203125 0.0224609375 0.0556640625
0 0.98291015625 0.62646484375 0.0341796875 0.0263671875
0 0.982421875 0.6796875 0.03125 0.03515625
0 0.6650390625 0.76123046875 0.046875 0.0771484375
0 0.01025390625 0.25537109375 0.0205078125 0.0517578125
