0 0.091796875 0.0458984375 0.0859375 0.091796875
0 0.06640625 0.1064453125 0.1328125 0.0703125
0 0.06787109375 0.15234375 0.0458984375 0.041015625
0 0.09375 0.1904296875 0.033203125 0.048828125
0 0.51220703125 0.16650390625 0.0537109375 0.0654296875
0 0.24658203125 0.12255859375 0.0498046875 0.1220703125
0 0.3017578125 0.103515625 0.064453125 0.091796875
0 0.349609375 0.11767578125 0.064453125 0.0595703125
0 0.29736328125 0.05859375 0.1201171875 0.076171875
0 0.65087890625 0.20556640625 0.0537109375 0.0498046875
0 0.86767578125 0.06982421875 0.1240234375 0.0771484375
0 0.95458984375 0.07763671875 0.0869140625 0.0576171875
0 0.8037109375 0.13818359375 0.03125 0.0478515625
0 0.97509765625 0.1396484375 0.0478515625 0.048828125
0 0.93994140625 0.19189453125 0.0771484375 0.0751953125
0 0.83349609375 0.19384765625 0.1318359375 0.0517578125
0 0.4990234375 0.23974609375 0.115234375 0.0498046875
0 0.39404296875 0.3125 0.1552734375 0.0703125
0 0.0302734375 0.26123046875 0.046875 0.0751953125
0 0.01904296875 0.2021484375 0.0380859375 0.080078125
0 0.12744140625 0.30908203125 0.0478515625 0.1181640625
0 0.1767578125 0.34619140625 0.060546875 0.0771484375
0 0.05322265625 0.4775390625 0.0283203125 0.029296875
0 0.25927734375 0.240234375 0.0439453125 0.068359375
0 0.18994140625 0.28759765625 0.0283203125 0.0380859375
0 0.21142578125 0.40478515625 0.0341796875 0.0439453125
0 0.17578125 0.45751953125 0.041015625 0.0634765625
0 0.19091796875 0.42919921875 0.0556640625 0.0634765625
0 0.458984375 0.4619140625 0.111328125 0.048828125
0 0.20703125 0.56640625 0.060546875 0.064453125
0 0.40234375 0.5869140625 0.154296875 0.15625
0 0.34619140625 0.6171875 0.0576171875 0.0546875
0 0.42626953125 0.5458984375 0.0615234375 0.037109375
0 0.50244140625 0.6689453125 0.0419921875 0.103515625
0 0.58251953125 0.5234375 0.0634765625 0.0546875
0 0.0234375 0.67236328125 0.046875 0.1044921875
0 0.01611328125 0.736328125 0.0322265625 0.060546875
0 0.0849609375 0.66748046875 0.076171875 0.0419921875
0 0.1181640625 0.7109375 0.05859375 0.080078125
0 0.369140625 0.7333984375 0.162109375 0.072265625
0 0.103515625 0.892578125 0.09765625 0.099609375
0 0.0888671875 0.95849609375 0.056640625 0.0380859375
0 0.2158203125 0.9072265625 0.056640625 0.046875
0 0.2919921875 0.93505859375 0.072265625 0.0712890625
0 0.28564453125 0.86328125 0.0830078125 0.068359375
0 0.35693359375 0.79638671875 0.0458984375 0.0615234375
0 0.27734375 0.81591796875 0.119140625 0.0400390625
0 0.2998046875 0.84814453125 0.130859375 0.0537109375
0 0.4150390625 0.86279296875 0.06640625 0.0595703125
0 0.54541015625 0.7314453125 0.0439453125 0.1171875
0 0.587890625 0.837890625 0.068359375 0.06640625
0 0.5791015625 0.9658203125 0.103515625 0.0625
0 0.71142578125 0.94921875 0.1005859375 0.06640625
0 0.66748046875 0.8955078125 0.1240234375 0.08203125
0 0.76611328125 0.9091796875 0.0537109375 0.080078125
0 0.71630859375 0.8408203125 0.1318359375 0.0703125
0 0.76220703125 0.7822265625 0.0595703125 0.06640625
0 0.681640625 0.755859375 0.08203125 0.06640625
0 0.94580078125 0.744140625 0.1083984375 0.056640625
0 0.9189453125 0.98828125 0.064453125 0.0234375
0 0.69775390625 0.60888671875 0.0771484375 0.0693359375
0 0.67919921875 0.6748046875 0.0400390625 0.05859375
0 0.59716796875 0.71484375 0.0498046875 0.048828125
0 0.72900390625 0.55908203125 0.0615234375 0.0595703125
0 0.8740234375 0.59326171875 0.076171875 0.0810546875
0 0.78662109375 0.4990234375 0.0732421875 0.076171875
0 0.6708984375 0.51806640625 0.11328125 0.0478515625
0 0.9033203125 0.671875 0.1328125 0.06640625
0 0.9091796875 0.63134765625 0.115234375 0.0517578125
0 0.689453125 0.43359375 0.146484375 0.11328125
0 0.88330078125 0.42529296875 0.1591796875 0.0908203125
0 0.8232421875 0.390625 0.064453125 0.087890625
0 0.8974609375 0.34375 0.0703125 0.064453125
0 0.98583984375 0.4521484375 0.0244140625 0.201171875
0 0.94775390625 0.419921875 0.0673828125 0.064453125
0 0.6044921875 0.279296875 0.0390625 0.056640625
0 0.634765625 0.35595703125 0.037109375 0.0595703125
0 0.685546875 0.25830078125 0.091796875 0.1064453125
0 0.708984375 0.28271484375 0.099609375 0.1123046875
0 0.78173828125 0.33447265625 0.0458984375 0.0517578125
0 0.86865234375 0.294921875 0.1044921875 0.072265625
0 0.7939453125 0.26513671875 0.076171875 0.0849609375
0 0.88427734375 0.23388671875 0.1064453125 0.0439453125
0 0.265625 0.9912109375 0.056640625 0.017578125
0 0.73193359375 0.1298828125 0.0576171875 0.04296875
0 0.45068359375 0.8193359375 0.0634765625 0.056640625
0 0.4033203125 0.8115234375 0.048828125 0.05078125
0 0.6650390625 0.4140625 0.037109375 0.03125
0 0.67431640625 0.37646484375 0.0498046875 0.0458984375
0 0.640625 0.60595703125 0.03125 0.0361328125
0 0.60009765625 0.66650390625 0.0439453125 0.0478515625
0 0.23291015625 0.24853515625 0.0341796875 0.0283203125
0 0.0390625 0.01611328125 0.044921875 0.0322265625
0 0.01708984375 0.0244140625 0.0341796875 0.046875
0 0.86962890625 0.1591796875 0.0458984375 0.025390625
0 0.7783203125 0.24267578125 0.041015625 0.0380859375
0 0.7470703125 0.62158203125 0.056640625 0.0478515625
0 0.63818359375 0.6943359375 0.0361328125 0.044921875
0 0.67919921875 0.935546875 0.0458984375 0.046875
