0 0.578125 0.2626953125 0.076171875 0.09375
0 0.97021484375 0.93359375 0.0263671875 0.0390625
0 0.3857421875 0.0126953125 0.029296875 0.025390625
0 0.28857421875 0.99072265625 0.0400390625 0.0166015625
0 0.84423828125 0.91064453125 0.0537109375 0.0498046875
0 0.404296875 0.5595703125 0.056640625 0.041015625
0 0.2919921875 0.69580078125 0.12109375 0.0595703125
0 0.12158203125 0.18408203125 0.1298828125 0.1044921875
0 0.9794921875 0.80517578125 0.0390625 0.0419921875
0 0.4501953125 0.314453125 0.015625 0.017578125
0 0.2099609375 0.74169921875 0.072265625 0.0400390625
0 0.0224609375 0.6513671875 0.044921875 0.046875
0 0.6240234375 0.75634765625 0.0546875 0.0419921875
0 0.80419921875 0.98681640625 0.0498046875 0.0263671875
0 0.3740234375 0.67919921875 0.060546875 0.0439453125
0 0.05078125 0.51318359375 0.06640625 0.0654296875
0 0.0625 0.45703125 0.0859375 0.0546875
0 0.24609375 0.03515625 0.03125 0.03515625
0 0.88623046875 0.78125 0.0830078125 0.037109375
0 0.90087890625 0.8779296875 0.0478515625 0.05078125
0 0.74462890625 0.8232421875 0.0595703125 0.048828125
0 0.478515625 0.8154296875 0.072265625 0.03515625
0 0.9736328125 0.59912109375 0.052734375 0.0537109375
0 0.65234375 0.984375 0.044921875 0.029296875
0 0.22216796875 0.62109375 0.0654296875 0.048828125
0 0.81005859375 0.6953125 0.0478515625 0.0390625
0 0.685546875 0.25390625 0.0859375 0.0546875
0 0.521484375 0.56640625 0.08984375 0.0546875
0 0.96337890625 0.22314453125 0.0283203125 0.0419921875
0 0.13916015625 0.92138671875 0.0322265625 0.0595703125
0 0.06005859375 0.6474609375 0.0517578125 0.037109375
0 0.70849609375 0.298828125 0.0517578125 0.05859375
0 0.40625 0.263671875 0.037109375 0.06640625
0 0.39453125 0.52099609375 0.029296875 0.0322265625
0 0.79345703125 0.87890625 0.0615234375 0.080078125
0 0.11279296875 0.39306640625 0.0693359375 0.0517578125
0 0.1923828125 0.1796875 0.091796875 0.04296875
0 0.6494140625 0.78076171875 0.03125 0.0283203125
0 0.95556640625 0.07958984375 0.0400390625 0.0810546875
0 0.8125 0.8876953125 0.05859375 0.037109375
0 0.62744140625 0.2744140625 0.0712890625 0.068359375
0 0.28125 0.26806640625 0.083984375 0.0478515625
0 0.12255859375 0.703125 0.0439453125 0.01953125
0 0.87158203125 0.74951171875 0.0576171875 0.0341796875
0 0.85302734375 0.580078125 0.0400390625 0.0703125
0 0.4208984375 0.70263671875 0.0390625 0.0224609375
0 0.99365234375 0.55126953125 0.0126953125 0.0244140625
0 0.9013671875 0.96484375 0.0390625 0.05859375
0 0.89111328125 0.142578125 0.0810546875 0.060546875
0 0.35986328125 0.81689453125 0.0595703125 0.0302734375
0 0.123046875 0.064453125 0.080078125 0.103515625
0 0.05810546875 0.75830078125 0.0302734375 0.0263671875
0 0.26904296875 0.107421875 0.0791015625 0.0546875
0 0.662109375 0.212890625 0.046875 0.03515625
0 0.31640625 0.6630859375 0.0625 0.033203125
0 0.87158203125 0.17529296875 0.0595703125 0.0693359375
0 0.90234375 0.6923828125 0.03125 0.02734375
0 0.4453125 0.416015625 0.041015625 0.025390625
0 0.6259765625 0.19482421875 0.0546875 0.0595703125
0 0.115234375 0.72314453125 0.05859375 0.0263671875
0 0.57470703125 0.70458984375 0.0361328125 0.0283203125
0 0.2080078125 0.48193359375 0.04296875 0.0556640625
0 0.3388671875 0.552734375 0.044921875 0.0546875
0 0.53173828125 0.67626953125 0.0439453125 0.0341796875
0 0.771484375 0.607421875 0.08203125 0.060546875
0 0.56982421875 0.509765625 0.0400390625 0.044921875
0 0.84716796875 0.8662109375 0.0478515625 0.05859375
0 0.24169921875 0.07080078125 0.0419921875 0.0205078125
0 0.49658203125 0.71533203125 0.0302734375 0.0380859375
0 0.02978515625 0.591796875 0.0595703125 0.03515625
0 0.732421875 0.6220703125 0.0546875 0.056640625
0 0.90673828125 0.8154296875 0.0283203125 0.041015625
0 0.30615234375 0.59716796875 0.0947265625 0.0400390625
0 0.36181640625 0.234375 0.0615234375 0.0625
0 0.8681640625 0.96142578125 0.0390625 0.0498046875
0 0.66162109375 0.2607421875 0.0458984375 0.0390625
0 0.38818359375 0.39013671875 0.0634765625 0.0361328125
0 0.38037109375 0.71875 0.0400390625 0.037109375
0 0.73779296875 0.11328125 0.0283203125 0.060546875
0 0.74365234375 0.322265625 0.0556640625 0.05078125
0 0.44482421875 0.52197265625 0.0439453125 0.0537109375
0 0.751953125 0.54931640625 0.046875 0.0751953125
0 0.44189453125 0.2216796875 0.0517578125 0.0859375
0 0.88916015625 0.71826171875 0.0576171875 0.0341796875
0 0.712890625 0.56298828125 0.0546875 0.0693359375
0 0.8671875 0.3203125 0.138671875 0.0859375
0 0.6103515625 0.67431640625 0.029296875 0.0361328125
0 0.52392578125 0.8330078125 0.0537109375 0.056640625
0 0.58349609375 0.20263671875 0.0576171875 0.0693359375
0 0.72900390625 0.92431640625 0.0361328125 0.0419921875
0 0.45263671875 0.7333984375 0.0341796875 0.02734375
0 0.9453125 0.56982421875 0.03515625 0.0654296875
0 0.48486328125 0.52099609375 0.0751953125 0.0498046875
0 0.06689453125 0.283203125 0.1337890625 0.064453125
0 0.84765625 0.35546875 0.05078125 0.041015625
0 0.42431640625 0.65380859375 0.0849609375 0.0654296875
0 0.99169921875 0.29931640625 0.0166015625 0.0341796875
0 0.31787109375 0.56640625 0.0263671875 0.037109375
0 0.0283203125 0.99267578125 0.056640625 0.0126953125
0 0.32666015625 0.138671875 0.0517578125 0.087890625
