0 0.837890625 0.34375 0.07421875 0.078125
0 0.90234375 0.43798828125 0.0625 0.0556640625
0 0.24072265625 0.90478515625 0.0556640625 0.0888671875
0 0.14111328125 0.32958984375 0.1357421875 0.0712890625
0 0.97216796875 0.8623046875 0.0556640625 0.103515625
0 0.9306640625 0.08056640625 0.083984375 0.1044921875
0 0.14208984375 0.58740234375 0.0595703125 0.0986328125
0 0.23095703125 0.37451171875 0.0810546875 0.0556640625
0 0.91650390625 0.3515625 0.0595703125 0.068359375
0 0.06103515625 0.138671875 0.1025390625 0.060546875
0 0.28857421875 0.96728515625 0.0634765625 0.0634765625
0 0.83837890625 0.416015625 0.0751953125 0.099609375
0 0.5224609375 0.78955078125 0.099609375 0.1181640625
0 0.64208984375 0.0927734375 0.0615234375 0.060546875
0 0.4638671875 0.3828125 0.0703125 0.10546875
0 0.92724609375 0.634765625 0.0732421875 0.0546875
0 0.2353515625 0.31884765625 0.056640625 0.0556640625
0 0.95947265625 0.9580078125 0.0810546875 0.083984375
0 0.8173828125 0.91748046875 0.052734375 0.0615234375
0 0.87744140625 0.638671875 0.0556640625 0.0546875
0 0.64892578125 0.18798828125 0.0849609375 0.0654296875
0 0.5146484375 0.875 0.1171875 0.095703125
0 0.04833984375 0.9482421875 0.0966796875 0.06640625
0 0.3681640625 0.265625 0.091796875 0.072265625
0 0.0380859375 0.26513671875 0.076171875 0.0498046875
0 0.3974609375 0.693359375 0.076171875 0.07421875
0 0.947265625 0.55224609375 0.064453125 0.0966796875
0 0.197265625 0.41357421875 0.107421875 0.0576171875
0 0.2666015625 0.830078125 0.072265625 0.091796875
0 0.0419921875 0.9853515625 0.05078125 0.029296875
0 0.19189453125 0.0478515625 0.0927734375 0.095703125
0 0.33056640625 0.90771484375 0.0595703125 0.0654296875
0 0.2890625 0.30322265625 0.072265625 0.0849609375
0 0.267578125 0.47509765625 0.08984375 0.0732421875
0 0.94091796875 0.19482421875 0.1103515625 0.0888671875
0 0.9326171875 0.89208984375 0.052734375 0.0732421875
0 0.4375 0.27587890625 0.060546875 0.0615234375
0 0.08642578125 0.52880859375 0.0341796875 0.0732421875
0 0.40869140625 0.3134765625 0.0712890625 0.0859375
0 0.53857421875 0.42919921875 0.1025390625 0.0732421875
0 0.91796875 0.830078125 0.07421875 0.068359375
0 0.7431640625 0.681640625 0.0625 0.068359375
0 0.4970703125 0.724609375 0.03515625 0.0234375
0 0.91796875 0.27490234375 0.0625 0.0830078125
0 0.009765625 0.79052734375 0.01953125 0.0498046875
0 0.1640625 0.97265625 0.060546875 0.0546875
0 0.603515625 0.83740234375 0.0625 0.0732421875
0 0.51904296875 0.59619140625 0.1103515625 0.0693359375
0 0.93603515625 0.39892578125 0.0634765625 0.0576171875
0 0.52587890625 0.54052734375 0.0986328125 0.0908203125
