0 0.880859375 0.791015625 0.181640625 0.07421875
0 0.1904296875 0.923828125 0.126953125 0.15234375
0 0.96142578125 0.1357421875 0.0673828125 0.158203125
0 0.884765625 0.10888671875 0.0859375 0.1220703125
0 0.82763671875 0.0595703125 0.0517578125 0.119140625
0 0.50390625 0.03173828125 0.078125 0.0634765625
0 0.42431640625 0.048828125 0.1298828125 0.09765625
0 0.52587890625 0.14453125 0.1416015625 0.091796875
0 0.3525390625 0.1298828125 0.0625 0.078125
0 0.2373046875 0.21875 0.185546875 0.16796875
0 0.1728515625 0.2216796875 0.056640625 0.23046875
0 0.03125 0.23291015625 0.0625 0.1103515625
0 0.42822265625 0.2705078125 0.1611328125 0.083984375
0 0.48388671875 0.2646484375 0.0908203125 0.11328125
0 0.7666015625 0.26513671875 0.15625 0.2939453125
0 0.66650390625 0.2509765625 0.1064453125 0.1484375
0 0.5400390625 0.31591796875 0.119140625 0.0908203125
0 0.345703125 0.3388671875 0.09765625 0.07421875
0 0.46484375 0.3740234375 0.201171875 0.123046875
0 0.369140625 0.3798828125 0.189453125 0.158203125
0 0.96337890625 0.30322265625 0.0712890625 0.0400390625
0 0.701171875 0.3681640625 0.03125 0.111328125
0 0.75341796875 0.365234375 0.0908203125 0.048828125
0 0.86328125 0.4208984375 0.19140625 0.216796875
0 0.82275390625 0.4404296875 0.2470703125 0.119140625
0 0.98046875 0.4541015625 0.0390625 0.03125
0 0.40185546875 0.44140625 0.2470703125 0.0625
0 0.40966796875 0.5 0.1689453125 0.099609375
0 0.263671875 0.453125 0.18359375 0.12109375
0 0.125 0.4345703125 0.123046875 0.1484375
0 0.5361328125 0.599609375 0.2265625 0.07421875
0 0.552734375 0.6474609375 0.08984375 0.10546875
0 0.34423828125 0.52490234375 0.2314453125 0.0869140625
0 0.31201171875 0.62060546875 0.1220703125 0.1064453125
0 0.78564453125 0.57275390625 0.1455078125 0.2236328125
0 0.849609375 0.5791015625 0.087890625 0.146484375
0 0.951171875 0.556640625 0.09765625 0.18359375
0 0.6708984375 0.634765625 0.05078125 0.1328125
0 0.65966796875 0.70703125 0.0986328125 0.02734375
0 0.69970703125 0.7900390625 0.0986328125 0.048828125
0 0.74462890625 0.7314453125 0.1884765625 0.095703125
0 0.5908203125 0.79931640625 0.15625 0.1611328125
0 0.8955078125 0.6953125 0.115234375 0.06640625
0 0.87744140625 0.8056640625 0.0712890625 0.189453125
0 0.0244140625 0.701171875 0.048828125 0.07421875
0 0.01806640625 0.6982421875 0.0361328125 0.134765625
0 0.421875 0.8720703125 0.05078125 0.041015625
0 0.5693359375 0.90087890625 0.146484375 0.0634765625
0 0.591796875 0.98828125 0.0390625 0.0234375
0 0.46728515625 0.982421875 0.0634765625 0.03515625
0 0.34521484375 0.69287109375 0.2275390625 0.1181640625
0 0.970703125 0.8935546875 0.056640625 0.095703125
0 0.26025390625 0.6943359375 0.2470703125 0.189453125
0 0.30078125 0.9765625 0.05859375 0.044921875
0 0.193359375 0.869140625 0.056640625 0.2578125
0 0.0517578125 0.83837890625 0.0625 0.0400390625
0 0.095703125 0.83984375 0.134765625 0.201171875
0 0.0615234375 0.955078125 0.119140625 0.08984375
0 0.4130859375 0.67578125 0.099609375 0.060546875
0 0.3193359375 0.54296875 0.220703125 0.08984375
0 0.587890625 0.759765625 0.0625 0.078125
