0 0.97314453125 0.171875 0.0517578125 0.19921875
0 0.81982421875 0.2197265625 0.0673828125 0.0625
0 0.74658203125 0.24267578125 0.1533203125 0.3955078125
0 0.69140625 0.099609375 0.05859375 0.19921875
0 0.35693359375 0.04150390625 0.0712890625 0.0830078125
0 0.24658203125 0.09423828125 0.1884765625 0.1884765625
0 0.5595703125 0.24072265625 0.2109375 0.3291015625
0 0.3642578125 0.3037109375 0.185546875 0.31640625
0 0.87744140625 0.34765625 0.2431640625 0.130859375
0 0.6572265625 0.39111328125 0.09375 0.3642578125
0 0.943359375 0.60986328125 0.11328125 0.0634765625
0 0.94140625 0.7216796875 0.1171875 0.05078125
0 0.84228515625 0.72509765625 0.2353515625 0.1650390625
0 0.25634765625 0.537109375 0.3056640625 0.134765625
0 0.35693359375 0.59423828125 0.2431640625 0.2119140625
0 0.40185546875 0.375 0.2314453125 0.05859375
0 0.3203125 0.705078125 0.185546875 0.1015625
0 0.06884765625 0.58447265625 0.1376953125 0.0517578125
0 0.58984375 0.4912109375 0.17578125 0.353515625
0 0.6484375 0.8837890625 0.138671875 0.162109375
0 0.39453125 0.9453125 0.31640625 0.109375
0 0.14501953125 0.6357421875 0.0751953125 0.03515625
0 0.1005859375 0.6796875 0.115234375 0.33984375
0 0.94140625 0.970703125 0.083984375 0.056640625
0 0.6474609375 0.98095703125 0.30859375 0.0361328125
0 0.775390625 0.9111328125 0.12890625 0.173828125
0 0.73876953125 0.8359375 0.2470703125 0.18359375
0 0.47314453125 0.96875 0.1494140625 0.060546875
0 0.03173828125 0.953125 0.0634765625 0.078125
0 0.87353515625 0.48876953125 0.2509765625 0.0595703125
0 0.98291015625 0.47509765625 0.0322265625 0.0205078125
0 0.625 0.5537109375 0.177734375 0.134765625
0 0.01611328125 0.4052734375 0.0322265625 0.01953125
0 0.02734375 0.986328125 0.0546875 0.02734375
0 0.8046875 0.93359375 0.08984375 0.091796875
