0 0.4140625 0.4833984375 0.060546875 0.05078125
0 0.759765625 0.93603515625 0.03515625 0.0556640625
0 0.17626953125 0.93017578125 0.0615234375 0.0751953125
0 0.06787109375 0.9306640625 0.0380859375 0.05078125
0 0.92822265625 0.30224609375 0.0908203125 0.0751953125
0 0.029296875 0.95703125 0.05859375 0.076171875
0 0.37109375 0.32568359375 0.060546875 0.0478515625
0 0.50830078125 0.796875 0.0947265625 0.08203125
0 0.0302734375 0.42529296875 0.060546875 0.0615234375
0 0.01904296875 0.82666015625 0.0380859375 0.0498046875
0 0.31982421875 0.646484375 0.1064453125 0.06640625
0 0.32275390625 0.921875 0.0771484375 0.150390625
0 0.94970703125 0.4111328125 0.1005859375 0.08984375
0 0.62939453125 0.83154296875 0.0927734375 0.0810546875
0 0.634765625 0.888671875 0.04296875 0.03125
0 0.07666015625 0.33984375 0.0517578125 0.056640625
0 0.37451171875 0.25146484375 0.0419921875 0.0380859375
0 0.89013671875 0.41552734375 0.0634765625 0.0712890625
0 0.7880859375 0.39306640625 0.177734375 0.0537109375
0 0.5185546875 0.42041015625 0.166015625 0.0966796875
0 0.10205078125 0.97314453125 0.0458984375 0.0517578125
0 0.66259765625 0.22216796875 0.0673828125 0.0439453125
0 0.94775390625 0.2431640625 0.1005859375 0.072265625
0 0.390625 0.33349609375 0.060546875 0.0810546875
0 0.6083984375 0.9873046875 0.048828125 0.025390625
0 0.6201171875 0.494140625 0.03515625 0.033203125
0 0.53076171875 0.22705078125 0.0908203125 0.0888671875
0 0.7646484375 0.26708984375 0.12890625 0.0791015625
0 0.79833984375 0.7333984375 0.0615234375 0.064453125
0 0.65576171875 0.26171875 0.1103515625 0.083984375
0 0.98876953125 0.9140625 0.0224609375 0.03125
0 0.45361328125 0.4619140625 0.0615234375 0.068359375
0 0.2470703125 0.76416015625 0.07421875 0.0849609375
0 0.88134765625 0.03564453125 0.0439453125 0.0595703125
0 0.8349609375 0.0576171875 0.0859375 0.056640625
0 0.0419921875 0.74853515625 0.068359375 0.1181640625
0 0.84228515625 0.1796875 0.1123046875 0.076171875
0 0.8505859375 0.48779296875 0.146484375 0.0732421875
0 0.201171875 0.54736328125 0.076171875 0.1044921875
0 0.22998046875 0.90576171875 0.0615234375 0.1201171875
