0 0.208984375 0.40966796875 0.099609375 0.1025390625
0 0.05908203125 0.66552734375 0.0751953125 0.1533203125
0 0.7275390625 0.14990234375 0.08984375 0.0595703125
0 0.6767578125 0.0673828125 0.080078125 0.080078125
0 0.28466796875 0.25732421875 0.0927734375 0.1162109375
0 0.89990234375 0.490234375 0.0986328125 0.099609375
0 0.4853515625 0.8193359375 0.091796875 0.091796875
0 0.037109375 0.0517578125 0.07421875 0.087890625
0 0.76171875 0.2373046875 0.1171875 0.076171875
0 0.951171875 0.70166015625 0.09765625 0.0517578125
0 0.4267578125 0.32861328125 0.11328125 0.0771484375
0 0.3876953125 0.123046875 0.12890625 0.060546875
0 0.14599609375 0.9482421875 0.1123046875 0.064453125
0 0.6328125 0.712890625 0.078125 0.115234375
0 0.7373046875 0.57958984375 0.080078125 0.1064453125
0 0.72021484375 0.71142578125 0.0810546875 0.0791015625
0 0.94580078125 0.05517578125 0.0830078125 0.1064453125
0 0.07080078125 0.47802734375 0.1103515625 0.1708984375
0 0.591796875 0.51513671875 0.130859375 0.0849609375
0 0.38330078125 0.6767578125 0.1357421875 0.123046875
0 0.58837890625 0.77587890625 0.1298828125 0.1806640625
0 0.8115234375 0.9482421875 0.087890625 0.103515625
0 0.5244140625 0.185546875 0.05859375 0.0859375
0 0.0947265625 0.15283203125 0.087890625 0.0869140625
0 0.7998046875 0.80126953125 0.078125 0.0556640625
0 0.50634765625 0.11083984375 0.1376953125 0.0947265625
0 0.2197265625 0.810546875 0.111328125 0.123046875
0 0.73388671875 0.76708984375 0.0634765625 0.0673828125
0 0.3623046875 0.9404296875 0.06640625 0.119140625
0 0.25634765625 0.98046875 0.0615234375 0.0390625
0 0.01025390625 0.134765625 0.0185546875 0.0703125
0 0.4072265625 0.42919921875 0.068359375 0.1181640625
0 0.58984375 0.900390625 0.087890625 0.05859375
0 0.15478515625 0.28369140625 0.0927734375 0.1240234375
0 0.8505859375 0.6142578125 0.078125 0.0625
0 0.08740234375 0.091796875 0.0595703125 0.05859375
0 0.0380859375 0.87255859375 0.072265625 0.0517578125
