0 0.6396484375 0.87451171875 0.095703125 0.1044921875
0 0.525390625 0.36328125 0.095703125 0.06640625
0 0.65087890625 0.77197265625 0.0869140625 0.0849609375
0 0.90087890625 0.16796875 0.1728515625 0.0625
0 0.8271484375 0.5859375 0.134765625 0.09765625
0 0.46337890625 0.95458984375 0.0654296875 0.0869140625
0 0.28173828125 0.640625 0.0947265625 0.1171875
0 0.3818359375 0.5458984375 0.10546875 0.052734375
0 0.3095703125 0.16455078125 0.0546875 0.0517578125
0 0.62158203125 0.4970703125 0.0537109375 0.0703125
0 0.62060546875 0.7216796875 0.0615234375 0.205078125
0 0.728515625 0.25732421875 0.072265625 0.0400390625
0 0.224609375 0.30810546875 0.064453125 0.0419921875
0 0.962890625 0.78369140625 0.0625 0.0654296875
0 0.55224609375 0.22900390625 0.0751953125 0.0595703125
0 0.1787109375 0.9404296875 0.1015625 0.08984375
0 0.7998046875 0.4912109375 0.146484375 0.083984375
0 0.5361328125 0.7314453125 0.09765625 0.115234375
0 0.67041015625 0.50927734375 0.0576171875 0.0595703125
0 0.1611328125 0.5068359375 0.05859375 0.05859375
0 0.72314453125 0.50830078125 0.0830078125 0.0771484375
0 0.40185546875 0.4658203125 0.0751953125 0.1171875
0 0.96728515625 0.64453125 0.0654296875 0.099609375
0 0.546875 0.14501953125 0.072265625 0.0478515625
0 0.5498046875 0.01318359375 0.1484375 0.0263671875
0 0.09423828125 0.26318359375 0.0751953125 0.0771484375
0 0.78076171875 0.24072265625 0.1123046875 0.0771484375
0 0.61083984375 0.91845703125 0.0927734375 0.0869140625
0 0.47802734375 0.791015625 0.1025390625 0.087890625
0 0.77001953125 0.20458984375 0.1181640625 0.0888671875
0 0.74951171875 0.37060546875 0.1357421875 0.1923828125
0 0.05224609375 0.935546875 0.0595703125 0.087890625
0 0.751953125 0.80859375 0.14453125 0.1328125
0 0.7158203125 0.626953125 0.1328125 0.064453125
0 0.97705078125 0.35693359375 0.0458984375 0.0556640625
0 0.7421875 0.96728515625 0.134765625 0.0654296875
0 0.94482421875 0.552734375 0.1103515625 0.080078125
0 0.45556640625 0.67626953125 0.0556640625 0.0341796875
0 0.81689453125 0.689453125 0.0947265625 0.07421875
0 0.52197265625 0.93798828125 0.1103515625 0.0771484375
0 0.3232421875 0.26318359375 0.072265625 0.0830078125
0 0.49169921875 0.7333984375 0.1298828125 0.1171875
0 0.68212890625 0.01611328125 0.0751953125 0.0322265625
0 0.568359375 0.8134765625 0.09765625 0.107421875
0 0.76953125 0.0830078125 0.0859375 0.072265625
0 0.203125 0.25537109375 0.072265625 0.1025390625
0 0.44580078125 0.25732421875 0.1279296875 0.0947265625
0 0.37939453125 0.52490234375 0.0751953125 0.0849609375
0 0.2333984375 0.15478515625 0.0625 0.0947265625
0 0.265625 0.5810546875 0.078125 0.072265625
0 0.4345703125 0.48779296875 0.03125 0.0615234375
0 0.28857421875 0.78857421875 0.0576171875 0.1005859375
0 0.3662109375 0.8134765625 0.10546875 0.109375
0 0.31005859375 0.203125 0.0537109375 0.05078125
0 0.50830078125 0.54931640625 0.1162109375 0.0634765625
0 0.8193359375 0.18798828125 0.099609375 0.0576171875
0 0.60595703125 0.29345703125 0.1220703125 0.0771484375
0 0.08154296875 0.80908203125 0.0751953125 0.0615234375
0 0.3427734375 0.115234375 0.072265625 0.07421875
0 0.46435546875 0.1796875 0.1494140625 0.064453125
0 0.7958984375 0.6357421875 0.087890625 0.046875
0 0.72021484375 0.58154296875 0.1923828125 0.0751953125
0 0.29736328125 0.01953125 0.0751953125 0.0390625
0 0.7109375 0.93310546875 0.0625 0.0478515625
0 0.26953125 0.71337890625 0.0703125 0.0830078125
0 0.203125 0.48583984375 0.08203125 0.1220703125
0 0.9658203125 0.42236328125 0.068359375 0.0947265625
0 0.85693359375 0.01318359375 0.0576171875 0.0263671875
0 0.86083984375 0.4609375 0.1318359375 0.09765625
