0 0.4814453125 0.0283203125 0.076171875 0.056640625
0 0.9248046875 0.201171875 0.087890625 0.08984375
0 0.38671875 0.65771484375 0.107421875 0.0615234375
0 0.42822265625 0.28466796875 0.0966796875 0.0693359375
0 0.74609375 0.2021484375 0.142578125 0.099609375
0 0.365234375 0.76025390625 0.0625 0.0634765625
0 0.45849609375 0.10009765625 0.0810546875 0.0732421875
0 0.5576171875 0.35107421875 0.07421875 0.0517578125
0 0.0234375 0.89501953125 0.046875 0.0517578125
0 0.80322265625 0.62353515625 0.1044921875 0.0576171875
0 0.5888671875 0.88037109375 0.125 0.0810546875
0 0.6279296875 0.58447265625 0.09765625 0.0732421875
0 0.61962890625 0.8525390625 0.1044921875 0.064453125
0 0.60986328125 0.3115234375 0.0849609375 0.0546875
0 0.8955078125 0.70654296875 0.12890625 0.0927734375
0 0.29345703125 0.47998046875 0.1123046875 0.0849609375
0 0.60205078125 0.04638671875 0.1181640625 0.0576171875
0 0.44873046875 0.36767578125 0.0888671875 0.0771484375
0 0.4892578125 0.9658203125 0.09765625 0.0546875
