0 0.7001953125 0.0400390625 0.228515625 0.080078125
0 0.9794921875 0.083984375 0.041015625 0.140625
0 0.912109375 0.0771484375 0.10546875 0.130859375
0 0.8740234375 0.1806640625 0.169921875 0.126953125
0 0.779296875 0.1796875 0.06640625 0.078125
0 0.814453125 0.2607421875 0.1328125 0.095703125
0 0.59765625 0.2265625 0.06640625 0.09375
0 0.6494140625 0.3037109375 0.060546875 0.099609375
0 0.990234375 0.6083984375 0.01953125 0.048828125
0 0.8212890625 0.70703125 0.123046875 0.08203125
0 0.6796875 0.7099609375 0.109375 0.087890625
0 0.90234375 0.9033203125 0.140625 0.111328125
0 0.970703125 0.9462890625 0.05859375 0.107421875
0 0.9072265625 0.9853515625 0.068359375 0.029296875
0 0.7177734375 0.841796875 0.087890625 0.10546875
0 0.611328125 0.8447265625 0.078125 0.095703125
0 0.5732421875 0.931640625 0.072265625 0.09375
0 0.61328125 0.95703125 0.09375 0.08203125
0 0.4111328125 0.9033203125 0.142578125 0.193359375
0 0.1689453125 0.865234375 0.134765625 0.14453125
0 0.087890625 0.8408203125 0.109375 0.080078125
0 0.0634765625 0.947265625 0.091796875 0.09765625
0 0.3505859375 0.7109375 0.068359375 0.078125
0 0.3076171875 0.7578125 0.166015625 0.09765625
0 0.3212890625 0.02734375 0.119140625 0.0546875
0 0.296875 0.0625 0.0859375 0.06640625
0 0.2978515625 0.3828125 0.111328125 0.23046875
0 0.078125 0.25 0.0546875 0.0625
0 0.0537109375 0.3076171875 0.048828125 0.060546875
0 0.8916015625 0.8154296875 0.212890625 0.087890625
0 0.908203125 0.7646484375 0.1171875 0.072265625
0 0.982421875 0.9462890625 0.03515625 0.107421875
0 0.2880859375 0.24609375 0.091796875 0.0859375
0 0.3173828125 0.2578125 0.076171875 0.06640625
