0 0.6455078125 0.67919921875 0.091796875 0.1845703125
0 0.63232421875 0.19091796875 0.0654296875 0.0654296875
0 0.74462890625 0.1845703125 0.1025390625 0.072265625
0 0.919921875 0.2734375 0.08203125 0.078125
0 0.61279296875 0.28125 0.0556640625 0.111328125
0 0.42529296875 0.0791015625 0.0712890625 0.07421875
0 0.53369140625 0.259765625 0.0693359375 0.126953125
0 0.5654296875 0.05859375 0.08203125 0.056640625
0 0.57666015625 0.10302734375 0.0771484375 0.0537109375
0 0.55078125 0.15380859375 0.087890625 0.0849609375
0 0.25341796875 0.0341796875 0.0751953125 0.068359375
0 0.05517578125 0.34716796875 0.1103515625 0.1318359375
0 0.2197265625 0.29052734375 0.09765625 0.1982421875
0 0.27880859375 0.11669921875 0.1064453125 0.0869140625
0 0.2890625 0.208984375 0.13671875 0.154296875
0 0.166015625 0.1630859375 0.12109375 0.0703125
0 0.15625 0.25146484375 0.220703125 0.1044921875
0 0.84619140625 0.1044921875 0.1005859375 0.1796875
0 0.06591796875 0.59423828125 0.0771484375 0.1298828125
0 0.02490234375 0.6328125 0.0498046875 0.08984375
0 0.11865234375 0.48876953125 0.0537109375 0.1181640625
0 0.1591796875 0.54345703125 0.048828125 0.0419921875
0 0.3486328125 0.5654296875 0.08203125 0.064453125
0 0.1962890625 0.6279296875 0.064453125 0.12109375
0 0.14111328125 0.77587890625 0.1357421875 0.1025390625
0 0.2734375 0.630859375 0.0625 0.087890625
0 0.314453125 0.71240234375 0.248046875 0.0712890625
0 0.24951171875 0.83544921875 0.1396484375 0.1357421875
0 0.98291015625 0.47705078125 0.0341796875 0.1123046875
0 0.96630859375 0.57421875 0.0673828125 0.080078125
0 0.97705078125 0.654296875 0.0458984375 0.07421875
0 0.95849609375 0.79443359375 0.0830078125 0.0791015625
0 0.77294921875 0.80078125 0.1337890625 0.0859375
0 0.8857421875 0.96826171875 0.068359375 0.0634765625
0 0.9365234375 0.9140625 0.0625 0.0859375
0 0.94140625 0.96728515625 0.083984375 0.0654296875
0 0.98388671875 0.94580078125 0.0302734375 0.0810546875
0 0.0390625 0.95556640625 0.068359375 0.0869140625
0 0.216796875 0.89404296875 0.197265625 0.1123046875
0 0.15771484375 0.9267578125 0.1044921875 0.078125
0 0.80810546875 0.662109375 0.1240234375 0.09375
0 0.8466796875 0.71142578125 0.138671875 0.0966796875
0 0.5888671875 0.85888671875 0.0625 0.1689453125
0 0.4384765625 0.81787109375 0.171875 0.2666015625
0 0.48583984375 0.77685546875 0.1357421875 0.0478515625
0 0.54541015625 0.8828125 0.0556640625 0.138671875
0 0.7373046875 0.720703125 0.080078125 0.087890625
0 0.7041015625 0.685546875 0.0859375 0.09375
0 0.609375 0.65478515625 0.037109375 0.0439453125
0 0.63525390625 0.5966796875 0.0537109375 0.09765625
0 0.7353515625 0.59912109375 0.11328125 0.1064453125
0 0.4892578125 0.81982421875 0.076171875 0.0810546875
0 0.34619140625 0.91796875 0.0771484375 0.06640625
0 0.0234375 0.7509765625 0.046875 0.029296875
0 0.00439453125 0.79443359375 0.0087890625 0.0458984375
0 0.38427734375 0.5107421875 0.0615234375 0.05859375
0 0.548828125 0.7998046875 0.0390625 0.04296875
0 0.25 0.95361328125 0.080078125 0.0439453125
0 0.2294921875 0.658203125 0.03515625 0.0546875
0 0.2763671875 0.81591796875 0.07421875 0.0966796875
0 0.01416015625 0.48095703125 0.0283203125 0.0263671875
0 0.1767578125 0.45068359375 0.0390625 0.0322265625
0 0.2607421875 0.65478515625 0.044921875 0.0634765625
0 0.2978515625 0.95458984375 0.076171875 0.0400390625
0 0.37841796875 0.9794921875 0.0380859375 0.041015625
0 0.9765625 0.5576171875 0.046875 0.046875
0 0.56689453125 0.30419921875 0.0458984375 0.0439453125
0 0.677734375 0.57177734375 0.04296875 0.0517578125
0 0.49365234375 0.91064453125 0.0595703125 0.0771484375
