0 0.26025390625 0.44189453125 0.0712890625 0.0966796875
0 0.92919921875 0.98095703125 0.0556640625 0.0380859375
0 0.6904296875 0.34521484375 0.076171875 0.0634765625
0 0.2783203125 0.236328125 0.044921875 0.046875
0 0.44775390625 0.51806640625 0.0869140625 0.0712890625
0 0.35498046875 0.6669921875 0.1435546875 0.083984375
0 0.71435546875 0.91064453125 0.0830078125 0.0654296875
0 0.07177734375 0.70263671875 0.0634765625 0.0615234375
0 0.232421875 0.25048828125 0.033203125 0.0244140625
0 0.224609375 0.591796875 0.10546875 0.095703125
0 0.31298828125 0.26806640625 0.0302734375 0.0498046875
0 0.2626953125 0.93603515625 0.08203125 0.0751953125
0 0.1005859375 0.09912109375 0.177734375 0.1220703125
0 0.12939453125 0.958984375 0.0537109375 0.056640625
0 0.7939453125 0.8330078125 0.111328125 0.119140625
0 0.94775390625 0.7880859375 0.0927734375 0.046875
0 0.97607421875 0.283203125 0.0478515625 0.060546875
0 0.4599609375 0.28759765625 0.099609375 0.0673828125
0 0.84716796875 0.595703125 0.0849609375 0.044921875
0 0.01806640625 0.51220703125 0.0361328125 0.0830078125
0 0.78955078125 0.43359375 0.0634765625 0.09765625
0 0.740234375 0.984375 0.05859375 0.03125
0 0.9521484375 0.14697265625 0.095703125 0.0576171875
0 0.15185546875 0.83642578125 0.1005859375 0.0712890625
0 0.47509765625 0.97705078125 0.0595703125 0.0458984375
0 0.35791015625 0.97119140625 0.0615234375 0.0576171875
0 0.5712890625 0.49365234375 0.095703125 0.1181640625
0 0.3857421875 0.42236328125 0.1015625 0.0673828125
0 0.7470703125 0.12890625 0.09375 0.12890625
0 0.0791015625 0.55029296875 0.0703125 0.0673828125
0 0.12158203125 0.4228515625 0.0615234375 0.080078125
0 0.53369140625 0.91650390625 0.1064453125 0.0673828125
0 0.91943359375 0.091796875 0.0849609375 0.052734375
0 0.04833984375 0.259765625 0.0595703125 0.05078125
0 0.5810546875 0.11083984375 0.076171875 0.1357421875
0 0.77734375 0.49365234375 0.14453125 0.0966796875
0 0.513671875 0.08154296875 0.08984375 0.1591796875
0 0.36279296875 0.16796875 0.0712890625 0.05078125
0 0.392578125 0.8232421875 0.134765625 0.068359375
0 0.06640625 0.322265625 0.056640625 0.05078125
0 0.14501953125 0.34521484375 0.0810546875 0.0595703125
0 0.67529296875 0.30029296875 0.0576171875 0.0419921875
0 0.59033203125 0.681640625 0.1767578125 0.154296875
0 0.9794921875 0.36767578125 0.041015625 0.0537109375
