0 0.69189453125 0.73974609375 0.0576171875 0.0595703125
0 0.83642578125 0.70068359375 0.0439453125 0.0888671875
0 0.7763671875 0.39599609375 0.1015625 0.0361328125
0 0.6640625 0.6826171875 0.064453125 0.064453125
0 0.837890625 0.943359375 0.0625 0.09765625
0 0.85693359375 0.0693359375 0.0849609375 0.064453125
0 0.8974609375 0.82861328125 0.080078125 0.0634765625
0 0.9443359375 0.802734375 0.08203125 0.08984375
0 0.7333984375 0.79931640625 0.044921875 0.0498046875
0 0.9375 0.16162109375 0.0703125 0.1103515625
0 0.89404296875 0.013671875 0.1376953125 0.02734375
0 0.80078125 0.248046875 0.107421875 0.087890625
0 0.85986328125 0.16845703125 0.1201171875 0.0673828125
0 0.64453125 0.3154296875 0.0859375 0.072265625
0 0.9365234375 0.09765625 0.125 0.056640625
0 0.7919921875 0.8505859375 0.07421875 0.087890625
0 0.7900390625 0.6923828125 0.0390625 0.0390625
0 0.93408203125 0.13623046875 0.1083984375 0.0556640625
0 0.873046875 0.2958984375 0.1171875 0.08203125
