0 0.69873046875 0.33056640625 0.0537109375 0.0771484375
0 0.6806640625 0.6025390625 0.0703125 0.060546875
0 0.8330078125 0.345703125 0.041015625 0.12109375
0 0.8720703125 0.3408203125 0.02734375 0.046875
0 0.84228515625 0.25390625 0.0166015625 0.0390625
0 0.81640625 0.44091796875 0.041015625 0.0361328125
0 0.90087890625 0.42822265625 0.0498046875 0.0458984375
0 0.9296875 0.541015625 0.056640625 0.064453125
0 0.98876953125 0.30029296875 0.0224609375 0.0498046875
0 0.4541015625 0.47265625 0.076171875 0.07421875
0 0.44140625 0.54296875 0.056640625 0.06640625
0 0.9892578125 0.08349609375 0.021484375 0.0439453125
0 0.96826171875 0.166015625 0.0634765625 0.115234375
0 0.87353515625 0.22021484375 0.0419921875 0.0830078125
0 0.8251953125 0.15771484375 0.068359375 0.0830078125
0 0.890625 0.126953125 0.033203125 0.044921875
0 0.92529296875 0.005859375 0.0166015625 0.01171875
0 0.98046875 0.62939453125 0.03515625 0.0966796875
0 0.95556640625 0.67431640625 0.0634765625 0.0458984375
0 0.86962890625 0.57666015625 0.0478515625 0.0595703125
0 0.90673828125 0.611328125 0.0341796875 0.052734375
0 0.87255859375 0.67529296875 0.0439453125 0.0517578125
0 0.85302734375 0.6416015625 0.0244140625 0.03125
0 0.73828125 0.7919921875 0.044921875 0.044921875
0 0.66943359375 0.8251953125 0.0732421875 0.0546875
0 0.68701171875 0.8369140625 0.0712890625 0.046875
0 0.98583984375 0.78466796875 0.0283203125 0.0693359375
0 0.943359375 0.76025390625 0.03125 0.0498046875
0 0.9462890625 0.80029296875 0.04296875 0.0458984375
0 0.38623046875 0.6396484375 0.0693359375 0.083984375
0 0.5927734375 0.58251953125 0.04296875 0.0361328125
0 0.60595703125 0.7646484375 0.0791015625 0.056640625
0 0.53515625 0.7490234375 0.052734375 0.03515625
0 0.564453125 0.85595703125 0.05078125 0.0556640625
0 0.39111328125 0.810546875 0.0595703125 0.05859375
0 0.37890625 0.7705078125 0.029296875 0.03125
0 0.4912109375 0.57080078125 0.03515625 0.0849609375
0 0.5146484375 0.6318359375 0.0625 0.0390625
0 0.30859375 0.55126953125 0.06640625 0.0478515625
0 0.3671875 0.54638671875 0.037109375 0.0283203125
0 0.5341796875 0.98876953125 0.05078125 0.0224609375
0 0.44091796875 0.97119140625 0.0673828125 0.0556640625
0 0.97607421875 0.8671875 0.0478515625 0.0546875
0 0.98388671875 0.95361328125 0.0322265625 0.0615234375
0 0.9267578125 0.94189453125 0.06640625 0.0419921875
0 0.9150390625 0.8857421875 0.072265625 0.072265625
0 0.8427734375 0.90087890625 0.052734375 0.0556640625
0 0.84521484375 0.845703125 0.0283203125 0.048828125
0 0.890625 0.830078125 0.044921875 0.048828125
0 0.166015625 0.32470703125 0.091796875 0.0791015625
0 0.3251953125 0.41748046875 0.06640625 0.0576171875
0 0.34033203125 0.2802734375 0.0634765625 0.080078125
0 0.31787109375 0.353515625 0.0576171875 0.06640625
0 0.30224609375 0.20654296875 0.1123046875 0.0556640625
0 0.54248046875 0.18408203125 0.0400390625 0.0615234375
0 0.572265625 0.2236328125 0.03515625 0.060546875
0 0.42822265625 0.16650390625 0.1962890625 0.0615234375
0 0.16357421875 0.16650390625 0.0517578125 0.0537109375
0 0.4091796875 0.00732421875 0.052734375 0.0146484375
0 0.51806640625 0.02685546875 0.0283203125 0.0537109375
0 0.4892578125 0.060546875 0.048828125 0.0390625
0 0.4638671875 0.12255859375 0.033203125 0.0771484375
0 0.43310546875 0.12353515625 0.0341796875 0.0283203125
0 0.25830078125 0.01953125 0.0556640625 0.029296875
0 0.23974609375 0.05126953125 0.0791015625 0.1025390625
0 0.142578125 0.05517578125 0.048828125 0.0712890625
0 0.09228515625 0.02490234375 0.0517578125 0.0498046875
0 0.09814453125 0.11181640625 0.0732421875 0.0908203125
0 0.00927734375 0.2431640625 0.0185546875 0.03125
0 0.11083984375 0.40673828125 0.0791015625 0.0869140625
0 0.1826171875 0.44287109375 0.048828125 0.0400390625
0 0.189453125 0.5859375 0.0390625 0.046875
0 0.1494140625 0.57470703125 0.0390625 0.0576171875
0 0.18798828125 0.50244140625 0.0439453125 0.0693359375
0 0.15478515625 0.48046875 0.0830078125 0.041015625
0 0.0888671875 0.59423828125 0.078125 0.0400390625
0 0.1318359375 0.6435546875 0.046875 0.048828125
0 0.0400390625 0.6337890625 0.0625 0.07421875
0 0.3076171875 0.75830078125 0.099609375 0.0537109375
0 0.0283203125 0.82861328125 0.056640625 0.0556640625
0 0.0185546875 0.8984375 0.037109375 0.044921875
0 0.10888671875 0.89013671875 0.0615234375 0.0673828125
0 0.18798828125 0.923828125 0.0673828125 0.05078125
0 0.0869140625 0.98681640625 0.068359375 0.0263671875
0 0.244140625 0.41015625 0.02734375 0.03515625
0 0.9609375 0.57275390625 0.046875 0.0341796875
