0 0.55029296875 0.16552734375 0.0693359375 0.0654296875
0 0.55517578125 0.220703125 0.0791015625 0.05078125
0 0.34375 0.58447265625 0.06640625 0.0615234375
0 0.19873046875 0.24072265625 0.0302734375 0.0380859375
0 0.44921875 0.1171875 0.044921875 0.0546875
0 0.53515625 0.51513671875 0.046875 0.0849609375
0 0.87255859375 0.94775390625 0.1005859375 0.0654296875
0 0.39111328125 0.10107421875 0.0595703125 0.0673828125
0 0.87646484375 0.42138671875 0.0849609375 0.0693359375
0 0.48095703125 0.3701171875 0.0712890625 0.09375
0 0.36865234375 0.02783203125 0.1083984375 0.0537109375
0 0.60693359375 0.79931640625 0.0712890625 0.0673828125
0 0.56201171875 0.5966796875 0.1025390625 0.109375
0 0.67919921875 0.7119140625 0.0830078125 0.078125
0 0.97314453125 0.93505859375 0.0517578125 0.0615234375
0 0.05419921875 0.4638671875 0.0908203125 0.064453125
0 0.75537109375 0.24658203125 0.0791015625 0.0732421875
0 0.74267578125 0.943359375 0.0791015625 0.072265625
0 0.98291015625 0.48388671875 0.0341796875 0.0654296875
0 0.53466796875 0.78515625 0.0810546875 0.0625
0 0.11279296875 0.734375 0.0771484375 0.083984375
0 0.11767578125 0.55712890625 0.0810546875 0.0712890625
0 0.01416015625 0.123046875 0.0283203125 0.0625
0 0.96826171875 0.54150390625 0.0615234375 0.0673828125
0 0.92626953125 0.69580078125 0.0556640625 0.0556640625
0 0.02783203125 0.693359375 0.0556640625 0.064453125
0 0.36865234375 0.43408203125 0.0810546875 0.0693359375
0 0.70703125 0.2919921875 0.123046875 0.083984375
0 0.52978515625 0.8193359375 0.0400390625 0.041015625
0 0.26123046875 0.4599609375 0.1142578125 0.095703125
0 0.341796875 0.16455078125 0.107421875 0.0654296875
0 0.40869140625 0.95849609375 0.1064453125 0.0791015625
