0 0.59716796875 0.5537109375 0.0595703125 0.05078125
0 0.07763671875 0.974609375 0.0732421875 0.05078125
0 0.8212890625 0.26416015625 0.103515625 0.0888671875
0 0.67626953125 0.59716796875 0.0283203125 0.0322265625
0 0.41455078125 0.36962890625 0.0712890625 0.0712890625
0 0.296875 0.04541015625 0.064453125 0.0517578125
0 0.68798828125 0.41552734375 0.0458984375 0.0341796875
0 0.20703125 0.90234375 0.078125 0.068359375
0 0.517578125 0.1748046875 0.09375 0.1328125
0 0.5732421875 0.8642578125 0.048828125 0.09765625
0 0.478515625 0.38623046875 0.07421875 0.1044921875
0 0.75830078125 0.97705078125 0.0927734375 0.0458984375
0 0.291015625 0.79443359375 0.08203125 0.0810546875
0 0.9580078125 0.18896484375 0.07421875 0.0908203125
0 0.57666015625 0.4443359375 0.0830078125 0.080078125
0 0.6083984375 0.9365234375 0.078125 0.06640625
0 0.02490234375 0.6572265625 0.0498046875 0.064453125
0 0.3037109375 0.412109375 0.099609375 0.0703125
0 0.38720703125 0.72314453125 0.0595703125 0.1103515625
0 0.9453125 0.46875 0.052734375 0.0703125
0 0.40771484375 0.28271484375 0.0712890625 0.0751953125
0 0.140625 0.36181640625 0.072265625 0.0947265625
0 0.53125 0.3056640625 0.0625 0.07421875
0 0.44873046875 0.599609375 0.0732421875 0.060546875
0 0.0341796875 0.21044921875 0.05859375 0.1025390625
0 0.80810546875 0.1181640625 0.0634765625 0.060546875
0 0.58984375 0.0703125 0.126953125 0.078125
0 0.19384765625 0.54296875 0.0830078125 0.068359375
0 0.78173828125 0.8818359375 0.0595703125 0.07421875
0 0.365234375 0.6337890625 0.0859375 0.060546875
0 0.8916015625 0.90478515625 0.068359375 0.0830078125
0 0.07177734375 0.87255859375 0.0615234375 0.0830078125
0 0.3369140625 0.03173828125 0.0625 0.0634765625
0 0.88671875 0.9755859375 0.06640625 0.044921875
0 0.67138671875 0.36474609375 0.1162109375 0.0712890625
0 0.2783203125 0.470703125 0.072265625 0.072265625
0 0.39306640625 0.4912109375 0.0537109375 0.07421875
0 0.82421875 0.37548828125 0.150390625 0.1298828125
0 0.72705078125 0.87109375 0.0712890625 0.068359375
0 0.1259765625 0.91162109375 0.056640625 0.0576171875
0 0.42529296875 0.9716796875 0.0830078125 0.056640625
0 0.1279296875 0.791015625 0.05859375 0.08984375
0 0.5068359375 0.697265625 0.060546875 0.126953125
0 0.70751953125 0.09375 0.0595703125 0.046875
0 0.2822265625 0.62890625 0.05078125 0.072265625
0 0.97802734375 0.873046875 0.0439453125 0.048828125
0 0.60107421875 0.64306640625 0.1220703125 0.1005859375
0 0.736328125 0.40966796875 0.04296875 0.0537109375
0 0.42431640625 0.56298828125 0.0576171875 0.0673828125
0 0.50244140625 0.48388671875 0.0634765625 0.0693359375
0 0.06591796875 0.23291015625 0.0498046875 0.0537109375
