0 0.1630859375 0.22412109375 0.072265625 0.0849609375
0 0.21435546875 0.16552734375 0.1162109375 0.1474609375
0 0.103515625 0.30712890625 0.111328125 0.1025390625
0 0.130859375 0.41845703125 0.0859375 0.1474609375
0 0.02685546875 0.8193359375 0.0517578125 0.087890625
0 0.138671875 0.6103515625 0.076171875 0.07421875
0 0.9521484375 0.3740234375 0.095703125 0.095703125
0 0.0390625 0.07470703125 0.078125 0.1455078125
0 0.11181640625 0.69775390625 0.0888671875 0.0556640625
0 0.0400390625 0.60107421875 0.080078125 0.1083984375
0 0.1357421875 0.05078125 0.107421875 0.099609375
0 0.12890625 0.7529296875 0.158203125 0.123046875
0 0.1044921875 0.59716796875 0.126953125 0.1025390625
0 0.044921875 0.21923828125 0.0859375 0.0595703125
