0 0.595703125 0.0732421875 0.048828125 0.072265625
0 0.6318359375 0.98095703125 0.078125 0.0380859375
0 0.75390625 0.51416015625 0.1015625 0.1337890625
0 0.85791015625 0.412109375 0.0615234375 0.103515625
0 0.5146484375 0.51025390625 0.0546875 0.0908203125
0 0.93798828125 0.09521484375 0.1103515625 0.1083984375
0 0.75048828125 0.69384765625 0.0634765625 0.0908203125
0 0.8232421875 0.76904296875 0.0859375 0.0986328125
0 0.07080078125 0.39794921875 0.1376953125 0.0986328125
0 0.06640625 0.912109375 0.08203125 0.0625
0 0.91259765625 0.43896484375 0.0634765625 0.0673828125
0 0.1337890625 0.09326171875 0.044921875 0.0654296875
0 0.72216796875 0.2294921875 0.0595703125 0.08984375
0 0.853515625 0.26318359375 0.09765625 0.1318359375
0 0.251953125 0.72265625 0.060546875 0.064453125
0 0.505859375 0.6162109375 0.0546875 0.08203125
0 0.23388671875 0.185546875 0.0771484375 0.056640625
0 0.7919921875 0.044921875 0.06640625 0.07421875
0 0.2294921875 0.591796875 0.05859375 0.052734375
