0 0.78173828125 0.50146484375 0.1142578125 0.0673828125
0 0.388671875 0.7119140625 0.0390625 0.056640625
0 0.04296875 0.21484375 0.083984375 0.080078125
0 0.02001953125 0.5654296875 0.0400390625 0.048828125
0 0.33544921875 0.02685546875 0.0673828125 0.0419921875
0 0.0390625 0.83154296875 0.07421875 0.1123046875
0 0.119140625 0.56005859375 0.087890625 0.0810546875
0 0.51416015625 0.447265625 0.0791015625 0.1484375
0 0.33837890625 0.861328125 0.0908203125 0.08984375
0 0.55517578125 0.63818359375 0.1123046875 0.0791015625
0 0.89599609375 0.322265625 0.1005859375 0.1171875
0 0.10302734375 0.4638671875 0.0498046875 0.044921875
0 0.55224609375 0.85791015625 0.0791015625 0.1123046875
0 0.9365234375 0.64208984375 0.10546875 0.0810546875
0 0.2861328125 0.0517578125 0.0703125 0.091796875
0 0.1630859375 0.29736328125 0.03125 0.0419921875
0 0.0703125 0.95849609375 0.095703125 0.0751953125
0 0.4326171875 0.60791015625 0.1328125 0.1064453125
0 0.0888671875 0.650390625 0.033203125 0.04296875
0 0.02880859375 0.35302734375 0.0576171875 0.0908203125
0 0.705078125 0.74755859375 0.1171875 0.0810546875
0 0.216796875 0.3759765625 0.109375 0.09375
0 0.29931640625 0.9716796875 0.0927734375 0.056640625
0 0.267578125 0.6962890625 0.095703125 0.08203125
0 0.64794921875 0.56396484375 0.0849609375 0.0615234375
0 0.736328125 0.84716796875 0.14453125 0.1181640625
0 0.17041015625 0.67431640625 0.1162109375 0.1064453125
0 0.88134765625 0.1005859375 0.0693359375 0.08203125
0 0.43408203125 0.34375 0.0869140625 0.1484375
0 0.0458984375 0.708984375 0.0859375 0.05859375
0 0.57421875 0.4765625 0.06640625 0.052734375
0 0.2021484375 0.02734375 0.08203125 0.052734375
