0 0.8857421875 0.5712890625 0.0546875 0.087890625
0 0.79931640625 0.455078125 0.1005859375 0.095703125
0 0.951171875 0.36279296875 0.08984375 0.0751953125
0 0.86328125 0.24755859375 0.181640625 0.1240234375
0 0.640625 0.46484375 0.0390625 0.115234375
0 0.6015625 0.400390625 0.0546875 0.08203125
0 0.7060546875 0.578125 0.09765625 0.048828125
0 0.4599609375 0.4892578125 0.091796875 0.0625
0 0.3759765625 0.48193359375 0.10546875 0.0556640625
0 0.4482421875 0.64892578125 0.048828125 0.0849609375
0 0.5458984375 0.79248046875 0.05859375 0.0810546875
0 0.69189453125 0.77978515625 0.0654296875 0.0751953125
0 0.67724609375 0.70751953125 0.1298828125 0.0361328125
0 0.57958984375 0.61376953125 0.0634765625 0.0458984375
0 0.85400390625 0.9140625 0.1220703125 0.03125
0 0.51806640625 0.91796875 0.0732421875 0.072265625
0 0.35498046875 0.8564453125 0.1259765625 0.078125
0 0.27197265625 0.7861328125 0.0927734375 0.0546875
0 0.2646484375 0.6748046875 0.08984375 0.044921875
0 0.60498046875 0.8896484375 0.0478515625 0.0546875
0 0.50439453125 0.71826171875 0.0322265625 0.0615234375
0 0.91650390625 0.91845703125 0.1162109375 0.0615234375
0 0.96240234375 0.578125 0.0673828125 0.04296875
0 0.72802734375 0.66748046875 0.0771484375 0.0576171875
0 0.13720703125 0.515625 0.1259765625 0.068359375
0 0.2158203125 0.455078125 0.201171875 0.046875
0 0.2451171875 0.32421875 0.04296875 0.119140625
0 0.1298828125 0.37353515625 0.173828125 0.0830078125
0 0.58154296875 0.31201171875 0.1435546875 0.0869140625
0 0.76416015625 0.1787109375 0.0791015625 0.087890625
0 0.12646484375 0.23486328125 0.0986328125 0.0498046875
0 0.109375 0.29150390625 0.09765625 0.1005859375
0 0.10546875 0.14794921875 0.064453125 0.0419921875
0 0.0458984375 0.30322265625 0.083984375 0.1279296875
0 0.17333984375 0.314453125 0.0908203125 0.05078125
0 0.75732421875 0.75048828125 0.0439453125 0.0380859375
0 0.46728515625 0.740234375 0.0322265625 0.03125
0 0.21826171875 0.7431640625 0.0654296875 0.056640625
0 0.38232421875 0.61767578125 0.0439453125 0.0302734375
0 0.1884765625 0.6240234375 0.046875 0.0390625
0 0.16748046875 0.65185546875 0.0380859375 0.0361328125
0 0.32861328125 0.525390625 0.0810546875 0.056640625
0 0.30859375 0.4736328125 0.171875 0.126953125
0 0.7578125 0.51904296875 0.068359375 0.0517578125
0 0.7490234375 0.416015625 0.119140625 0.111328125
0 0.693359375 0.291015625 0.046875 0.07421875
0 0.68994140625 0.24560546875 0.0556640625 0.0634765625
0 0.41845703125 0.1259765625 0.1259765625 0.078125
0 0.65087890625 0.39501953125 0.0380859375 0.0517578125
0 0.0146484375 0.18359375 0.021484375 0.044921875
0 0.57177734375 0.9111328125 0.0263671875 0.037109375
0 0.21484375 0.87060546875 0.03125 0.0205078125
0 0.1982421875 0.8330078125 0.017578125 0.017578125
0 0.2236328125 0.8291015625 0.01953125 0.015625
0 0.52490234375 0.08203125 0.0986328125 0.064453125
0 0.09228515625 0.97705078125 0.1123046875 0.0458984375
0 0.17333984375 0.19677734375 0.0439453125 0.0517578125
