0 0.75634765625 0.9208984375 0.0634765625 0.0703125
0 0.60546875 0.64306640625 0.087890625 0.0556640625
0 0.7109375 0.337890625 0.12890625 0.09765625
0 0.8486328125 0.6396484375 0.115234375 0.158203125
0 0.81005859375 0.23974609375 0.1298828125 0.0927734375
0 0.22314453125 0.72802734375 0.1123046875 0.0556640625
0 0.94482421875 0.42724609375 0.1103515625 0.0927734375
0 0.416015625 0.64306640625 0.07421875 0.0498046875
0 0.162109375 0.02587890625 0.0625 0.0517578125
0 0.8310546875 0.73388671875 0.1328125 0.0498046875
0 0.92724609375 0.31689453125 0.0869140625 0.0771484375
0 0.3544921875 0.3623046875 0.13671875 0.107421875
0 0.23974609375 0.83203125 0.1083984375 0.09375
0 0.38134765625 0.72705078125 0.0791015625 0.1123046875
0 0.8203125 0.90478515625 0.10546875 0.1123046875
0 0.6572265625 0.91943359375 0.0859375 0.0869140625
0 0.87548828125 0.0654296875 0.1337890625 0.126953125
0 0.669921875 0.326171875 0.046875 0.033203125
0 0.97021484375 0.84375 0.0595703125 0.119140625
0 0.83056640625 0.33251953125 0.0849609375 0.0751953125
0 0.4716796875 0.44970703125 0.154296875 0.0732421875
0 0.15625 0.57275390625 0.06640625 0.1357421875
0 0.279296875 0.2890625 0.12890625 0.08203125
0 0.28125 0.75244140625 0.076171875 0.0498046875
0 0.6357421875 0.57470703125 0.134765625 0.0810546875
0 0.98193359375 0.51904296875 0.0361328125 0.0771484375
0 0.55712890625 0.83203125 0.0888671875 0.0546875
0 0.48388671875 0.21875 0.0947265625 0.064453125
0 0.10888671875 0.67724609375 0.1357421875 0.0732421875
0 0.71142578125 0.47802734375 0.1689453125 0.0888671875
0 0.05126953125 0.43798828125 0.1025390625 0.0947265625
0 0.57373046875 0.978515625 0.0888671875 0.04296875
0 0.041015625 0.1630859375 0.08203125 0.080078125
0 0.38623046875 0.9375 0.2138671875 0.07421875
0 0.69970703125 0.83154296875 0.1025390625 0.0478515625
0 0.65234375 0.794921875 0.099609375 0.068359375
0 0.68798828125 0.1376953125 0.0888671875 0.095703125
0 0.47265625 0.83447265625 0.134765625 0.0810546875
0 0.93408203125 0.9765625 0.0673828125 0.044921875
