0 0.4345703125 0.212890625 0.080078125 0.107421875
0 0.56494140625 0.31494140625 0.0537109375 0.0751953125
0 0.56494140625 0.787109375 0.0673828125 0.064453125
0 0.38720703125 0.23583984375 0.1103515625 0.1123046875
0 0.63330078125 0.82958984375 0.0908203125 0.0732421875
0 0.65576171875 0.46826171875 0.0830078125 0.0869140625
0 0.07470703125 0.15234375 0.0634765625 0.056640625
0 0.66845703125 0.0244140625 0.0732421875 0.046875
0 0.59375 0.27880859375 0.05078125 0.0732421875
0 0.41015625 0.33740234375 0.068359375 0.0615234375
0 0.49951171875 0.37060546875 0.0849609375 0.0869140625
0 0.51318359375 0.28173828125 0.0927734375 0.1201171875
0 0.5205078125 0.84716796875 0.072265625 0.0732421875
0 0.02001953125 0.2392578125 0.0400390625 0.0546875
0 0.45703125 0.650390625 0.064453125 0.048828125
