0 0.51318359375 0.48486328125 0.0947265625 0.0595703125
0 0.59521484375 0.60595703125 0.1201171875 0.1376953125
0 0.3271484375 0.0791015625 0.064453125 0.123046875
0 0.64990234375 0.69970703125 0.1201171875 0.0576171875
0 0.32958984375 0.5390625 0.1142578125 0.05078125
0 0.9609375 0.80615234375 0.076171875 0.0654296875
0 0.833984375 0.7578125 0.08984375 0.115234375
0 0.8935546875 0.349609375 0.119140625 0.05078125
0 0.93994140625 0.412109375 0.1162109375 0.087890625
0 0.1318359375 0.22509765625 0.08203125 0.0947265625
0 0.9384765625 0.76513671875 0.056640625 0.1025390625
0 0.29345703125 0.83056640625 0.0419921875 0.0576171875
0 0.82666015625 0.970703125 0.0673828125 0.056640625
0 0.03564453125 0.46435546875 0.0693359375 0.1259765625
0 0.26220703125 0.265625 0.1142578125 0.0625
0 0.013671875 0.94384765625 0.02734375 0.1123046875
0 0.0947265625 0.658203125 0.080078125 0.072265625
0 0.86474609375 0.064453125 0.0537109375 0.076171875
0 0.91748046875 0.8330078125 0.1650390625 0.0703125
0 0.52978515625 0.02685546875 0.0712890625 0.0537109375
0 0.5283203125 0.3408203125 0.05078125 0.0703125
0 0.31689453125 0.6455078125 0.1083984375 0.05078125
0 0.21142578125 0.87451171875 0.1337890625 0.1064453125
0 0.28564453125 0.3935546875 0.0517578125 0.076171875
0 0.24560546875 0.677734375 0.1279296875 0.07421875
0 0.01416015625 0.67724609375 0.0283203125 0.0537109375
0 0.615234375 0.91357421875 0.078125 0.1220703125
0 0.80712890625 0.22509765625 0.0498046875 0.0615234375
0 0.19189453125 0.7861328125 0.0712890625 0.107421875
0 0.51220703125 0.23681640625 0.0849609375 0.0595703125
0 0.03564453125 0.21484375 0.0712890625 0.083984375
0 0.0634765625 0.04443359375 0.06640625 0.0888671875
0 0.076171875 0.58447265625 0.072265625 0.0888671875
0 0.41162109375 0.8291015625 0.0634765625 0.056640625
0 0.630859375 0.8212890625 0.1640625 0.064453125
0 0.22705078125 0.53466796875 0.0810546875 0.0673828125
0 0.35498046875 0.9541015625 0.0517578125 0.087890625
0 0.68212890625 0.3759765625 0.1279296875 0.162109375
0 0.96435546875 0.02197265625 0.0693359375 0.0439453125
0 0.201171875 0.06201171875 0.06640625 0.0751953125
0 0.7470703125 0.26025390625 0.16015625 0.0908203125
0 0.39453125 0.494140625 0.09765625 0.056640625
0 0.923828125 0.07763671875 0.0703125 0.0634765625
0 0.9765625 0.154296875 0.046875 0.078125
0 0.9033203125 0.50146484375 0.0859375 0.1943359375
0 0.17578125 0.1220703125 0.0859375 0.06640625
0 0.48193359375 0.05712890625 0.0908203125 0.0654296875
0 0.38330078125 0.2958984375 0.0595703125 0.07421875
0 0.01953125 0.755859375 0.0390625 0.078125
0 0.05224609375 0.89111328125 0.0634765625 0.0595703125
0 0.7724609375 0.53271484375 0.056640625 0.0634765625
0 0.2626953125 0.04638671875 0.056640625 0.0595703125
0 0.7451171875 0.91845703125 0.123046875 0.0498046875
