0 0.73681640625 0.90771484375 0.1826171875 0.0947265625
0 0.49267578125 0.21630859375 0.0751953125 0.0517578125
0 0.48388671875 0.62109375 0.0615234375 0.0703125
0 0.45068359375 0.10107421875 0.1123046875 0.0732421875
0 0.037109375 0.9287109375 0.07421875 0.09375
0 0.80615234375 0.18896484375 0.1181640625 0.1220703125
0 0.1220703125 0.9560546875 0.076171875 0.087890625
0 0.162109375 0.7158203125 0.068359375 0.0859375
0 0.95361328125 0.2529296875 0.0869140625 0.044921875
0 0.56103515625 0.1591796875 0.0791015625 0.08984375
0 0.529296875 0.86865234375 0.087890625 0.0673828125
0 0.5927734375 0.248046875 0.083984375 0.076171875
0 0.162109375 0.5302734375 0.0703125 0.078125
0 0.0234375 0.17138671875 0.044921875 0.0908203125
0 0.9521484375 0.96240234375 0.095703125 0.0654296875
0 0.201171875 0.6748046875 0.09375 0.08203125
0 0.951171875 0.3330078125 0.080078125 0.056640625
0 0.212890625 0.5322265625 0.056640625 0.05078125
0 0.84130859375 0.884765625 0.0712890625 0.06640625
0 0.60986328125 0.41162109375 0.0830078125 0.0673828125
0 0.81396484375 0.28662109375 0.0810546875 0.0673828125
0 0.171875 0.416015625 0.068359375 0.064453125
0 0.35888671875 0.751953125 0.0927734375 0.072265625
0 0.1884765625 0.01611328125 0.046875 0.0322265625
0 0.1162109375 0.32275390625 0.068359375 0.0517578125
0 0.8037109375 0.52978515625 0.1171875 0.0947265625
0 0.8056640625 0.0888671875 0.060546875 0.087890625
0 0.5283203125 0.9697265625 0.072265625 0.060546875
0 0.9755859375 0.0654296875 0.046875 0.056640625
