0 0.982421875 0.73486328125 0.009765625 0.0380859375
0 0.96044921875 0.7001953125 0.0537109375 0.046875
0 0.8955078125 0.6787109375 0.0390625 0.04296875
0 0.96826171875 0.59912109375 0.0380859375 0.0771484375
0 0.93212890625 0.587890625 0.0556640625 0.05859375
0 0.888671875 0.78857421875 0.037109375 0.0478515625
0 0.8916015625 0.85693359375 0.056640625 0.0517578125
0 0.7099609375 0.83056640625 0.0703125 0.0537109375
0 0.75341796875 0.73486328125 0.0341796875 0.0322265625
0 0.611328125 0.81494140625 0.046875 0.0322265625
0 0.53955078125 0.76220703125 0.0439453125 0.0400390625
0 0.46044921875 0.77392578125 0.0556640625 0.0458984375
0 0.439453125 0.724609375 0.078125 0.037109375
0 0.37744140625 0.927734375 0.0458984375 0.033203125
0 0.15283203125 0.7607421875 0.0791015625 0.03515625
0 0.21337890625 0.72412109375 0.0361328125 0.0537109375
0 0.20166015625 0.6552734375 0.0732421875 0.052734375
0 0.47705078125 0.56103515625 0.0419921875 0.0419921875
0 0.54931640625 0.47900390625 0.0400390625 0.1318359375
0 0.1640625 0.4970703125 0.078125 0.029296875
0 0.0615234375 0.4150390625 0.0546875 0.052734375
0 0.1591796875 0.392578125 0.052734375 0.05078125
0 0.38232421875 0.3857421875 0.0732421875 0.0390625
0 0.46142578125 0.38671875 0.0419921875 0.046875
0 0.19775390625 0.32275390625 0.0361328125 0.0361328125
0 0.3935546875 0.33203125 0.046875 0.0390625
0 0.513671875 0.3046875 0.041015625 0.0625
0 0.64208984375 0.3193359375 0.0458984375 0.048828125
0 0.6162109375 0.37841796875 0.041015625 0.0439453125
0 0.7919921875 0.44482421875 0.064453125 0.0341796875
0 0.89111328125 0.47705078125 0.0576171875 0.0458984375
0 0.7744140625 0.345703125 0.044921875 0.033203125
0 0.68017578125 0.58935546875 0.0458984375 0.0791015625
0 0.77490234375 0.6318359375 0.0439453125 0.05078125
0 0.77197265625 0.68212890625 0.0498046875 0.0439453125
0 0.61572265625 0.69921875 0.0478515625 0.0390625
0 0.85693359375 0.09375 0.0517578125 0.078125
0 0.94189453125 0.09619140625 0.0458984375 0.1298828125
0 0.5830078125 0.150390625 0.068359375 0.087890625
0 0.55029296875 0.08154296875 0.0654296875 0.0869140625
0 0.71044921875 0.0830078125 0.0341796875 0.04296875
0 0.49853515625 0.0595703125 0.0537109375 0.037109375
0 0.322265625 0.09033203125 0.099609375 0.0419921875
0 0.173828125 0.1103515625 0.056640625 0.0546875
0 0.115234375 0.15673828125 0.087890625 0.0400390625
0 0.42724609375 0.2177734375 0.0458984375 0.0859375
0 0.5166015625 0.162109375 0.037109375 0.0546875
0 0.806640625 0.30224609375 0.04296875 0.0439453125
0 0.7275390625 0.26513671875 0.05859375 0.0439453125
0 0.7216796875 0.4443359375 0.033203125 0.029296875
0 0.41162109375 0.70751953125 0.0537109375 0.0322265625
0 0.25830078125 0.09033203125 0.0517578125 0.0556640625
0 0.92236328125 0.328125 0.0478515625 0.029296875
0 0.58740234375 0.443359375 0.0439453125 0.06640625
