0 0.0458984375 0.0595703125 0.087890625 0.115234375
0 0.91943359375 0.23779296875 0.1044921875 0.1474609375
0 0.34619140625 0.794921875 0.1220703125 0.083984375
0 0.23291015625 0.609375 0.1376953125 0.126953125
0 0.14794921875 0.51220703125 0.0986328125 0.1142578125
0 0.16796875 0.41796875 0.095703125 0.07421875
0 0.27685546875 0.47705078125 0.1318359375 0.1103515625
0 0.83447265625 0.56982421875 0.1103515625 0.1103515625
0 0.65771484375 0.4140625 0.0732421875 0.0625
0 0.939453125 0.0546875 0.080078125 0.087890625
0 0.89697265625 0.09033203125 0.0576171875 0.0947265625
0 0.2294921875 0.0400390625 0.056640625 0.076171875
0 0.857421875 0.4892578125 0.080078125 0.099609375
0 0.9384765625 0.56982421875 0.091796875 0.1416015625
0 0.615234375 0.3076171875 0.103515625 0.103515625
0 0.03564453125 0.17822265625 0.0576171875 0.0712890625
0 0.7939453125 0.4833984375 0.07421875 0.0703125
0 0.26708984375 0.091796875 0.0810546875 0.109375
0 0.806640625 0.21728515625 0.107421875 0.1396484375
