0 0.041015625 0.29052734375 0.08203125 0.2373046875
0 0.76806640625 0.7744140625 0.0927734375 0.134765625
0 0.34521484375 0.298828125 0.0654296875 0.080078125
0 0.29345703125 0.88623046875 0.1279296875 0.2275390625
0 0.12890625 0.666015625 0.162109375 0.2421875
0 0.4140625 0.79443359375 0.091796875 0.0849609375
0 0.8076171875 0.38134765625 0.134765625 0.1025390625
0 0.4521484375 0.91943359375 0.10546875 0.1494140625
0 0.22412109375 0.3701171875 0.0771484375 0.13671875
0 0.408203125 0.951171875 0.0625 0.09765625
0 0.85107421875 0.849609375 0.1025390625 0.14453125
0 0.29296875 0.22216796875 0.087890625 0.1826171875
0 0.7060546875 0.9248046875 0.177734375 0.150390625
0 0.87841796875 0.349609375 0.1630859375 0.205078125
0 0.91064453125 0.54638671875 0.1025390625 0.1376953125
0 0.21923828125 0.64453125 0.0498046875 0.17578125
