0 0.03662109375 0.5185546875 0.0732421875 0.083984375
0 0.015625 0.11962890625 0.03125 0.0849609375
0 0.78759765625 0.87060546875 0.0986328125 0.1689453125
0 0.20361328125 0.869140625 0.0908203125 0.125
0 0.26806640625 0.0478515625 0.0634765625 0.091796875
0 0.45947265625 0.2099609375 0.1298828125 0.126953125
0 0.09912109375 0.66796875 0.1337890625 0.068359375
0 0.10546875 0.9609375 0.083984375 0.078125
0 0.64697265625 0.44189453125 0.1513671875 0.0869140625
0 0.43310546875 0.89306640625 0.0947265625 0.1240234375
0 0.93603515625 0.87548828125 0.0771484375 0.1201171875
0 0.78076171875 0.373046875 0.0556640625 0.111328125
0 0.02294921875 0.955078125 0.0458984375 0.0703125
0 0.353515625 0.1845703125 0.123046875 0.1484375
0 0.8984375 0.71484375 0.080078125 0.12890625
0 0.7646484375 0.64453125 0.103515625 0.08203125
0 0.05712890625 0.31640625 0.0673828125 0.08984375
0 0.78564453125 0.96826171875 0.0849609375 0.0634765625
0 0.58447265625 0.0302734375 0.0732421875 0.060546875
0 0.03271484375 0.2001953125 0.0654296875 0.0546875
0 0.033203125 0.38037109375 0.06640625 0.0732421875
0 0.50732421875 0.9677734375 0.0751953125 0.064453125
0 0.28271484375 0.17724609375 0.0615234375 0.0830078125
0 0.95166015625 0.59619140625 0.0947265625 0.1103515625
0 0.4306640625 0.69970703125 0.107421875 0.1005859375
0 0.8740234375 0.3896484375 0.0859375 0.140625
0 0.69140625 0.66650390625 0.109375 0.1279296875
0 0.21826171875 0.599609375 0.0869140625 0.06640625
0 0.0849609375 0.09716796875 0.064453125 0.1240234375
