0 0.896484375 0.876953125 0.056640625 0.09375
0 0.32177734375 0.3046875 0.1298828125 0.18359375
0 0.8779296875 0.203125 0.041015625 0.125
0 0.64306640625 0.63525390625 0.0458984375 0.0595703125
0 0.15576171875 0.88671875 0.0830078125 0.0625
0 0.2919921875 0.041015625 0.05859375 0.07421875
0 0.15478515625 0.01904296875 0.0537109375 0.0380859375
0 0.2744140625 0.8759765625 0.150390625 0.1171875
0 0.970703125 0.20751953125 0.05859375 0.1376953125
0 0.0380859375 0.20703125 0.072265625 0.080078125
0 0.87109375 0.67236328125 0.0546875 0.0634765625
0 0.18212890625 0.56201171875 0.1142578125 0.1298828125
0 0.6435546875 0.73681640625 0.064453125 0.0556640625
0 0.86572265625 0.49072265625 0.0986328125 0.1416015625
0 0.67333984375 0.46435546875 0.0556640625 0.0673828125
0 0.9658203125 0.71533203125 0.060546875 0.0732421875
0 0.8505859375 0.03662109375 0.048828125 0.0556640625
0 0.90087890625 0.05712890625 0.0634765625 0.0986328125
0 0.890625 0.57080078125 0.0625 0.0517578125
0 0.779296875 0.33056640625 0.0703125 0.0986328125
0 0.72119140625 0.30078125 0.0791015625 0.080078125
