0 0.08056640625 0.205078125 0.0673828125 0.078125
0 0.98828125 0.76708984375 0.0234375 0.0693359375
0 0.51318359375 0.8955078125 0.0654296875 0.064453125
0 0.53857421875 0.27587890625 0.0927734375 0.0771484375
0 0.3505859375 0.26220703125 0.072265625 0.0498046875
0 0.52734375 0.3681640625 0.0625 0.056640625
0 0.501953125 0.43212890625 0.046875 0.0615234375
0 0.97802734375 0.26953125 0.0439453125 0.103515625
0 0.02685546875 0.78369140625 0.0537109375 0.1005859375
0 0.1044921875 0.5029296875 0.048828125 0.052734375
0 0.18212890625 0.0625 0.0458984375 0.05078125
0 0.904296875 0.91650390625 0.05859375 0.0498046875
0 0.23388671875 0.06640625 0.0517578125 0.0546875
0 0.94140625 0.90234375 0.07421875 0.076171875
0 0.75341796875 0.19873046875 0.0673828125 0.0751953125
0 0.615234375 0.0205078125 0.060546875 0.0390625
0 0.29541015625 0.45556640625 0.1083984375 0.0634765625
0 0.14208984375 0.03662109375 0.0478515625 0.0556640625
0 0.20654296875 0.22412109375 0.0869140625 0.1044921875
0 0.2861328125 0.20654296875 0.064453125 0.0693359375
0 0.857421875 0.78369140625 0.072265625 0.0400390625
0 0.48388671875 0.3828125 0.0654296875 0.078125
0 0.5 0.52734375 0.0859375 0.0625
0 0.7509765625 0.357421875 0.08203125 0.060546875
0 0.6806640625 0.3720703125 0.052734375 0.048828125
0 0.83837890625 0.30810546875 0.0791015625 0.0830078125
0 0.0380859375 0.91259765625 0.0703125 0.0458984375
0 0.5703125 0.734375 0.0625 0.060546875
0 0.9609375 0.83203125 0.0546875 0.052734375
0 0.94677734375 0.39990234375 0.0517578125 0.0517578125
0 0.39990234375 0.71728515625 0.0849609375 0.0615234375
0 0.7431640625 0.4794921875 0.0546875 0.056640625
0 0.3623046875 0.78271484375 0.091796875 0.0634765625
0 0.162109375 0.42041015625 0.060546875 0.0439453125
0 0.36279296875 0.30029296875 0.0263671875 0.0244140625
0 0.66650390625 0.93994140625 0.0478515625 0.0556640625
0 0.10302734375 0.38720703125 0.1220703125 0.0732421875
0 0.9169921875 0.3037109375 0.060546875 0.0625
0 0.4208984375 0.009765625 0.076171875 0.01953125
0 0.55517578125 0.02734375 0.0478515625 0.0546875
0 0.09765625 0.30029296875 0.06640625 0.0654296875
0 0.935546875 0.47509765625 0.0625 0.0537109375
0 0.42041015625 0.904296875 0.0771484375 0.080078125
0 0.6650390625 0.23583984375 0.095703125 0.0595703125
0 0.94873046875 0.5107421875 0.0654296875 0.04296875
0 0.5556640625 0.89208984375 0.048828125 0.0400390625
0 0.267578125 0.35498046875 0.099609375 0.0693359375
0 0.2626953125 0.91064453125 0.080078125 0.0751953125
0 0.7880859375 0.56298828125 0.08203125 0.0556640625
0 0.5654296875 0.43017578125 0.052734375 0.0654296875
0 0.0830078125 0.0634765625 0.048828125 0.080078125
0 0.82861328125 0.0546875 0.0693359375 0.07421875
