0 0.05810546875 0.62109375 0.0634765625 0.041015625
0 0.4033203125 0.28759765625 0.041015625 0.0498046875
0 0.86962890625 0.26416015625 0.0419921875 0.0556640625
0 0.92919921875 0.32763671875 0.0458984375 0.0634765625
0 0.8681640625 0.73974609375 0.05859375 0.0458984375
0 0.8642578125 0.7880859375 0.05078125 0.05078125
0 0.31103515625 0.978515625 0.0517578125 0.04296875
0 0.501953125 0.83203125 0.033203125 0.064453125
0 0.45849609375 0.240234375 0.0498046875 0.052734375
0 0.1279296875 0.9306640625 0.052734375 0.05859375
0 0.6181640625 0.13134765625 0.05859375 0.0576171875
0 0.2548828125 0.6884765625 0.078125 0.0703125
0 0.4208984375 0.451171875 0.044921875 0.0859375
0 0.43798828125 0.9169921875 0.0888671875 0.134765625
0 0.02099609375 0.75146484375 0.0419921875 0.0615234375
0 0.5322265625 0.369140625 0.046875 0.056640625
0 0.65966796875 0.5380859375 0.0537109375 0.060546875
0 0.17578125 0.8388671875 0.02734375 0.037109375
0 0.849609375 0.22021484375 0.044921875 0.0322265625
0 0.33984375 0.23828125 0.044921875 0.03125
0 0.60693359375 0.55859375 0.0322265625 0.044921875
0 0.47021484375 0.7001953125 0.0888671875 0.076171875
0 0.869140625 0.9345703125 0.044921875 0.0625
0 0.12890625 0.29443359375 0.06640625 0.0947265625
0 0.27880859375 0.166015625 0.0380859375 0.05078125
0 0.07958984375 0.27197265625 0.0537109375 0.0498046875
0 0.65771484375 0.21435546875 0.0732421875 0.0595703125
0 0.4462890625 0.84326171875 0.0546875 0.0693359375
0 0.57763671875 0.45166015625 0.0634765625 0.0478515625
0 0.81103515625 0.04052734375 0.0595703125 0.0615234375
0 0.78955078125 0.77734375 0.0458984375 0.0390625
0 0.9404296875 0.23779296875 0.095703125 0.0908203125
0 0.20263671875 0.40771484375 0.0751953125 0.0458984375
0 0.38427734375 0.78466796875 0.0537109375 0.0810546875
0 0.10888671875 0.78515625 0.0576171875 0.0859375
0 0.26171875 0.91064453125 0.111328125 0.1064453125
0 0.041015625 0.90673828125 0.037109375 0.0380859375
0 0.08251953125 0.341796875 0.0517578125 0.0703125
0 0.22509765625 0.81591796875 0.0380859375 0.0517578125
0 0.28515625 0.03759765625 0.0390625 0.0517578125
0 0.810546875 0.9580078125 0.0703125 0.083984375
0 0.93603515625 0.37158203125 0.0498046875 0.0380859375
0 0.033203125 0.55126953125 0.06640625 0.0693359375
0 0.9775390625 0.853515625 0.044921875 0.056640625
