0 0.7080078125 0.55126953125 0.103515625 0.0869140625
0 0.0537109375 0.32568359375 0.107421875 0.0771484375
0 0.48779296875 0.4326171875 0.0556640625 0.06640625
0 0.5732421875 0.2783203125 0.0703125 0.05078125
0 0.76953125 0.6806640625 0.07421875 0.056640625
0 0.89013671875 0.982421875 0.0947265625 0.029296875
0 0.39453125 0.5703125 0.0703125 0.046875
0 0.71435546875 0.4326171875 0.0908203125 0.0625
0 0.33447265625 0.5078125 0.0869140625 0.076171875
0 0.79150390625 0.97314453125 0.0478515625 0.0478515625
0 0.66455078125 0.77978515625 0.0400390625 0.0400390625
0 0.4833984375 0.95556640625 0.076171875 0.0693359375
0 0.65625 0.97607421875 0.08203125 0.0478515625
0 0.60302734375 0.67041015625 0.0673828125 0.1025390625
0 0.74462890625 0.18359375 0.0654296875 0.05859375
0 0.634765625 0.75537109375 0.048828125 0.0673828125
0 0.49951171875 0.80517578125 0.0654296875 0.0712890625
0 0.76123046875 0.2978515625 0.0615234375 0.072265625
0 0.3935546875 0.740234375 0.044921875 0.0546875
0 0.13623046875 0.88037109375 0.0556640625 0.0712890625
0 0.4853515625 0.3408203125 0.044921875 0.041015625
0 0.9775390625 0.31201171875 0.04296875 0.0693359375
0 0.54248046875 0.86474609375 0.0849609375 0.0927734375
0 0.076171875 0.68798828125 0.06640625 0.1044921875
0 0.07373046875 0.5712890625 0.0654296875 0.05078125
0 0.97216796875 0.86083984375 0.0556640625 0.0556640625
0 0.4853515625 0.49267578125 0.060546875 0.0537109375
0 0.1103515625 0.970703125 0.04296875 0.05078125
0 0.01708984375 0.43701171875 0.0341796875 0.0537109375
0 0.27001953125 0.919921875 0.0791015625 0.08203125
0 0.96826171875 0.703125 0.0634765625 0.083984375
0 0.958984375 0.58935546875 0.068359375 0.0673828125
0 0.9521484375 0.8984375 0.064453125 0.048828125
