0 0.18994140625 0.66943359375 0.0693359375 0.0478515625
0 0.79248046875 0.57275390625 0.0419921875 0.0400390625
0 0.859375 0.0595703125 0.056640625 0.119140625
0 0.69482421875 0.18505859375 0.0654296875 0.0322265625
0 0.47412109375 0.71826171875 0.0576171875 0.0517578125
0 0.50830078125 0.0283203125 0.0419921875 0.041015625
0 0.306640625 0.2314453125 0.0703125 0.033203125
0 0.9560546875 0.2138671875 0.04296875 0.048828125
0 0.5810546875 0.87939453125 0.111328125 0.0537109375
0 0.61767578125 0.98095703125 0.0849609375 0.0361328125
0 0.8525390625 0.2021484375 0.109375 0.080078125
0 0.576171875 0.52880859375 0.048828125 0.0830078125
0 0.51708984375 0.6279296875 0.0771484375 0.05859375
0 0.18212890625 0.36669921875 0.0732421875 0.0517578125
0 0.15087890625 0.47509765625 0.0517578125 0.0400390625
0 0.84521484375 0.70263671875 0.0498046875 0.0556640625
0 0.52978515625 0.216796875 0.1142578125 0.04296875
0 0.48193359375 0.537109375 0.1025390625 0.091796875
0 0.40966796875 0.63916015625 0.0537109375 0.0634765625
0 0.65625 0.0615234375 0.056640625 0.095703125
0 0.9228515625 0.0537109375 0.04296875 0.056640625
0 0.69140625 0.5634765625 0.048828125 0.076171875
0 0.18896484375 0.59130859375 0.1474609375 0.1474609375
0 0.02490234375 0.98046875 0.0498046875 0.037109375
0 0.1796875 0.08447265625 0.169921875 0.1064453125
0 0.37939453125 0.5546875 0.0439453125 0.052734375
0 0.72607421875 0.97412109375 0.0498046875 0.0517578125
0 0.60693359375 0.6904296875 0.0927734375 0.080078125
0 0.5703125 0.7548828125 0.044921875 0.037109375
0 0.5888671875 0.1435546875 0.06640625 0.068359375
0 0.63623046875 0.623046875 0.0556640625 0.044921875
0 0.70361328125 0.64794921875 0.0380859375 0.0419921875
0 0.31298828125 0.478515625 0.0966796875 0.095703125
0 0.24072265625 0.53173828125 0.1416015625 0.0595703125
0 0.1103515625 0.0146484375 0.08984375 0.029296875
0 0.7724609375 0.50439453125 0.1015625 0.1064453125
0 0.52734375 0.08984375 0.03125 0.04296875
0 0.02734375 0.62451171875 0.052734375 0.0751953125
0 0.2353515625 0.91162109375 0.1015625 0.0556640625
0 0.75 0.1220703125 0.037109375 0.0625
0 0.92529296875 0.17529296875 0.0478515625 0.0498046875
0 0.48828125 0.08154296875 0.072265625 0.0693359375
0 0.646484375 0.43896484375 0.09765625 0.1787109375
0 0.29150390625 0.689453125 0.0712890625 0.095703125
0 0.23681640625 0.927734375 0.0517578125 0.09765625
0 0.19091796875 0.708984375 0.0615234375 0.0625
0 0.09375 0.5986328125 0.044921875 0.02734375
0 0.091796875 0.7861328125 0.05078125 0.04296875
0 0.5654296875 0.82666015625 0.068359375 0.0615234375
