0 0.9560546875 0.0283203125 0.05078125 0.056640625
0 0.98291015625 0.0439453125 0.0341796875 0.0859375
0 0.84619140625 0.17578125 0.0263671875 0.037109375
0 0.62158203125 0.0126953125 0.0498046875 0.025390625
0 0.6181640625 0.05419921875 0.03515625 0.0595703125
0 0.48046875 0.01513671875 0.02734375 0.0302734375
0 0.5439453125 0.10693359375 0.03125 0.0732421875
0 0.4482421875 0.11474609375 0.0390625 0.0595703125
0 0.4677734375 0.21728515625 0.052734375 0.0771484375
0 0.3837890625 0.23095703125 0.064453125 0.0966796875
0 0.3857421875 0.30029296875 0.177734375 0.1044921875
0 0.490234375 0.3330078125 0.111328125 0.068359375
0 0.4443359375 0.37548828125 0.044921875 0.1083984375
0 0.35302734375 0.34326171875 0.0458984375 0.1259765625
0 0.60205078125 0.4052734375 0.0576171875 0.0546875
0 0.58349609375 0.3369140625 0.0537109375 0.060546875
0 0.5517578125 0.2939453125 0.046875 0.06640625
0 0.59033203125 0.263671875 0.0244140625 0.025390625
0 0.66552734375 0.4443359375 0.0380859375 0.044921875
0 0.755859375 0.34375 0.185546875 0.076171875
0 0.7294921875 0.25927734375 0.056640625 0.0966796875
0 0.85205078125 0.3076171875 0.0712890625 0.068359375
0 0.9052734375 0.294921875 0.02734375 0.0390625
0 0.35302734375 0.02392578125 0.0361328125 0.0478515625
0 0.29833984375 0.029296875 0.0615234375 0.05859375
0 0.2568359375 0.0361328125 0.03125 0.0546875
0 0.2060546875 0.05224609375 0.13671875 0.1044921875
0 0.07568359375 0.2099609375 0.0693359375 0.19140625
0 0.111328125 0.24365234375 0.033203125 0.0400390625
0 0.0126953125 0.05859375 0.025390625 0.078125
0 0.201171875 0.3701171875 0.1328125 0.09765625
0 0.3212890625 0.4912109375 0.0625 0.048828125
0 0.396484375 0.50537109375 0.109375 0.1611328125
0 0.474609375 0.52880859375 0.04296875 0.0927734375
0 0.54345703125 0.64111328125 0.1044921875 0.0380859375
0 0.517578125 0.59375 0.03515625 0.05078125
0 0.54443359375 0.68505859375 0.0322265625 0.0478515625
0 0.4921875 0.68212890625 0.0703125 0.0615234375
0 0.478515625 0.7353515625 0.056640625 0.140625
0 0.33251953125 0.720703125 0.0869140625 0.087890625
0 0.0869140625 0.6279296875 0.02734375 0.03125
0 0.11328125 0.6689453125 0.0625 0.041015625
0 0.07666015625 0.666015625 0.0615234375 0.083984375
0 0.03564453125 0.5498046875 0.0400390625 0.123046875
0 0.00927734375 0.525390625 0.0185546875 0.08203125
0 0.22314453125 0.576171875 0.0576171875 0.142578125
0 0.1591796875 0.78173828125 0.03515625 0.0439453125
0 0.03369140625 0.81298828125 0.0673828125 0.0283203125
0 0.02490234375 0.77099609375 0.0498046875 0.0517578125
0 0.021484375 0.92919921875 0.041015625 0.0517578125
0 0.25634765625 0.86279296875 0.0966796875 0.0673828125
0 0.30615234375 0.8232421875 0.0732421875 0.115234375
0 0.36474609375 0.89794921875 0.0478515625 0.1337890625
0 0.4541015625 0.93408203125 0.044921875 0.0654296875
0 0.29638671875 0.93798828125 0.0908203125 0.1240234375
0 0.41357421875 0.92529296875 0.0478515625 0.1220703125
0 0.369140625 0.978515625 0.044921875 0.041015625
0 0.4677734375 0.98828125 0.029296875 0.0234375
0 0.7138671875 0.96533203125 0.068359375 0.0693359375
0 0.71875 0.91552734375 0.0625 0.0556640625
0 0.701171875 0.837890625 0.11328125 0.126953125
0 0.8427734375 0.74560546875 0.04296875 0.0556640625
0 0.802734375 0.67822265625 0.064453125 0.0712890625
0 0.74462890625 0.6484375 0.0322265625 0.060546875
0 0.68505859375 0.61962890625 0.0927734375 0.0537109375
0 0.93603515625 0.66015625 0.0576171875 0.08203125
0 0.8837890625 0.6455078125 0.05078125 0.072265625
0 0.880859375 0.58349609375 0.0625 0.0498046875
0 0.8173828125 0.57568359375 0.0546875 0.1025390625
0 0.8203125 0.49365234375 0.0546875 0.0849609375
0 0.76806640625 0.50390625 0.0537109375 0.052734375
0 0.7490234375 0.470703125 0.07421875 0.087890625
0 0.95947265625 0.52978515625 0.0361328125 0.0966796875
0 0.47216796875 0.81005859375 0.0302734375 0.0224609375
0 0.0458984375 0.07421875 0.03515625 0.087890625
0 0.0068359375 0.11767578125 0.013671875 0.0517578125
0 0.724609375 0.4677734375 0.033203125 0.037109375
0 0.6728515625 0.90478515625 0.0859375 0.0810546875
0 0.490234375 0.80615234375 0.072265625 0.0751953125
0 0.02001953125 0.71630859375 0.0400390625 0.0419921875
0 0.08740234375 0.71240234375 0.0224609375 0.0205078125
0 0.04443359375 0.9814453125 0.0849609375 0.037109375
