0 0.03125 0.0400390625 0.0625 0.04296875
0 0.06298828125 0.08203125 0.0791015625 0.140625
0 0.1376953125 0.06396484375 0.078125 0.1259765625
0 0.0380859375 0.25927734375 0.076171875 0.1044921875
0 0.3203125 0.03466796875 0.064453125 0.0498046875
0 0.04345703125 0.3515625 0.0810546875 0.087890625
0 0.421875 0.068359375 0.119140625 0.09765625
0 0.48388671875 0.09765625 0.0927734375 0.0625
0 0.3583984375 0.1923828125 0.09765625 0.076171875
0 0.412109375 0.18505859375 0.099609375 0.0556640625
0 0.41845703125 0.2763671875 0.0927734375 0.05078125
0 0.51318359375 0.2705078125 0.0927734375 0.03515625
0 0.5654296875 0.24267578125 0.0390625 0.0419921875
0 0.5546875 0.08349609375 0.044921875 0.0556640625
0 0.61962890625 0.12841796875 0.0673828125 0.0244140625
0 0.697265625 0.1796875 0.0390625 0.052734375
0 0.650390625 0.259765625 0.048828125 0.041015625
0 0.3984375 0.34814453125 0.16015625 0.0771484375
0 0.25390625 0.38134765625 0.083984375 0.1083984375
0 0.62744140625 0.0751953125 0.1044921875 0.03125
0 0.70703125 0.0546875 0.033203125 0.044921875
0 0.3916015625 0.0458984375 0.166015625 0.091796875
0 0.51171875 0.01708984375 0.056640625 0.0341796875
0 0.6669921875 0.05029296875 0.048828125 0.1005859375
0 0.8525390625 0.26220703125 0.099609375 0.0556640625
0 0.76708984375 0.5283203125 0.1044921875 0.091796875
0 0.568359375 0.58740234375 0.056640625 0.0615234375
0 0.9775390625 0.5341796875 0.041015625 0.099609375
0 0.9873046875 0.7451171875 0.025390625 0.048828125
0 0.98583984375 0.66943359375 0.0283203125 0.0869140625
0 0.74609375 0.79248046875 0.04296875 0.0478515625
0 0.90234375 0.11865234375 0.025390625 0.0341796875
0 0.01806640625 0.4609375 0.0361328125 0.06640625
0 0.0517578125 0.45947265625 0.0625 0.1337890625
0 0.0859375 0.51220703125 0.107421875 0.1787109375
0 0.0185546875 0.64794921875 0.037109375 0.0908203125
0 0.0556640625 0.65625 0.052734375 0.138671875
0 0.10205078125 0.6259765625 0.0537109375 0.07421875
0 0.1435546875 0.53369140625 0.064453125 0.0791015625
0 0.19189453125 0.42822265625 0.0830078125 0.1513671875
0 0.20947265625 0.47998046875 0.0302734375 0.0400390625
0 0.1640625 0.546875 0.0546875 0.08203125
0 0.17724609375 0.6044921875 0.0732421875 0.0703125
0 0.24267578125 0.537109375 0.0556640625 0.103515625
0 0.2783203125 0.5703125 0.12890625 0.078125
0 0.267578125 0.61962890625 0.126953125 0.1005859375
0 0.31640625 0.64453125 0.076171875 0.0625
0 0.0908203125 0.75146484375 0.046875 0.0732421875
0 0.142578125 0.70458984375 0.083984375 0.0439453125
0 0.142578125 0.76708984375 0.087890625 0.0810546875
0 0.25341796875 0.7412109375 0.0576171875 0.140625
0 0.34619140625 0.69091796875 0.0830078125 0.0712890625
0 0.5546875 0.7158203125 0.17578125 0.08984375
0 0.4716796875 0.70947265625 0.0546875 0.0712890625
0 0.4716796875 0.81005859375 0.091796875 0.0478515625
0 0.318359375 0.78271484375 0.0625 0.0810546875
0 0.39990234375 0.7470703125 0.0302734375 0.048828125
0 0.37939453125 0.78076171875 0.0771484375 0.0830078125
0 0.24853515625 0.80908203125 0.1025390625 0.0400390625
0 0.1767578125 0.78173828125 0.091796875 0.1162109375
0 0.10107421875 0.859375 0.0966796875 0.041015625
0 0.1005859375 0.89501953125 0.095703125 0.0380859375
0 0.302734375 0.8876953125 0.05859375 0.05859375
0 0.228515625 0.89892578125 0.11328125 0.0830078125
0 0.1611328125 0.98681640625 0.046875 0.0263671875
0 0.16015625 0.98681640625 0.044921875 0.0263671875
0 0.228515625 0.9345703125 0.0703125 0.05859375
0 0.06396484375 0.95947265625 0.0810546875 0.0810546875
0 0.31396484375 0.97607421875 0.2177734375 0.0458984375
0 0.603515625 0.984375 0.06640625 0.03125
0 0.904296875 0.9453125 0.044921875 0.103515625
0 0.55908203125 0.4775390625 0.0263671875 0.0859375
0 0.671875 0.20751953125 0.029296875 0.0380859375
0 0.826171875 0.70751953125 0.052734375 0.0302734375
0 0.22216796875 0.04248046875 0.0830078125 0.0849609375
0 0.435546875 0.4716796875 0.078125 0.05078125
0 0.53857421875 0.25 0.0966796875 0.044921875
0 0.76708984375 0.07470703125 0.0400390625 0.0263671875
0 0.41845703125 0.04052734375 0.1220703125 0.0810546875
0 0.35302734375 0.10546875 0.0498046875 0.048828125
0 0.2109375 0.697265625 0.03515625 0.052734375
0 0.19873046875 0.6796875 0.0283203125 0.044921875
0 0.39453125 0.24169921875 0.02734375 0.0263671875
0 0.654296875 0.228515625 0.10546875 0.099609375
0 0.6484375 0.2919921875 0.068359375 0.07421875
0 0.9677734375 0.63427734375 0.060546875 0.0771484375
0 0.93115234375 0.6220703125 0.0361328125 0.04296875
