0 0.64990234375 0.03125 0.0400390625 0.0625
0 0.775390625 0.14501953125 0.05859375 0.0810546875
0 0.7763671875 0.083984375 0.0390625 0.0703125
0 0.76171875 0.068359375 0.033203125 0.056640625
0 0.72998046875 0.07861328125 0.0380859375 0.0927734375
0 0.68701171875 0.08203125 0.0478515625 0.05859375
0 0.72119140625 0.2021484375 0.0302734375 0.0859375
0 0.748046875 0.2138671875 0.037109375 0.0703125
0 0.328125 0.02294921875 0.029296875 0.0322265625
0 0.58447265625 0.22119140625 0.0517578125 0.0595703125
0 0.4130859375 0.05517578125 0.05078125 0.0673828125
0 0.37939453125 0.11865234375 0.0517578125 0.0634765625
0 0.2958984375 0.177734375 0.056640625 0.0625
0 0.283203125 0.1162109375 0.041015625 0.0703125
0 0.24755859375 0.123046875 0.0439453125 0.068359375
0 0.24072265625 0.0126953125 0.0556640625 0.025390625
0 0.0107421875 0.17431640625 0.021484375 0.0615234375
0 0.03369140625 0.16650390625 0.0341796875 0.0654296875
0 0.03662109375 0.130859375 0.0361328125 0.0390625
0 0.07080078125 0.10400390625 0.0302734375 0.0595703125
0 0.08349609375 0.07177734375 0.0380859375 0.0517578125
0 0.12451171875 0.06396484375 0.0283203125 0.0478515625
0 0.0966796875 0.01611328125 0.056640625 0.0302734375
0 0.04833984375 0.01318359375 0.0498046875 0.0263671875
0 0.01025390625 0.013671875 0.0205078125 0.02734375
0 0.1123046875 0.294921875 0.041015625 0.072265625
0 0.068359375 0.2646484375 0.046875 0.037109375
0 0.06689453125 0.30126953125 0.0400390625 0.0380859375
0 0.0126953125 0.3427734375 0.025390625 0.041015625
0 0.2734375 0.35205078125 0.04296875 0.0478515625
0 0.23828125 0.33349609375 0.0546875 0.0615234375
0 0.32958984375 0.32470703125 0.0576171875 0.0634765625
0 0.32666015625 0.28515625 0.0302734375 0.02734375
0 0.6904296875 0.29443359375 0.046875 0.0537109375
0 0.8330078125 0.3935546875 0.03515625 0.037109375
0 0.82421875 0.31396484375 0.05859375 0.0908203125
0 0.876953125 0.27392578125 0.0390625 0.0791015625
0 0.802734375 0.39697265625 0.046875 0.0322265625
0 0.751953125 0.37158203125 0.15625 0.0712890625
0 0.96533203125 0.02294921875 0.0634765625 0.0458984375
0 0.962890625 0.0966796875 0.0546875 0.09765625
0 0.93505859375 0.14990234375 0.0615234375 0.1123046875
0 0.984375 0.17578125 0.03125 0.07421875
0 0.95947265625 0.28369140625 0.0634765625 0.0908203125
0 0.6005859375 0.400390625 0.076171875 0.126953125
0 0.6318359375 0.4130859375 0.083984375 0.06640625
0 0.55419921875 0.42041015625 0.0595703125 0.0791015625
0 0.41357421875 0.412109375 0.0419921875 0.048828125
0 0.2958984375 0.41796875 0.04296875 0.037109375
0 0.34912109375 0.470703125 0.1865234375 0.052734375
0 0.22412109375 0.423828125 0.1005859375 0.0859375
0 0.08935546875 0.46533203125 0.1005859375 0.1005859375
0 0.06103515625 0.541015625 0.0400390625 0.033203125
0 0.17529296875 0.59619140625 0.0595703125 0.0576171875
0 0.1396484375 0.60986328125 0.06640625 0.0458984375
0 0.166015625 0.5517578125 0.06640625 0.0546875
0 0.20263671875 0.52197265625 0.0830078125 0.1044921875
0 0.24951171875 0.5595703125 0.0537109375 0.0546875
0 0.2685546875 0.5986328125 0.0625 0.033203125
0 0.375 0.58740234375 0.06640625 0.0322265625
0 0.78466796875 0.53076171875 0.0517578125 0.0400390625
0 0.69775390625 0.56103515625 0.0537109375 0.0419921875
0 0.6376953125 0.6064453125 0.076171875 0.03515625
0 0.39404296875 0.63232421875 0.1689453125 0.0908203125
0 0.4833984375 0.63623046875 0.03515625 0.0830078125
0 0.57666015625 0.62060546875 0.0830078125 0.1025390625
0 0.53369140625 0.64404296875 0.0810546875 0.0947265625
0 0.34814453125 0.74072265625 0.0537109375 0.0712890625
0 0.44140625 0.70166015625 0.12890625 0.0517578125
0 0.71337890625 0.712890625 0.0615234375 0.0546875
0 0.45849609375 0.77197265625 0.0751953125 0.0615234375
0 0.62109375 0.7421875 0.0546875 0.06640625
0 0.66015625 0.75927734375 0.0625 0.0634765625
0 0.97314453125 0.6318359375 0.0537109375 0.0390625
0 0.83447265625 0.61669921875 0.1884765625 0.1162109375
0 0.91552734375 0.580078125 0.1669921875 0.080078125
0 0.8310546875 0.9892578125 0.06640625 0.021484375
0 0.69482421875 0.85888671875 0.0537109375 0.0537109375
0 0.66357421875 0.9169921875 0.0458984375 0.0625
0 0.61669921875 0.91943359375 0.0498046875 0.0712890625
0 0.7490234375 0.84765625 0.0546875 0.046875
0 0.95458984375 0.779296875 0.0537109375 0.1015625
0 0.9091796875 0.7734375 0.044921875 0.0390625
0 0.98291015625 0.966796875 0.0341796875 0.0390625
0 0.98876953125 0.85595703125 0.0224609375 0.0791015625
0 0.3828125 0.95166015625 0.033203125 0.0400390625
0 0.33837890625 0.9111328125 0.0400390625 0.044921875
0 0.3427734375 0.8193359375 0.044921875 0.03125
0 0.212890625 0.9326171875 0.060546875 0.04296875
0 0.150390625 0.88330078125 0.056640625 0.0517578125
0 0.26123046875 0.99169921875 0.0517578125 0.0166015625
0 0.18896484375 0.978515625 0.0615234375 0.04296875
0 0.3388671875 0.9501953125 0.041015625 0.048828125
0 0.0078125 0.703125 0.015625 0.044921875
0 0.01611328125 0.94287109375 0.0244140625 0.0283203125
0 0.0087890625 0.79931640625 0.017578125 0.0283203125
0 0.19482421875 0.47119140625 0.0693359375 0.0751953125
0 0.97998046875 0.31640625 0.0400390625 0.033203125
0 0.32421875 0.6884765625 0.04296875 0.04296875
0 0.98291015625 0.93212890625 0.0341796875 0.0302734375
0 0.75927734375 0.88623046875 0.0712890625 0.0498046875
0 0.6767578125 0.02587890625 0.021484375 0.0517578125
0 0.939453125 0.6025390625 0.037109375 0.044921875
0 0.9072265625 0.7119140625 0.037109375 0.03125
0 0.9091796875 0.81201171875 0.068359375 0.0458984375
0 0.51708984375 0.6064453125 0.0419921875 0.02734375
0 0.53125 0.74072265625 0.0703125 0.0576171875
0 0.3330078125 0.84423828125 0.05078125 0.0380859375
0 0.33740234375 0.87060546875 0.0146484375 0.0146484375
