0 0.12255859375 0.4482421875 0.0615234375 0.064453125
0 0.9833984375 0.8720703125 0.033203125 0.080078125
0 0.68701171875 0.53466796875 0.0478515625 0.0419921875
0 0.0810546875 0.22802734375 0.083984375 0.0654296875
0 0.048828125 0.02099609375 0.064453125 0.0419921875
0 0.95458984375 0.58056640625 0.0888671875 0.0986328125
0 0.27490234375 0.20703125 0.0654296875 0.068359375
0 0.82763671875 0.2529296875 0.0908203125 0.056640625
0 0.138671875 0.55810546875 0.087890625 0.0712890625
0 0.5419921875 0.4970703125 0.07421875 0.068359375
0 0.85546875 0.4658203125 0.1015625 0.083984375
0 0.8359375 0.0791015625 0.076171875 0.0546875
0 0.8984375 0.6689453125 0.1015625 0.05078125
0 0.79296875 0.12158203125 0.052734375 0.0439453125
0 0.19677734375 0.6181640625 0.0849609375 0.056640625
0 0.69970703125 0.4326171875 0.0517578125 0.041015625
0 0.83935546875 0.9306640625 0.0791015625 0.064453125
0 0.78076171875 0.05322265625 0.0556640625 0.0341796875
0 0.73486328125 0.37353515625 0.0888671875 0.0986328125
0 0.96240234375 0.2529296875 0.0673828125 0.08984375
0 0.93798828125 0.44287109375 0.0791015625 0.0673828125
0 0.09814453125 0.9365234375 0.0634765625 0.05859375
0 0.033203125 0.908203125 0.06640625 0.05859375
0 0.28466796875 0.44091796875 0.0654296875 0.0654296875
0 0.09130859375 0.74853515625 0.0556640625 0.0595703125
0 0.2763671875 0.68115234375 0.064453125 0.0439453125
0 0.68017578125 0.48388671875 0.0693359375 0.0771484375
0 0.1640625 0.33544921875 0.083984375 0.0615234375
