0 0.4365234375 0.89208984375 0.0625 0.0517578125
0 0.50537109375 0.8076171875 0.0751953125 0.05078125
0 0.78173828125 0.74755859375 0.0478515625 0.0439453125
0 0.81005859375 0.6875 0.0537109375 0.048828125
0 0.7958984375 0.64404296875 0.08203125 0.0537109375
0 0.6064453125 0.79443359375 0.03515625 0.0419921875
0 0.521484375 0.70263671875 0.044921875 0.0283203125
0 0.54931640625 0.63818359375 0.0478515625 0.0419921875
0 0.6455078125 0.49853515625 0.046875 0.0498046875
0 0.76953125 0.46044921875 0.046875 0.1005859375
0 0.4423828125 0.40771484375 0.08203125 0.1025390625
0 0.38720703125 0.42724609375 0.0498046875 0.0771484375
0 0.30078125 0.533203125 0.048828125 0.10546875
0 0.36083984375 0.59619140625 0.0537109375 0.0634765625
0 0.43310546875 0.56787109375 0.0478515625 0.0400390625
0 0.05615234375 0.791015625 0.0966796875 0.1171875
0 0.171875 0.6552734375 0.037109375 0.0859375
0 0.23291015625 0.94482421875 0.0341796875 0.0322265625
0 0.15283203125 0.951171875 0.0537109375 0.017578125
0 0.2216796875 0.79052734375 0.04296875 0.0537109375
0 0.06103515625 0.9208984375 0.1064453125 0.048828125
0 0.15283203125 0.78466796875 0.0380859375 0.0673828125
0 0.66943359375 0.03369140625 0.0400390625 0.0537109375
0 0.56298828125 0.0400390625 0.0341796875 0.06640625
0 0.80810546875 0.03662109375 0.0380859375 0.0595703125
0 0.53515625 0.123046875 0.052734375 0.076171875
0 0.71923828125 0.16259765625 0.0693359375 0.0341796875
0 0.33642578125 0.17578125 0.0458984375 0.05859375
0 0.357421875 0.0966796875 0.04296875 0.046875
0 0.04931640625 0.24072265625 0.0458984375 0.0498046875
0 0.17333984375 0.208984375 0.0458984375 0.044921875
0 0.09033203125 0.46435546875 0.0634765625 0.0869140625
0 0.1767578125 0.5029296875 0.033203125 0.05859375
0 0.0361328125 0.4892578125 0.056640625 0.044921875
0 0.88037109375 0.357421875 0.0322265625 0.04296875
0 0.26220703125 0.68212890625 0.0380859375 0.0341796875
0 0.32177734375 0.755859375 0.0302734375 0.03125
0 0.12353515625 0.37353515625 0.0322265625 0.0361328125
0 0.92236328125 0.447265625 0.0302734375 0.044921875
0 0.873046875 0.01904296875 0.037109375 0.0302734375
0 0.677734375 0.19873046875 0.06640625 0.0478515625
0 0.12451171875 0.787109375 0.0302734375 0.056640625
0 0.103515625 0.81787109375 0.0234375 0.0263671875
0 0.43017578125 0.46875 0.0517578125 0.04296875
0 0.51904296875 0.38525390625 0.0537109375 0.0517578125
0 0.7294921875 0.32421875 0.056640625 0.076171875
0 0.646484375 0.17919921875 0.048828125 0.0498046875
