0 0.435546875 0.03857421875 0.0625 0.0771484375
0 0.8388671875 0.16552734375 0.08984375 0.0615234375
0 0.73779296875 0.80517578125 0.1357421875 0.0751953125
0 0.98193359375 0.7900390625 0.0322265625 0.048828125
0 0.662109375 0.2958984375 0.0859375 0.076171875
0 0.439453125 0.36572265625 0.087890625 0.0791015625
0 0.50732421875 0.55859375 0.0849609375 0.0546875
0 0.14306640625 0.97900390625 0.0517578125 0.0419921875
0 0.63818359375 0.921875 0.1005859375 0.078125
0 0.15771484375 0.11083984375 0.0888671875 0.0654296875
0 0.2109375 0.4375 0.0625 0.06640625
0 0.48291015625 0.74658203125 0.0751953125 0.0771484375
0 0.25830078125 0.02880859375 0.0458984375 0.0576171875
0 0.283203125 0.326171875 0.12109375 0.08984375
0 0.6103515625 0.08251953125 0.0859375 0.1396484375
0 0.71630859375 0.5244140625 0.1005859375 0.0703125
0 0.568359375 0.4736328125 0.123046875 0.103515625
0 0.15185546875 0.86572265625 0.1318359375 0.0927734375
0 0.8876953125 0.61181640625 0.166015625 0.1533203125
0 0.45166015625 0.4638671875 0.0732421875 0.06640625
0 0.771484375 0.0986328125 0.17578125 0.146484375
0 0.5048828125 0.84716796875 0.072265625 0.0654296875
0 0.9208984375 0.48291015625 0.087890625 0.0654296875
0 0.28955078125 0.73388671875 0.0751953125 0.0537109375
0 0.2373046875 0.60888671875 0.0859375 0.0732421875
0 0.67822265625 0.79736328125 0.0986328125 0.0791015625
0 0.8564453125 0.892578125 0.171875 0.08203125
0 0.048828125 0.24365234375 0.072265625 0.0439453125
0 0.69287109375 0.09765625 0.1240234375 0.06640625
0 0.0263671875 0.31201171875 0.052734375 0.0556640625
