0 0.98388671875 0.83935546875 0.0322265625 0.0478515625
0 0.39892578125 0.76416015625 0.0615234375 0.0478515625
0 0.46044921875 0.27392578125 0.0341796875 0.0439453125
0 0.22021484375 0.1318359375 0.1357421875 0.09765625
0 0.87353515625 0.2158203125 0.2060546875 0.107421875
0 0.4169921875 0.10693359375 0.0625 0.0654296875
0 0.5478515625 0.24951171875 0.11328125 0.1279296875
0 0.32421875 0.92333984375 0.0546875 0.0595703125
0 0.40185546875 0.39599609375 0.0771484375 0.1416015625
0 0.53857421875 0.13720703125 0.0654296875 0.0615234375
0 0.6416015625 0.958984375 0.1171875 0.072265625
0 0.919921875 0.69775390625 0.05859375 0.0576171875
0 0.6103515625 0.8701171875 0.07421875 0.072265625
0 0.41943359375 0.2998046875 0.0693359375 0.080078125
0 0.12744140625 0.84619140625 0.0498046875 0.0419921875
0 0.587890625 0.78564453125 0.037109375 0.0302734375
0 0.9033203125 0.87841796875 0.064453125 0.1005859375
0 0.5927734375 0.138671875 0.041015625 0.052734375
0 0.2021484375 0.62451171875 0.0546875 0.0908203125
0 0.0263671875 0.8408203125 0.052734375 0.07421875
0 0.96923828125 0.2685546875 0.0615234375 0.068359375
0 0.87841796875 0.767578125 0.0712890625 0.08984375
0 0.3076171875 0.21484375 0.0390625 0.0390625
0 0.29541015625 0.947265625 0.0751953125 0.095703125
0 0.9794921875 0.11962890625 0.041015625 0.1201171875
0 0.337890625 0.66650390625 0.080078125 0.0927734375
0 0.939453125 0.79296875 0.064453125 0.08203125
