0 0.67919921875 0.478515625 0.0810546875 0.05859375
0 0.482421875 0.533203125 0.04296875 0.046875
0 0.9716796875 0.1015625 0.05078125 0.076171875
0 0.42529296875 0.02392578125 0.0986328125 0.0478515625
0 0.0283203125 0.1796875 0.0546875 0.041015625
0 0.7958984375 0.3974609375 0.060546875 0.060546875
0 0.6240234375 0.15185546875 0.056640625 0.0576171875
0 0.12451171875 0.76318359375 0.0556640625 0.0419921875
0 0.46923828125 0.62548828125 0.1123046875 0.0634765625
0 0.66259765625 0.22216796875 0.1201171875 0.0673828125
0 0.1171875 0.1455078125 0.060546875 0.046875
0 0.89990234375 0.5537109375 0.0576171875 0.0390625
0 0.396484375 0.16796875 0.04296875 0.083984375
0 0.025390625 0.287109375 0.048828125 0.064453125
0 0.197265625 0.06298828125 0.064453125 0.1044921875
0 0.71826171875 0.1767578125 0.0751953125 0.072265625
0 0.36083984375 0.568359375 0.1103515625 0.123046875
0 0.83837890625 0.68017578125 0.0400390625 0.0439453125
0 0.75048828125 0.31103515625 0.0751953125 0.0341796875
0 0.603515625 0.78955078125 0.05078125 0.0654296875
0 0.58544921875 0.06640625 0.0830078125 0.09765625
0 0.60302734375 0.6533203125 0.0615234375 0.03515625
0 0.4267578125 0.146484375 0.033203125 0.052734375
0 0.23583984375 0.99072265625 0.0478515625 0.0185546875
0 0.267578125 0.57177734375 0.0625 0.0400390625
0 0.62255859375 0.81884765625 0.1240234375 0.0498046875
0 0.85791015625 0.8486328125 0.0634765625 0.201171875
0 0.7353515625 0.048828125 0.07421875 0.044921875
0 0.92138671875 0.466796875 0.0654296875 0.080078125
0 0.9140625 0.0234375 0.05859375 0.046875
0 0.6298828125 0.57080078125 0.029296875 0.0244140625
0 0.48095703125 0.7255859375 0.0517578125 0.07421875
0 0.87109375 0.7470703125 0.044921875 0.041015625
0 0.48193359375 0.099609375 0.0869140625 0.09765625
0 0.6806640625 0.58203125 0.0703125 0.099609375
0 0.07080078125 0.63232421875 0.1396484375 0.0556640625
0 0.8837890625 0.5126953125 0.052734375 0.033203125
0 0.21044921875 0.5419921875 0.1083984375 0.060546875
0 0.8681640625 0.392578125 0.05078125 0.05078125
0 0.4501953125 0.2587890625 0.09765625 0.060546875
0 0.8623046875 0.2080078125 0.04296875 0.0390625
0 0.0263671875 0.0419921875 0.0390625 0.025390625
0 0.07861328125 0.14892578125 0.0400390625 0.0888671875
0 0.0458984375 0.2314453125 0.0703125 0.052734375
0 0.71484375 0.1005859375 0.080078125 0.0859375
0 0.91162109375 0.05419921875 0.0322265625 0.0439453125
0 0.02490234375 0.56103515625 0.0498046875 0.0556640625
0 0.13134765625 0.69140625 0.1103515625 0.056640625
0 0.81591796875 0.25537109375 0.0810546875 0.0810546875
0 0.63232421875 0.0234375 0.0771484375 0.044921875
0 0.0439453125 0.3544921875 0.05078125 0.087890625
0 0.54345703125 0.205078125 0.0693359375 0.056640625
0 0.06494140625 0.0576171875 0.0380859375 0.0390625
0 0.02685546875 0.75732421875 0.0517578125 0.0595703125
0 0.07421875 0.0283203125 0.146484375 0.0546875
0 0.607421875 0.6787109375 0.029296875 0.0234375
0 0.525390625 0.4501953125 0.048828125 0.06640625
0 0.6865234375 0.10595703125 0.064453125 0.1337890625
0 0.15185546875 0.37158203125 0.0556640625 0.0283203125
0 0.23291015625 0.63671875 0.0693359375 0.052734375
0 0.8173828125 0.1298828125 0.091796875 0.11328125
0 0.28466796875 0.14892578125 0.1162109375 0.0634765625
0 0.9365234375 0.7060546875 0.0390625 0.029296875
