0 0.86865234375 0.0703125 0.0478515625 0.140625
0 0.90966796875 0.0810546875 0.0439453125 0.048828125
0 0.9384765625 0.02978515625 0.107421875 0.0595703125
0 0.943359375 0.39990234375 0.111328125 0.0947265625
0 0.91650390625 0.57568359375 0.0947265625 0.0400390625
0 0.8798828125 0.34912109375 0.103515625 0.0791015625
0 0.70263671875 0.595703125 0.0517578125 0.126953125
0 0.85400390625 0.73828125 0.1572265625 0.0625
0 0.955078125 0.8935546875 0.087890625 0.14453125
0 0.77392578125 0.966796875 0.1064453125 0.06640625
0 0.85400390625 0.623046875 0.0712890625 0.158203125
0 0.78662109375 0.5390625 0.1337890625 0.162109375
0 0.8115234375 0.423828125 0.06640625 0.134765625
0 0.84033203125 0.69287109375 0.2431640625 0.0869140625
0 0.580078125 0.3125 0.181640625 0.076171875
0 0.552734375 0.953125 0.1171875 0.09375
0 0.4033203125 0.98828125 0.078125 0.0234375
0 0.4482421875 0.85302734375 0.197265625 0.1025390625
0 0.51904296875 0.7578125 0.1611328125 0.130859375
0 0.5439453125 0.7109375 0.185546875 0.09375
0 0.1728515625 0.8505859375 0.203125 0.087890625
0 0.1513671875 0.7568359375 0.080078125 0.09765625
0 0.12890625 0.7861328125 0.12890625 0.099609375
0 0.033203125 0.9638671875 0.06640625 0.05859375
0 0.0986328125 0.97802734375 0.048828125 0.0400390625
0 0.052734375 0.87548828125 0.056640625 0.1728515625
0 0.2607421875 0.6669921875 0.18359375 0.142578125
0 0.33984375 0.53955078125 0.076171875 0.0478515625
0 0.2177734375 0.3125 0.205078125 0.0859375
0 0.55419921875 0.646484375 0.0908203125 0.111328125
0 0.28466796875 0.55859375 0.1611328125 0.13671875
0 0.23828125 0.50634765625 0.10546875 0.0830078125
0 0.484375 0.6083984375 0.115234375 0.17578125
0 0.52392578125 0.494140625 0.1650390625 0.07421875
0 0.021484375 0.45556640625 0.04296875 0.0634765625
0 0.0546875 0.431640625 0.09765625 0.15234375
0 0.560546875 0.412109375 0.12109375 0.08203125
0 0.48681640625 0.341796875 0.1845703125 0.072265625
0 0.01025390625 0.1552734375 0.0205078125 0.08203125
0 0.1787109375 0.19384765625 0.169921875 0.0673828125
0 0.2646484375 0.19921875 0.13671875 0.12109375
0 0.28271484375 0.1103515625 0.1650390625 0.0546875
0 0.158203125 0.16015625 0.09375 0.123046875
0 0.42236328125 0.2685546875 0.0634765625 0.240234375
0 0.267578125 0.2294921875 0.0859375 0.13671875
0 0.4150390625 0.052734375 0.0390625 0.056640625
0 0.2939453125 0.02685546875 0.041015625 0.0283203125
0 0.638671875 0.19677734375 0.05859375 0.1337890625
0 0.380859375 0.17578125 0.119140625 0.19921875
0 0.37744140625 0.04345703125 0.0556640625 0.0869140625
0 0.0595703125 0.265625 0.056640625 0.05859375
0 0.37939453125 0.65673828125 0.0634765625 0.1962890625
0 0.4306640625 0.55126953125 0.083984375 0.0830078125
0 0.81103515625 0.7919921875 0.1923828125 0.052734375
0 0.88818359375 0.916015625 0.0712890625 0.16796875
0 0.5341796875 0.07666015625 0.080078125 0.1455078125
0 0.462890625 0.0869140625 0.0859375 0.173828125
0 0.6796875 0.3642578125 0.146484375 0.0625
0 0.8720703125 0.453125 0.0703125 0.052734375
0 0.52978515625 0.8701171875 0.0322265625 0.052734375
