0 0.7666015625 0.6611328125 0.046875 0.068359375
0 0.9072265625 0.103515625 0.0625 0.099609375
0 0.0810546875 0.08203125 0.064453125 0.068359375
0 0.8935546875 0.87939453125 0.041015625 0.1142578125
0 0.15234375 0.72998046875 0.03125 0.0615234375
0 0.70947265625 0.6005859375 0.0498046875 0.06640625
0 0.9150390625 0.79443359375 0.048828125 0.0634765625
0 0.95556640625 0.625 0.0576171875 0.05078125
0 0.73583984375 0.43994140625 0.0576171875 0.0556640625
0 0.578125 0.1953125 0.080078125 0.0546875
0 0.95751953125 0.8251953125 0.0498046875 0.056640625
0 0.98193359375 0.2705078125 0.0361328125 0.068359375
0 0.7109375 0.06103515625 0.046875 0.0556640625
0 0.88671875 0.35888671875 0.0625 0.0615234375
0 0.72900390625 0.1162109375 0.0439453125 0.046875
0 0.83251953125 0.84228515625 0.0576171875 0.0908203125
0 0.86962890625 0.50048828125 0.0478515625 0.0419921875
0 0.77490234375 0.017578125 0.0595703125 0.03515625
0 0.7060546875 0.25439453125 0.048828125 0.0537109375
0 0.72705078125 0.19677734375 0.0498046875 0.0517578125
0 0.0732421875 0.14990234375 0.064453125 0.0556640625
0 0.8671875 0.9580078125 0.07421875 0.076171875
0 0.654296875 0.89892578125 0.048828125 0.0712890625
