0 0.896484375 0.0849609375 0.205078125 0.09765625
0 0.767578125 0.16015625 0.046875 0.3203125
0 0.64013671875 0.05322265625 0.3251953125 0.1064453125
0 0.77099609375 0.263671875 0.1494140625 0.16796875
0 0.8369140625 0.2353515625 0.2734375 0.2109375
0 0.8408203125 0.3115234375 0.21875 0.251953125
0 0.849609375 0.35546875 0.30078125 0.115234375
0 0.77197265625 0.44677734375 0.1533203125 0.2119140625
0 0.720703125 0.4736328125 0.1875 0.220703125
0 0.70654296875 0.5771484375 0.1064453125 0.294921875
0 0.740234375 0.6494140625 0.205078125 0.185546875
0 0.615234375 0.6572265625 0.197265625 0.224609375
0 0.744140625 0.74267578125 0.41796875 0.0947265625
0 0.859375 0.7822265625 0.279296875 0.166015625
0 0.9609375 0.91015625 0.078125 0.177734375
0 0.85205078125 0.8759765625 0.1376953125 0.216796875
0 0.8330078125 0.8955078125 0.248046875 0.115234375
0 0.8896484375 0.4697265625 0.130859375 0.0703125
0 0.9736328125 0.47705078125 0.037109375 0.2431640625
0 0.90478515625 0.57080078125 0.1884765625 0.2548828125
0 0.95703125 0.6162109375 0.083984375 0.048828125
0 0.73876953125 0.9453125 0.0830078125 0.107421875
0 0.51806640625 0.884765625 0.0751953125 0.1171875
0 0.56494140625 0.91015625 0.1572265625 0.1796875
0 0.6005859375 0.943359375 0.052734375 0.11328125
0 0.94921875 0.3974609375 0.099609375 0.05078125
0 0.54541015625 0.525390625 0.1142578125 0.26171875
0 0.6181640625 0.48828125 0.087890625 0.099609375
0 0.63232421875 0.537109375 0.0517578125 0.140625
0 0.40869140625 0.021484375 0.0478515625 0.04296875
0 0.251953125 0.06494140625 0.09375 0.1298828125
0 0.08056640625 0.03955078125 0.0556640625 0.0791015625
0 0.4111328125 0.2265625 0.162109375 0.25390625
0 0.48388671875 0.35791015625 0.3095703125 0.1455078125
0 0.47119140625 0.26220703125 0.0595703125 0.2744140625
0 0.40234375 0.84423828125 0.0859375 0.0673828125
0 0.373046875 0.974609375 0.03515625 0.048828125
0 0.22998046875 0.87158203125 0.2314453125 0.1572265625
0 0.2109375 0.96533203125 0.138671875 0.0673828125
0 0.091796875 0.85986328125 0.056640625 0.2783203125
0 0.02392578125 0.71484375 0.0478515625 0.0390625
0 0.322265625 0.767578125 0.298828125 0.0625
0 0.32470703125 0.7294921875 0.2705078125 0.076171875
0 0.3564453125 0.162109375 0.078125 0.14453125
0 0.4267578125 0.390625 0.140625 0.373046875
0 0.33056640625 0.42822265625 0.1259765625 0.1923828125
0 0.2685546875 0.43212890625 0.134765625 0.2314453125
0 0.27734375 0.27783203125 0.177734375 0.2822265625
0 0.1591796875 0.1875 0.31640625 0.130859375
0 0.04296875 0.12158203125 0.04296875 0.0830078125
0 0.12353515625 0.248046875 0.0517578125 0.173828125
0 0.0205078125 0.3447265625 0.041015625 0.1328125
0 0.09765625 0.3515625 0.1953125 0.419921875
0 0.421875 0.54345703125 0.046875 0.0595703125
0 0.31103515625 0.66796875 0.4111328125 0.07421875
0 0.06298828125 0.5771484375 0.1259765625 0.134765625
0 0.0751953125 0.6416015625 0.150390625 0.181640625
0 0.0478515625 0.767578125 0.095703125 0.11328125
0 0.1826171875 0.8310546875 0.134765625 0.119140625
0 0.3271484375 0.5888671875 0.123046875 0.119140625
0 0.10546875 0.13525390625 0.0703125 0.1064453125
0 0.3251953125 0.2294921875 0.0859375 0.123046875
0 0.10009765625 0.3271484375 0.2001953125 0.37109375
0 0.1953125 0.1328125 0.0625 0.046875
0 0.5419921875 0.470703125 0.064453125 0.33203125
