0 0.28369140625 0.62255859375 0.0595703125 0.0693359375
0 0.2724609375 0.02490234375 0.04296875 0.0498046875
0 0.01953125 0.8193359375 0.0390625 0.068359375
0 0.0732421875 0.31787109375 0.0625 0.0615234375
0 0.11767578125 0.73828125 0.0556640625 0.0625
0 0.408203125 0.06103515625 0.087890625 0.0869140625
0 0.97314453125 0.59814453125 0.0439453125 0.0458984375
0 0.1435546875 0.13916015625 0.06640625 0.1337890625
0 0.625 0.46337890625 0.06640625 0.0654296875
0 0.408203125 0.3896484375 0.056640625 0.078125
0 0.17822265625 0.4130859375 0.0615234375 0.080078125
0 0.134765625 0.9033203125 0.064453125 0.0703125
0 0.751953125 0.9638671875 0.064453125 0.052734375
0 0.171875 0.52001953125 0.05859375 0.0478515625
0 0.20361328125 0.5068359375 0.0517578125 0.046875
0 0.82568359375 0.26904296875 0.0634765625 0.1005859375
0 0.1982421875 0.79931640625 0.060546875 0.0771484375
0 0.044921875 0.50732421875 0.056640625 0.0556640625
0 0.37451171875 0.298828125 0.0458984375 0.048828125
0 0.9013671875 0.078125 0.037109375 0.05078125
0 0.89697265625 0.62060546875 0.0419921875 0.0810546875
0 0.69580078125 0.70458984375 0.0556640625 0.0595703125
0 0.681640625 0.32275390625 0.0625 0.1044921875
