0 0.86962890625 0.98828125 0.0830078125 0.0234375
0 0.8837890625 0.890625 0.126953125 0.033203125
0 0.61279296875 0.92724609375 0.0400390625 0.0478515625
0 0.6728515625 0.9541015625 0.078125 0.091796875
0 0.70849609375 0.93701171875 0.0478515625 0.0830078125
0 0.748046875 0.83203125 0.03125 0.03515625
0 0.74853515625 0.87353515625 0.1240234375 0.0634765625
0 0.72119140625 0.71728515625 0.0576171875 0.0634765625
0 0.96728515625 0.41650390625 0.0654296875 0.0732421875
0 0.78515625 0.42431640625 0.130859375 0.0732421875
0 0.81005859375 0.2998046875 0.0673828125 0.08203125
0 0.8388671875 0.35986328125 0.087890625 0.0771484375
0 0.9453125 0.29736328125 0.068359375 0.0595703125
0 0.9404296875 0.265625 0.103515625 0.0546875
0 0.8369140625 0.154296875 0.048828125 0.0625
0 0.9736328125 0.1279296875 0.052734375 0.05859375
0 0.9033203125 0.1923828125 0.091796875 0.138671875
0 0.66650390625 0.2392578125 0.0732421875 0.103515625
0 0.7392578125 0.0224609375 0.037109375 0.044921875
0 0.6328125 0.01220703125 0.03515625 0.0244140625
0 0.49169921875 0.005859375 0.0556640625 0.009765625
0 0.546875 0.03076171875 0.076171875 0.0576171875
0 0.01904296875 0.33837890625 0.0380859375 0.0498046875
0 0.048828125 0.32958984375 0.09765625 0.0927734375
0 0.208984375 0.47802734375 0.03515625 0.0380859375
0 0.35986328125 0.38330078125 0.0693359375 0.0654296875
0 0.16064453125 0.619140625 0.0732421875 0.060546875
0 0.16015625 0.86767578125 0.04296875 0.0322265625
0 0.28662109375 0.89208984375 0.0810546875 0.0693359375
0 0.32958984375 0.9384765625 0.0771484375 0.0703125
0 0.49365234375 0.7216796875 0.0693359375 0.056640625
0 0.44677734375 0.62255859375 0.0634765625 0.0615234375
0 0.3291015625 0.611328125 0.126953125 0.080078125
0 0.57373046875 0.380859375 0.1572265625 0.0703125
0 0.005859375 0.7958984375 0.01171875 0.041015625
0 0.68603515625 0.42626953125 0.0986328125 0.0517578125
0 0.53466796875 0.42236328125 0.0732421875 0.0439453125
0 0.76220703125 0.99365234375 0.0380859375 0.0126953125
0 0.154296875 0.9931640625 0.060546875 0.013671875
0 0.8466796875 0.99365234375 0.02734375 0.0126953125
