0 0.185546875 0.6376953125 0.099609375 0.16015625
0 0.2744140625 0.30712890625 0.080078125 0.0947265625
0 0.39697265625 0.447265625 0.1396484375 0.10546875
0 0.84326171875 0.96484375 0.0966796875 0.0703125
0 0.3623046875 0.3408203125 0.099609375 0.126953125
0 0.5947265625 0.96630859375 0.056640625 0.0517578125
0 0.37109375 0.6123046875 0.06640625 0.0859375
0 0.2509765625 0.1357421875 0.1015625 0.099609375
0 0.4296875 0.34375 0.099609375 0.11328125
0 0.92822265625 0.5771484375 0.1435546875 0.10546875
0 0.873046875 0.81982421875 0.14453125 0.1181640625
0 0.8955078125 0.74072265625 0.142578125 0.0966796875
0 0.876953125 0.36279296875 0.134765625 0.1005859375
0 0.224609375 0.947265625 0.109375 0.10546875
0 0.88037109375 0.2763671875 0.1240234375 0.083984375
0 0.43017578125 0.47802734375 0.0693359375 0.0771484375
0 0.89306640625 0.119140625 0.1650390625 0.107421875
0 0.30322265625 0.62451171875 0.0869140625 0.1005859375
