0 0.92041015625 0.82177734375 0.0966796875 0.0498046875
0 0.9599609375 0.68798828125 0.0703125 0.0791015625
0 0.51220703125 0.72265625 0.0869140625 0.048828125
0 0.69482421875 0.6474609375 0.0556640625 0.029296875
0 0.75830078125 0.67626953125 0.0791015625 0.0361328125
0 0.84716796875 0.30517578125 0.0654296875 0.0556640625
0 0.8798828125 0.2119140625 0.126953125 0.095703125
0 0.80419921875 0.17333984375 0.0673828125 0.0576171875
0 0.78564453125 0.13525390625 0.0537109375 0.0849609375
0 0.6484375 0.25634765625 0.041015625 0.0732421875
0 0.50048828125 0.41943359375 0.1318359375 0.0498046875
0 0.5546875 0.341796875 0.1328125 0.037109375
0 0.46875 0.29345703125 0.087890625 0.0439453125
0 0.5380859375 0.26953125 0.091796875 0.02734375
0 0.60107421875 0.14697265625 0.0693359375 0.0498046875
0 0.5322265625 0.12255859375 0.080078125 0.0556640625
0 0.2890625 0.3935546875 0.1015625 0.029296875
0 0.31884765625 0.36279296875 0.0615234375 0.0322265625
0 0.083984375 0.26416015625 0.115234375 0.0927734375
0 0.033203125 0.30126953125 0.056640625 0.0478515625
0 0.08447265625 0.13330078125 0.0771484375 0.0810546875
0 0.14208984375 0.0908203125 0.0458984375 0.091796875
0 0.06787109375 0.86083984375 0.0517578125 0.0791015625
0 0.13623046875 0.80029296875 0.0576171875 0.0419921875
0 0.0859375 0.6591796875 0.162109375 0.033203125
0 0.31396484375 0.69873046875 0.0517578125 0.0302734375
0 0.31787109375 0.63330078125 0.0361328125 0.0263671875
0 0.24853515625 0.775390625 0.0322265625 0.01953125
0 0.21484375 0.7890625 0.03125 0.02734375
0 0.32763671875 0.06884765625 0.0869140625 0.0517578125
0 0.38330078125 0.11962890625 0.0361328125 0.0537109375
0 0.47802734375 0.10400390625 0.0498046875 0.0537109375
0 0.4130859375 0.2255859375 0.03515625 0.03125
0 0.32373046875 0.2138671875 0.0361328125 0.04296875
0 0.45068359375 0.36279296875 0.0908203125 0.0322265625
0 0.73974609375 0.42333984375 0.0615234375 0.0380859375
0 0.65234375 0.45458984375 0.07421875 0.0380859375
0 0.60693359375 0.4765625 0.0419921875 0.021484375
0 0.400390625 0.416015625 0.0859375 0.03125
0 0.94775390625 0.60498046875 0.0693359375 0.0751953125
0 0.66650390625 0.69287109375 0.0849609375 0.0458984375
0 0.67041015625 0.73681640625 0.0693359375 0.0341796875
0 0.57958984375 0.666015625 0.0478515625 0.03125
0 0.591796875 0.7724609375 0.064453125 0.044921875
0 0.49169921875 0.78125 0.0615234375 0.03515625
0 0.72900390625 0.91845703125 0.0634765625 0.0439453125
0 0.42236328125 0.94580078125 0.0576171875 0.0478515625
0 0.39892578125 0.70361328125 0.0517578125 0.0478515625
0 0.1591796875 0.70458984375 0.046875 0.0380859375
0 0.05908203125 0.74560546875 0.0302734375 0.0322265625
0 0.25048828125 0.31005859375 0.0517578125 0.0458984375
0 0.25927734375 0.61865234375 0.0576171875 0.0478515625
0 0.216796875 0.7119140625 0.03515625 0.02734375
0 0.30029296875 0.666015625 0.0322265625 0.0234375
0 0.30615234375 0.31396484375 0.0400390625 0.0419921875
0 0.26806640625 0.95166015625 0.0400390625 0.0361328125
0 0.533203125 0.11279296875 0.021484375 0.0673828125
0 0.43896484375 0.14013671875 0.0439453125 0.0517578125
0 0.76708984375 0.6533203125 0.0654296875 0.029296875
