0 0.669921875 0.57666015625 0.078125 0.0830078125
0 0.7822265625 0.55517578125 0.14453125 0.1396484375
0 0.24658203125 0.125 0.1201171875 0.08984375
0 0.49365234375 0.38330078125 0.1083984375 0.1025390625
0 0.4228515625 0.5986328125 0.115234375 0.0859375
0 0.4306640625 0.94580078125 0.099609375 0.1083984375
0 0.47705078125 0.06201171875 0.0908203125 0.0830078125
0 0.35009765625 0.42626953125 0.0478515625 0.0615234375
0 0.46044921875 0.76953125 0.1220703125 0.1171875
0 0.90771484375 0.8876953125 0.1142578125 0.173828125
0 0.71240234375 0.49169921875 0.1181640625 0.0771484375
0 0.59765625 0.3349609375 0.09375 0.09765625
0 0.34375 0.15283203125 0.064453125 0.0654296875
0 0.04833984375 0.0419921875 0.0966796875 0.083984375
0 0.32763671875 0.51025390625 0.0478515625 0.0751953125
0 0.123046875 0.54345703125 0.064453125 0.0732421875
0 0.58203125 0.55224609375 0.10546875 0.0908203125
0 0.19189453125 0.57861328125 0.0634765625 0.0712890625
0 0.580078125 0.7021484375 0.072265625 0.15625
0 0.79638671875 0.7861328125 0.1416015625 0.158203125
0 0.2783203125 0.8447265625 0.0703125 0.0625
0 0.29443359375 0.34033203125 0.0810546875 0.1005859375
0 0.96728515625 0.19384765625 0.0654296875 0.1357421875
0 0.94482421875 0.5400390625 0.0634765625 0.14453125
0 0.2216796875 0.75634765625 0.064453125 0.0888671875
0 0.30224609375 0.78466796875 0.0615234375 0.0556640625
