0 0.18603515625 0.7841796875 0.1123046875 0.0546875
0 0.697265625 0.96435546875 0.03515625 0.0419921875
0 0.03271484375 0.57958984375 0.0634765625 0.0478515625
0 0.4755859375 0.43017578125 0.060546875 0.0654296875
0 0.70556640625 0.0341796875 0.0244140625 0.041015625
0 0.2978515625 0.65234375 0.05859375 0.029296875
0 0.0322265625 0.8876953125 0.064453125 0.087890625
0 0.01953125 0.43212890625 0.0390625 0.0732421875
0 0.19775390625 0.4658203125 0.0380859375 0.048828125
0 0.79296875 0.763671875 0.150390625 0.06640625
0 0.74267578125 0.82958984375 0.0634765625 0.0517578125
0 0.7822265625 0.32861328125 0.060546875 0.0947265625
0 0.513671875 0.47802734375 0.052734375 0.0361328125
0 0.6708984375 0.27490234375 0.056640625 0.0673828125
0 0.8720703125 0.44482421875 0.0625 0.0673828125
0 0.744140625 0.9775390625 0.033203125 0.04296875
0 0.3388671875 0.09765625 0.0390625 0.0546875
0 0.07421875 0.03662109375 0.04296875 0.0693359375
0 0.298828125 0.30517578125 0.060546875 0.0751953125
0 0.41748046875 0.8310546875 0.0419921875 0.0703125
0 0.41455078125 0.4873046875 0.0341796875 0.06640625
0 0.66357421875 0.01904296875 0.0380859375 0.0380859375
0 0.21337890625 0.9560546875 0.0693359375 0.076171875
0 0.86962890625 0.56884765625 0.0634765625 0.0283203125
0 0.1962890625 0.33203125 0.14453125 0.068359375
0 0.38134765625 0.08837890625 0.0810546875 0.1083984375
0 0.9677734375 0.8388671875 0.064453125 0.04296875
0 0.11865234375 0.34033203125 0.0458984375 0.0693359375
0 0.7080078125 0.62109375 0.04296875 0.09375
0 0.06103515625 0.806640625 0.0458984375 0.033203125
0 0.07568359375 0.4365234375 0.0693359375 0.0625
0 0.302734375 0.84326171875 0.052734375 0.0400390625
0 0.1064453125 0.400390625 0.080078125 0.09375
0 0.6513671875 0.43896484375 0.044921875 0.1376953125
0 0.1328125 0.29638671875 0.0546875 0.0576171875
0 0.94482421875 0.826171875 0.0673828125 0.0703125
0 0.59814453125 0.58642578125 0.0478515625 0.0498046875
0 0.33740234375 0.58154296875 0.0576171875 0.0419921875
0 0.58349609375 0.04541015625 0.0908203125 0.0380859375
0 0.595703125 0.4560546875 0.044921875 0.12890625
0 0.44384765625 0.07080078125 0.0361328125 0.0927734375
0 0.14697265625 0.48681640625 0.0419921875 0.0947265625
0 0.28759765625 0.35302734375 0.0673828125 0.0517578125
0 0.81982421875 0.83984375 0.0830078125 0.060546875
0 0.572265625 0.76123046875 0.046875 0.0732421875
0 0.85009765625 0.7080078125 0.0380859375 0.083984375
0 0.73291015625 0.52490234375 0.0419921875 0.0693359375
0 0.7861328125 0.64794921875 0.060546875 0.0302734375
0 0.87744140625 0.16650390625 0.0263671875 0.0400390625
0 0.1826171875 0.388671875 0.068359375 0.080078125
0 0.3798828125 0.84228515625 0.068359375 0.0341796875
0 0.87255859375 0.51220703125 0.0693359375 0.0302734375
0 0.59375 0.95654296875 0.03515625 0.0302734375
0 0.35791015625 0.71826171875 0.0966796875 0.0615234375
0 0.3134765625 0.44287109375 0.0703125 0.0888671875
0 0.43212890625 0.712890625 0.0419921875 0.064453125
0 0.4990234375 0.26806640625 0.03515625 0.0654296875
0 0.89990234375 0.0205078125 0.0322265625 0.041015625
0 0.259765625 0.4873046875 0.064453125 0.046875
0 0.91015625 0.263671875 0.044921875 0.04296875
0 0.53466796875 0.9462890625 0.0595703125 0.041015625
0 0.08154296875 0.95556640625 0.0732421875 0.0849609375
0 0.5166015625 0.04052734375 0.0625 0.0810546875
0 0.96923828125 0.48583984375 0.0517578125 0.0478515625
0 0.75048828125 0.41064453125 0.0615234375 0.0791015625
0 0.96337890625 0.59814453125 0.0341796875 0.0634765625
0 0.53076171875 0.7421875 0.0595703125 0.07421875
0 0.10888671875 0.83349609375 0.0712890625 0.0634765625
0 0.97900390625 0.04736328125 0.0419921875 0.0908203125
0 0.5146484375 0.56005859375 0.10546875 0.0439453125
0 0.85546875 0.95654296875 0.044921875 0.0830078125
