0 0.775390625 0.72998046875 0.044921875 0.0263671875
0 0.09375 0.13134765625 0.041015625 0.0498046875
0 0.533203125 0.396484375 0.083984375 0.072265625
0 0.7197265625 0.275390625 0.0703125 0.076171875
0 0.447265625 0.9521484375 0.083984375 0.095703125
0 0.2314453125 0.89892578125 0.0859375 0.0830078125
0 0.47705078125 0.65283203125 0.0537109375 0.0517578125
0 0.91015625 0.43896484375 0.064453125 0.0498046875
0 0.015625 0.24365234375 0.03125 0.0517578125
0 0.96826171875 0.52099609375 0.0634765625 0.0537109375
0 0.73974609375 0.49072265625 0.0517578125 0.0517578125
0 0.37353515625 0.87158203125 0.0537109375 0.0556640625
0 0.62353515625 0.1962890625 0.0654296875 0.087890625
0 0.62939453125 0.9453125 0.0986328125 0.109375
0 0.02392578125 0.18115234375 0.0478515625 0.0732421875
0 0.68359375 0.4921875 0.05859375 0.0625
0 0.6279296875 0.79833984375 0.109375 0.0595703125
0 0.02978515625 0.0693359375 0.0458984375 0.09375
0 0.23291015625 0.05126953125 0.1220703125 0.0966796875
0 0.888671875 0.79345703125 0.0625 0.0673828125
0 0.68994140625 0.642578125 0.0634765625 0.0625
0 0.44970703125 0.0185546875 0.0654296875 0.037109375
0 0.130859375 0.10205078125 0.052734375 0.0810546875
0 0.24951171875 0.390625 0.0673828125 0.0625
0 0.85546875 0.4130859375 0.04296875 0.033203125
0 0.44189453125 0.478515625 0.0654296875 0.080078125
0 0.611328125 0.5322265625 0.048828125 0.041015625
0 0.0927734375 0.2421875 0.0546875 0.0625
0 0.38671875 0.412109375 0.048828125 0.048828125
0 0.36328125 0.294921875 0.060546875 0.05859375
0 0.86376953125 0.6640625 0.0869140625 0.068359375
0 0.6943359375 0.1015625 0.068359375 0.08203125
0 0.46923828125 0.85546875 0.0908203125 0.0546875
0 0.337890625 0.923828125 0.068359375 0.08203125
0 0.48291015625 0.908203125 0.0556640625 0.048828125
0 0.4228515625 0.35009765625 0.068359375 0.0634765625
0 0.72119140625 0.54296875 0.0576171875 0.0390625
0 0.53271484375 0.16259765625 0.0966796875 0.0908203125
0 0.50390625 0.23583984375 0.052734375 0.0224609375
0 0.32666015625 0.6416015625 0.0478515625 0.068359375
0 0.06640625 0.837890625 0.091796875 0.103515625
