0 0.60107421875 0.10595703125 0.0673828125 0.0869140625
0 0.158203125 0.5498046875 0.11328125 0.0703125
0 0.63720703125 0.3896484375 0.0810546875 0.083984375
0 0.04150390625 0.16748046875 0.0380859375 0.0478515625
0 0.8046875 0.96728515625 0.0703125 0.0654296875
0 0.0703125 0.97509765625 0.09375 0.0498046875
0 0.650390625 0.58984375 0.06640625 0.05078125
0 0.658203125 0.193359375 0.072265625 0.078125
0 0.82080078125 0.287109375 0.0869140625 0.115234375
0 0.845703125 0.9169921875 0.087890625 0.0703125
0 0.767578125 0.46923828125 0.10546875 0.0615234375
0 0.921875 0.64697265625 0.078125 0.0595703125
0 0.72705078125 0.03466796875 0.0849609375 0.0654296875
0 0.84716796875 0.32470703125 0.1005859375 0.0751953125
0 0.029296875 0.595703125 0.05859375 0.072265625
0 0.01611328125 0.53955078125 0.0322265625 0.0908203125
0 0.8701171875 0.71533203125 0.0859375 0.0458984375
0 0.7919921875 0.14990234375 0.07421875 0.1201171875
0 0.845703125 0.486328125 0.103515625 0.095703125
0 0.67333984375 0.49951171875 0.0830078125 0.0751953125
