0 0.05078125 0.73974609375 0.041015625 0.0595703125
0 0.89599609375 0.51123046875 0.0673828125 0.0439453125
0 0.8876953125 0.0478515625 0.064453125 0.056640625
0 0.12646484375 0.48193359375 0.0556640625 0.0380859375
0 0.68212890625 0.146484375 0.0439453125 0.033203125
0 0.728515625 0.2958984375 0.06640625 0.048828125
0 0.57373046875 0.67138671875 0.0771484375 0.0869140625
0 0.4384765625 0.88134765625 0.046875 0.0751953125
0 0.84326171875 0.984375 0.0517578125 0.029296875
0 0.16162109375 0.1279296875 0.0341796875 0.02734375
0 0.25048828125 0.3427734375 0.0322265625 0.033203125
0 0.42041015625 0.267578125 0.0439453125 0.03125
0 0.90478515625 0.6513671875 0.0634765625 0.08984375
0 0.36962890625 0.4814453125 0.0654296875 0.0625
0 0.79638671875 0.93701171875 0.0751953125 0.0693359375
0 0.77978515625 0.068359375 0.0361328125 0.03515625
0 0.47509765625 0.49658203125 0.0361328125 0.0302734375
0 0.96630859375 0.88623046875 0.0673828125 0.0556640625
0 0.13671875 0.90625 0.076171875 0.078125
0 0.92919921875 0.80712890625 0.0537109375 0.0595703125
0 0.4453125 0.12060546875 0.052734375 0.0517578125
0 0.5634765625 0.30859375 0.029296875 0.048828125
0 0.609375 0.80322265625 0.0390625 0.0361328125
0 0.59423828125 0.619140625 0.0634765625 0.029296875
0 0.796875 0.25341796875 0.064453125 0.0595703125
0 0.90576171875 0.27978515625 0.0439453125 0.0322265625
0 0.45654296875 0.650390625 0.0576171875 0.095703125
0 0.388671875 0.673828125 0.044921875 0.0546875
0 0.27099609375 0.02294921875 0.0419921875 0.0458984375
0 0.9560546875 0.5546875 0.0703125 0.068359375
0 0.48291015625 0.7431640625 0.0458984375 0.05859375
0 0.083984375 0.82568359375 0.072265625 0.0849609375
0 0.58984375 0.84130859375 0.068359375 0.0458984375
0 0.17529296875 0.9560546875 0.0654296875 0.052734375
0 0.89794921875 0.775390625 0.0498046875 0.041015625
0 0.7900390625 0.44677734375 0.080078125 0.0498046875
0 0.3662109375 0.71142578125 0.05078125 0.0458984375
0 0.39990234375 0.56787109375 0.0732421875 0.0517578125
0 0.39794921875 0.32861328125 0.0498046875 0.0654296875
0 0.2158203125 0.7978515625 0.05078125 0.048828125
0 0.13134765625 0.36181640625 0.0712890625 0.0498046875
0 0.775390625 0.66845703125 0.048828125 0.0380859375
0 0.87939453125 0.10498046875 0.0283203125 0.0185546875
0 0.9814453125 0.7109375 0.037109375 0.0703125
0 0.7197265625 0.01416015625 0.095703125 0.0283203125
0 0.36083984375 0.0771484375 0.0498046875 0.06640625
0 0.55810546875 0.89501953125 0.0517578125 0.0341796875
0 0.54443359375 0.19091796875 0.0478515625 0.0732421875
0 0.02490234375 0.5810546875 0.0498046875 0.083984375
0 0.57958984375 0.015625 0.0888671875 0.03125
0 0.92529296875 0.31982421875 0.0576171875 0.0478515625
