0 0.142578125 0.62255859375 0.17578125 0.1865234375
0 0.4130859375 0.0732421875 0.0625 0.09765625
0 0.53271484375 0.41796875 0.0478515625 0.048828125
0 0.64892578125 0.7333984375 0.0830078125 0.12890625
0 0.95947265625 0.275390625 0.0810546875 0.0859375
0 0.884765625 0.19189453125 0.1015625 0.2080078125
0 0.37744140625 0.439453125 0.0712890625 0.142578125
0 0.61962890625 0.22314453125 0.0869140625 0.0654296875
0 0.322265625 0.8818359375 0.064453125 0.080078125
0 0.09375 0.421875 0.107421875 0.11328125
0 0.1474609375 0.7958984375 0.09375 0.080078125
0 0.5302734375 0.01806640625 0.076171875 0.0361328125
0 0.9853515625 0.5654296875 0.029296875 0.10546875
0 0.8984375 0.4931640625 0.10546875 0.10546875
0 0.4814453125 0.53125 0.08203125 0.1171875
0 0.03515625 0.34375 0.0703125 0.111328125
0 0.98046875 0.93798828125 0.0390625 0.1005859375
0 0.53759765625 0.2978515625 0.0888671875 0.126953125
0 0.31884765625 0.0927734375 0.0693359375 0.12109375
0 0.49462890625 0.7099609375 0.0751953125 0.109375
0 0.20068359375 0.25439453125 0.1025390625 0.0791015625
0 0.86376953125 0.615234375 0.0791015625 0.119140625
0 0.47900390625 0.0458984375 0.0712890625 0.0703125
0 0.06787109375 0.01708984375 0.0751953125 0.0341796875
0 0.580078125 0.4609375 0.107421875 0.111328125
