0 0.36083984375 0.1572265625 0.0615234375 0.056640625
0 0.42626953125 0.83544921875 0.0517578125 0.0380859375
0 0.056640625 0.16357421875 0.07421875 0.0458984375
0 0.22509765625 0.61669921875 0.0771484375 0.0966796875
0 0.05078125 0.552734375 0.05078125 0.05078125
0 0.5634765625 0.39306640625 0.103515625 0.0595703125
0 0.40966796875 0.04736328125 0.0537109375 0.0947265625
0 0.12353515625 0.20263671875 0.0595703125 0.0654296875
0 0.67041015625 0.90087890625 0.0498046875 0.0595703125
0 0.93896484375 0.39208984375 0.0478515625 0.0654296875
0 0.5224609375 0.85888671875 0.05859375 0.0419921875
0 0.8056640625 0.72021484375 0.04296875 0.0341796875
0 0.61083984375 0.7509765625 0.0419921875 0.04296875
0 0.58056640625 0.85400390625 0.0908203125 0.0732421875
0 0.01416015625 0.39111328125 0.0283203125 0.1103515625
0 0.67626953125 0.185546875 0.0556640625 0.048828125
0 0.23681640625 0.7705078125 0.0517578125 0.052734375
0 0.53515625 0.45849609375 0.0546875 0.0419921875
0 0.9580078125 0.76318359375 0.083984375 0.0498046875
0 0.673828125 0.662109375 0.0390625 0.078125
0 0.5146484375 0.25927734375 0.037109375 0.0576171875
0 0.3837890625 0.36767578125 0.056640625 0.0654296875
0 0.8837890625 0.46240234375 0.044921875 0.0634765625
0 0.63525390625 0.7216796875 0.0400390625 0.048828125
0 0.09375 0.25830078125 0.068359375 0.0634765625
0 0.05126953125 0.7568359375 0.0595703125 0.044921875
0 0.3544921875 0.841796875 0.056640625 0.056640625
0 0.3056640625 0.68212890625 0.0625 0.0419921875
0 0.34521484375 0.0810546875 0.0556640625 0.072265625
0 0.83642578125 0.28515625 0.0654296875 0.048828125
0 0.8994140625 0.9501953125 0.064453125 0.05859375
0 0.9189453125 0.15185546875 0.041015625 0.0400390625
0 0.576171875 0.26220703125 0.068359375 0.0673828125
0 0.15966796875 0.873046875 0.0771484375 0.076171875
0 0.86767578125 0.580078125 0.0615234375 0.119140625
0 0.89697265625 0.728515625 0.0380859375 0.05078125
0 0.197265625 0.076171875 0.056640625 0.1015625
0 0.37841796875 0.50341796875 0.0869140625 0.0810546875
0 0.3935546875 0.8837890625 0.05859375 0.078125
0 0.89697265625 0.03662109375 0.0673828125 0.0732421875
