0 0.3037109375 0.53515625 0.107421875 0.126953125
0 0.3427734375 0.91845703125 0.09765625 0.0966796875
0 0.47119140625 0.04150390625 0.0908203125 0.0830078125
0 0.32177734375 0.8203125 0.0908203125 0.103515625
0 0.56787109375 0.29052734375 0.1103515625 0.0673828125
0 0.7919921875 0.97021484375 0.078125 0.0576171875
0 0.02001953125 0.728515625 0.0400390625 0.130859375
0 0.63232421875 0.728515625 0.0830078125 0.111328125
0 0.88818359375 0.8837890625 0.0771484375 0.103515625
0 0.59814453125 0.97314453125 0.1318359375 0.0498046875
0 0.5986328125 0.84130859375 0.044921875 0.0556640625
0 0.240234375 0.9501953125 0.115234375 0.09765625
0 0.1572265625 0.755859375 0.103515625 0.125
0 0.31103515625 0.31982421875 0.0888671875 0.0712890625
0 0.10986328125 0.6728515625 0.0712890625 0.05859375
0 0.95458984375 0.86279296875 0.0908203125 0.0810546875
0 0.3017578125 0.39697265625 0.099609375 0.0830078125
0 0.37109375 0.1943359375 0.12890625 0.1484375
0 0.7041015625 0.47509765625 0.078125 0.0830078125
0 0.07958984375 0.01611328125 0.0810546875 0.0302734375
0 0.44775390625 0.36181640625 0.0771484375 0.0673828125
0 0.05224609375 0.31201171875 0.0908203125 0.1025390625
0 0.9169921875 0.75439453125 0.080078125 0.0830078125
0 0.142578125 0.49658203125 0.12109375 0.1064453125
0 0.26416015625 0.064453125 0.1435546875 0.12890625
0 0.31591796875 0.61181640625 0.1474609375 0.1025390625
0 0.8603515625 0.328125 0.10546875 0.078125
0 0.74072265625 0.78955078125 0.1201171875 0.1064453125
0 0.38623046875 0.74560546875 0.1083984375 0.0654296875
0 0.16357421875 0.15625 0.0908203125 0.09375
