0 0.3466796875 0.02490234375 0.06640625 0.0498046875
0 0.9580078125 0.1396484375 0.07421875 0.09375
0 0.85693359375 0.32421875 0.1064453125 0.087890625
0 0.5322265625 0.0751953125 0.09375 0.150390625
0 0.9208984375 0.560546875 0.05859375 0.048828125
0 0.4560546875 0.1279296875 0.06640625 0.072265625
0 0.2685546875 0.43798828125 0.0703125 0.0634765625
0 0.14990234375 0.583984375 0.1025390625 0.103515625
0 0.9453125 0.9296875 0.109375 0.068359375
0 0.69384765625 0.55126953125 0.1044921875 0.1083984375
0 0.3603515625 0.326171875 0.064453125 0.0859375
0 0.6015625 0.388671875 0.154296875 0.07421875
0 0.65966796875 0.36767578125 0.0771484375 0.0595703125
0 0.65673828125 0.09765625 0.0849609375 0.099609375
0 0.84619140625 0.1435546875 0.0791015625 0.11328125
0 0.453125 0.90673828125 0.162109375 0.0888671875
0 0.1572265625 0.46533203125 0.130859375 0.1142578125
0 0.76171875 0.2109375 0.046875 0.048828125
0 0.865234375 0.91357421875 0.076171875 0.0927734375
0 0.14892578125 0.3408203125 0.1357421875 0.080078125
0 0.341796875 0.44482421875 0.10546875 0.0595703125
0 0.88330078125 0.81689453125 0.0732421875 0.0966796875
0 0.79345703125 0.14990234375 0.0673828125 0.0849609375
0 0.96337890625 0.68017578125 0.0712890625 0.0986328125
0 0.59423828125 0.150390625 0.0517578125 0.06640625
0 0.86865234375 0.62890625 0.0947265625 0.15625
0 0.5927734375 0.830078125 0.076171875 0.0703125
0 0.30517578125 0.533203125 0.0595703125 0.083984375
0 0.7666015625 0.01953125 0.115234375 0.0390625
0 0.45166015625 0.2587890625 0.0615234375 0.107421875
0 0.3359375 0.587890625 0.0625 0.0703125
0 0.62890625 0.93408203125 0.107421875 0.0830078125
0 0.90185546875 0.45654296875 0.0576171875 0.0693359375
