0 0.21728515625 0.05419921875 0.0361328125 0.0458984375
0 0.63037109375 0.2216796875 0.0751953125 0.1015625
0 0.81298828125 0.14697265625 0.0576171875 0.0751953125
0 0.69873046875 0.19384765625 0.0537109375 0.0654296875
0 0.765625 0.1845703125 0.05078125 0.0625
0 0.90380859375 0.19384765625 0.0576171875 0.0771484375
0 0.97412109375 0.2783203125 0.0517578125 0.111328125
0 0.69677734375 0.513671875 0.0458984375 0.056640625
0 0.9677734375 0.91357421875 0.064453125 0.0791015625
0 0.892578125 0.8486328125 0.078125 0.068359375
0 0.7734375 0.966796875 0.052734375 0.06640625
0 0.27392578125 0.67724609375 0.0302734375 0.0400390625
0 0.19140625 0.80126953125 0.046875 0.0322265625
0 0.21533203125 0.83837890625 0.0673828125 0.0419921875
0 0.23486328125 0.892578125 0.0439453125 0.0390625
0 0.27099609375 0.9091796875 0.0419921875 0.033203125
0 0.6904296875 0.05859375 0.044921875 0.080078125
0 0.6669921875 0.1064453125 0.05859375 0.060546875
0 0.64892578125 0.3076171875 0.0419921875 0.07421875
0 0.689453125 0.29052734375 0.046875 0.0673828125
0 0.7529296875 0.306640625 0.048828125 0.056640625
0 0.80029296875 0.27587890625 0.0576171875 0.0654296875
0 0.13232421875 0.2685546875 0.0908203125 0.091796875
0 0.7529296875 0.5751953125 0.046875 0.056640625
0 0.26220703125 0.474609375 0.0556640625 0.060546875
0 0.263671875 0.53564453125 0.056640625 0.0595703125
0 0.30322265625 0.419921875 0.0419921875 0.037109375
0 0.01318359375 0.58984375 0.0244140625 0.029296875
0 0.11328125 0.0830078125 0.05859375 0.05078125
0 0.2734375 0.1318359375 0.04296875 0.0625
0 0.361328125 0.29443359375 0.04296875 0.0498046875
0 0.26220703125 0.2060546875 0.0419921875 0.0546875
0 0.19140625 0.11328125 0.046875 0.04296875
0 0.21240234375 0.01416015625 0.0556640625 0.0283203125
0 0.31689453125 0.95947265625 0.0302734375 0.0380859375
0 0.29638671875 0.8896484375 0.0361328125 0.03515625
0 0.27880859375 0.8642578125 0.0380859375 0.03125
0 0.255859375 0.81396484375 0.03125 0.0341796875
0 0.919921875 0.978515625 0.04296875 0.041015625
0 0.171875 0.01123046875 0.03515625 0.0224609375
0 0.990234375 0.53857421875 0.01953125 0.0400390625
0 0.30078125 0.53564453125 0.017578125 0.0205078125
0 0.01904296875 0.86474609375 0.0166015625 0.0185546875
0 0.72265625 0.29248046875 0.04296875 0.0458984375
0 0.00634765625 0.81787109375 0.0126953125 0.0224609375
0 0.1103515625 0.99462890625 0.01953125 0.0107421875
0 0.2998046875 0.20263671875 0.025390625 0.0419921875
0 0.3310546875 0.0419921875 0.044921875 0.080078125
0 0.22705078125 0.26904296875 0.0537109375 0.0927734375
0 0.04296875 0.4150390625 0.068359375 0.052734375
0 0.03955078125 0.4599609375 0.0791015625 0.0625
0 0.1533203125 0.5263671875 0.072265625 0.060546875
0 0.69580078125 0.81494140625 0.0341796875 0.0361328125
0 0.7255859375 0.634765625 0.064453125 0.080078125
0 0.7314453125 0.6806640625 0.064453125 0.060546875
0 0.912109375 0.6162109375 0.080078125 0.11328125
0 0.908203125 0.2978515625 0.080078125 0.0859375
