0 0.99072265625 0.16943359375 0.0166015625 0.0791015625
0 0.962890625 0.15234375 0.0703125 0.2890625
0 0.9765625 0.0126953125 0.044921875 0.025390625
0 0.654296875 0.0263671875 0.20703125 0.052734375
0 0.17578125 0.0625 0.162109375 0.125
0 0.068359375 0.14404296875 0.13671875 0.1064453125
0 0.4296875 0.1796875 0.16015625 0.1796875
0 0.44482421875 0.17626953125 0.3251953125 0.1259765625
0 0.728515625 0.3896484375 0.1171875 0.201171875
0 0.8681640625 0.4501953125 0.158203125 0.0625
0 0.984375 0.4501953125 0.03125 0.0390625
0 0.923828125 0.6171875 0.150390625 0.0703125
0 0.974609375 0.75 0.05078125 0.052734375
0 0.888671875 0.7412109375 0.22265625 0.205078125
0 0.74267578125 0.9384765625 0.1416015625 0.0625
0 0.462890625 0.35205078125 0.3359375 0.0673828125
0 0.45556640625 0.40869140625 0.2392578125 0.0634765625
0 0.1337890625 0.28759765625 0.267578125 0.2119140625
0 0.3720703125 0.48046875 0.337890625 0.107421875
0 0.146484375 0.6591796875 0.158203125 0.25390625
0 0.05126953125 0.505859375 0.1025390625 0.19140625
0 0.02783203125 0.607421875 0.0556640625 0.0625
0 0.34326171875 0.5087890625 0.2392578125 0.185546875
0 0.46875 0.568359375 0.318359375 0.2109375
0 0.759765625 0.533203125 0.322265625 0.078125
0 0.68310546875 0.734375 0.0673828125 0.37890625
0 0.75390625 0.6689453125 0.25 0.3515625
0 0.65478515625 0.904296875 0.0478515625 0.08984375
0 0.72802734375 0.86767578125 0.0478515625 0.2626953125
0 0.4990234375 0.74609375 0.162109375 0.2265625
0 0.2939453125 0.736328125 0.044921875 0.09765625
0 0.251953125 0.7548828125 0.041015625 0.1171875
0 0.212890625 0.7568359375 0.0390625 0.10546875
0 0.6064453125 0.970703125 0.1328125 0.05859375
0 0.408203125 0.9501953125 0.283203125 0.0703125
0 0.51123046875 0.91796875 0.1064453125 0.1484375
0 0.55517578125 0.79443359375 0.1103515625 0.2978515625
0 0.41650390625 0.78369140625 0.2041015625 0.1494140625
0 0.404296875 0.66845703125 0.07421875 0.0283203125
0 0.2353515625 0.82861328125 0.283203125 0.0986328125
0 0.18994140625 0.83056640625 0.0830078125 0.0478515625
0 0.30078125 0.865234375 0.17578125 0.087890625
0 0.404296875 0.982421875 0.04296875 0.03515625
0 0.01953125 0.2685546875 0.0390625 0.03515625
0 0.0244140625 0.33642578125 0.048828125 0.1181640625
0 0.18994140625 0.6337890625 0.1611328125 0.234375
0 0.2880859375 0.5810546875 0.044921875 0.11328125
0 0.29541015625 0.6494140625 0.1884765625 0.087890625
0 0.166015625 0.70849609375 0.111328125 0.1572265625
0 0.2568359375 0.9169921875 0.04296875 0.12109375
0 0.20751953125 0.91259765625 0.1650390625 0.1728515625
0 0.08984375 0.6181640625 0.107421875 0.349609375
0 0.0087890625 0.84130859375 0.017578125 0.0478515625
0 0.1611328125 0.900390625 0.1953125 0.19921875
0 0.09130859375 0.89453125 0.0947265625 0.2109375
