0 0.96484375 0.0205078125 0.068359375 0.041015625
0 0.962890625 0.060546875 0.07421875 0.072265625
0 0.72314453125 0.078125 0.3291015625 0.1015625
0 0.62158203125 0.00830078125 0.2080078125 0.0166015625
0 0.71533203125 0.04345703125 0.3525390625 0.0869140625
0 0.8671875 0.15234375 0.265625 0.0703125
0 0.9169921875 0.1328125 0.05078125 0.18359375
0 0.91015625 0.21923828125 0.177734375 0.1884765625
0 0.94140625 0.33984375 0.1171875 0.2265625
0 0.96728515625 0.37158203125 0.0634765625 0.0830078125
0 0.8447265625 0.25 0.177734375 0.23046875
0 0.78369140625 0.5439453125 0.3876953125 0.041015625
0 0.83984375 0.6162109375 0.318359375 0.11328125
0 0.802734375 0.5732421875 0.369140625 0.041015625
0 0.78564453125 0.59228515625 0.0791015625 0.1806640625
0 0.7001953125 0.31494140625 0.310546875 0.1376953125
0 0.75048828125 0.37255859375 0.2470703125 0.1337890625
0 0.8125 0.376953125 0.044921875 0.2109375
0 0.8818359375 0.412109375 0.134765625 0.17578125
0 0.673828125 0.484375 0.259765625 0.162109375
0 0.4951171875 0.4296875 0.251953125 0.138671875
0 0.642578125 0.244140625 0.1796875 0.11328125
0 0.5751953125 0.1240234375 0.412109375 0.134765625
0 0.56201171875 0.3310546875 0.0673828125 0.072265625
0 0.337890625 0.15869140625 0.376953125 0.1259765625
0 0.3310546875 0.34619140625 0.248046875 0.1728515625
0 0.2587890625 0.3466796875 0.296875 0.052734375
0 0.3427734375 0.1767578125 0.12109375 0.15625
0 0.2275390625 0.0712890625 0.302734375 0.060546875
0 0.45458984375 0.03271484375 0.3291015625 0.0634765625
0 0.0966796875 0.1806640625 0.193359375 0.1484375
0 0.02783203125 0.0927734375 0.0556640625 0.05859375
0 0.0341796875 0.0732421875 0.064453125 0.021484375
0 0.0107421875 0.017578125 0.021484375 0.03515625
0 0.40869140625 0.56884765625 0.0673828125 0.3642578125
0 0.22021484375 0.54736328125 0.1181640625 0.2548828125
0 0.2392578125 0.57275390625 0.251953125 0.2275390625
0 0.3046875 0.72314453125 0.19140625 0.2470703125
0 0.6044921875 0.75634765625 0.267578125 0.1259765625
0 0.462890625 0.75927734375 0.36328125 0.0791015625
0 0.5068359375 0.84765625 0.166015625 0.3046875
0 0.2060546875 0.728515625 0.14453125 0.353515625
0 0.02587890625 0.6259765625 0.0517578125 0.068359375
0 0.1875 0.962890625 0.037109375 0.072265625
0 0.27783203125 0.8408203125 0.1455078125 0.0703125
0 0.7724609375 0.875 0.298828125 0.154296875
0 0.64697265625 0.974609375 0.2509765625 0.05078125
0 0.85009765625 0.99072265625 0.0791015625 0.0166015625
0 0.98095703125 0.97900390625 0.0361328125 0.0400390625
0 0.01025390625 0.16259765625 0.0205078125 0.0166015625
0 0.2392578125 0.0146484375 0.169921875 0.029296875
0 0.95166015625 0.599609375 0.0947265625 0.04296875
0 0.98876953125 0.57275390625 0.0205078125 0.0400390625
0 0.9609375 0.427734375 0.0546875 0.046875
