0 0.04248046875 0.38623046875 0.0849609375 0.0830078125
0 0.978515625 0.6328125 0.041015625 0.05859375
0 0.04296875 0.06103515625 0.078125 0.0771484375
0 0.52099609375 0.32666015625 0.1787109375 0.0556640625
0 0.755859375 0.03369140625 0.060546875 0.0654296875
0 0.61328125 0.55322265625 0.125 0.0712890625
0 0.68896484375 0.69921875 0.0986328125 0.064453125
0 0.10498046875 0.98095703125 0.1787109375 0.0380859375
0 0.42138671875 0.330078125 0.1162109375 0.091796875
0 0.94970703125 0.0634765625 0.0732421875 0.072265625
0 0.0322265625 0.73291015625 0.0625 0.0849609375
0 0.375 0.01513671875 0.09765625 0.0283203125
0 0.78076171875 0.365234375 0.1630859375 0.068359375
0 0.3583984375 0.73876953125 0.1328125 0.1162109375
0 0.0712890625 0.02490234375 0.140625 0.0478515625
0 0.91455078125 0.88720703125 0.1201171875 0.0751953125
0 0.4443359375 0.54052734375 0.099609375 0.0537109375
0 0.55615234375 0.23291015625 0.1201171875 0.0732421875
0 0.6591796875 0.8642578125 0.119140625 0.0703125
0 0.77001953125 0.28173828125 0.0732421875 0.0791015625
0 0.80908203125 0.8330078125 0.1044921875 0.09765625
0 0.1943359375 0.796875 0.095703125 0.095703125
0 0.8037109375 0.15283203125 0.13671875 0.0869140625
0 0.20947265625 0.68701171875 0.1552734375 0.0498046875
0 0.70654296875 0.4755859375 0.0654296875 0.0625
0 0.884765625 0.17138671875 0.09765625 0.0654296875
0 0.205078125 0.6298828125 0.07421875 0.0546875
0 0.396484375 0.171875 0.16796875 0.052734375
0 0.7109375 0.94921875 0.140625 0.048828125
0 0.6162109375 0.498046875 0.064453125 0.083984375
0 0.4169921875 0.72021484375 0.15234375 0.0673828125
0 0.60302734375 0.70654296875 0.1337890625 0.0751953125
0 0.4677734375 0.4765625 0.09375 0.080078125
0 0.07080078125 0.61376953125 0.1416015625 0.0849609375
0 0.076171875 0.41455078125 0.12109375 0.0615234375
0 0.09033203125 0.2001953125 0.1396484375 0.095703125
0 0.41064453125 0.21875 0.1396484375 0.08203125
0 0.25634765625 0.46728515625 0.0908203125 0.0810546875
0 0.2158203125 0.1435546875 0.099609375 0.048828125
0 0.55224609375 0.80517578125 0.0322265625 0.0419921875
0 0.8037109375 0.02099609375 0.056640625 0.0400390625
0 0.2216796875 0.36474609375 0.11328125 0.0947265625
