0 0.0185546875 0.2353515625 0.037109375 0.076171875
0 0.474609375 0.60107421875 0.08984375 0.0302734375
0 0.64111328125 0.54443359375 0.0556640625 0.0537109375
0 0.7919921875 0.56640625 0.060546875 0.046875
0 0.4794921875 0.43896484375 0.068359375 0.0341796875
0 0.40673828125 0.31787109375 0.0419921875 0.0478515625
0 0.599609375 0.27978515625 0.0546875 0.1025390625
0 0.26953125 0.9814453125 0.095703125 0.037109375
0 0.91455078125 0.26513671875 0.0556640625 0.0986328125
0 0.6357421875 0.837890625 0.080078125 0.076171875
0 0.08544921875 0.1220703125 0.0634765625 0.111328125
0 0.44677734375 0.84326171875 0.0419921875 0.0693359375
0 0.0341796875 0.0361328125 0.060546875 0.072265625
0 0.9794921875 0.705078125 0.041015625 0.080078125
0 0.91357421875 0.8818359375 0.0478515625 0.044921875
0 0.07470703125 0.62646484375 0.0478515625 0.0478515625
0 0.83544921875 0.7841796875 0.0595703125 0.078125
0 0.6455078125 0.74658203125 0.052734375 0.0576171875
0 0.12646484375 0.4609375 0.0771484375 0.078125
0 0.7998046875 0.94677734375 0.064453125 0.0419921875
0 0.9013671875 0.17919921875 0.123046875 0.0693359375
0 0.9609375 0.6298828125 0.076171875 0.068359375
0 0.32666015625 0.71484375 0.0126953125 0.01953125
0 0.19677734375 0.5673828125 0.0458984375 0.0625
0 0.18603515625 0.93310546875 0.0654296875 0.0712890625
0 0.73583984375 0.12890625 0.0654296875 0.14453125
0 0.27587890625 0.609375 0.0771484375 0.0703125
0 0.201171875 0.4423828125 0.083984375 0.04296875
0 0.953125 0.39013671875 0.0625 0.0654296875
0 0.4814453125 0.96435546875 0.08203125 0.0537109375
0 0.033203125 0.12548828125 0.06640625 0.1005859375
0 0.91748046875 0.0498046875 0.0830078125 0.06640625
0 0.40966796875 0.19921875 0.0439453125 0.083984375
0 0.197265625 0.30029296875 0.052734375 0.0595703125
0 0.68603515625 0.9814453125 0.0400390625 0.03515625
0 0.7255859375 0.86376953125 0.05859375 0.0595703125
0 0.5751953125 0.75341796875 0.0703125 0.0517578125
0 0.6552734375 0.16162109375 0.0625 0.1259765625
0 0.97216796875 0.21240234375 0.0556640625 0.0966796875
0 0.74462890625 0.78271484375 0.0693359375 0.0615234375
0 0.83056640625 0.87841796875 0.0712890625 0.0537109375
0 0.17529296875 0.83642578125 0.1044921875 0.0517578125
0 0.609375 0.40234375 0.08203125 0.158203125
0 0.3369140625 0.95849609375 0.119140625 0.0810546875
0 0.935546875 0.71630859375 0.044921875 0.0888671875
0 0.84228515625 0.66845703125 0.0419921875 0.0673828125
0 0.82275390625 0.2802734375 0.0634765625 0.080078125
0 0.5546875 0.8125 0.044921875 0.06640625
0 0.3515625 0.61474609375 0.060546875 0.0712890625
0 0.904296875 0.810546875 0.056640625 0.076171875
0 0.455078125 0.66015625 0.076171875 0.0859375
0 0.6318359375 0.89013671875 0.05859375 0.0498046875
0 0.8701171875 0.12109375 0.119140625 0.099609375
0 0.2294921875 0.197265625 0.08984375 0.0625
0 0.1357421875 0.56201171875 0.060546875 0.1044921875
0 0.5537109375 0.1572265625 0.05859375 0.095703125
0 0.34716796875 0.85693359375 0.0478515625 0.0517578125
