0 0.90771484375 0.09375 0.0478515625 0.0625
0 0.94189453125 0.158203125 0.0380859375 0.0546875
0 0.93359375 0.24560546875 0.04296875 0.0537109375
0 0.8876953125 0.41015625 0.0859375 0.0546875
0 0.828125 0.32763671875 0.08203125 0.0478515625
0 0.8076171875 0.275390625 0.04296875 0.064453125
0 0.609375 0.36328125 0.09765625 0.048828125
0 0.66259765625 0.30322265625 0.0615234375 0.0517578125
0 0.67724609375 0.23095703125 0.0634765625 0.0615234375
0 0.5302734375 0.3232421875 0.064453125 0.03515625
0 0.4912109375 0.25830078125 0.064453125 0.0458984375
0 0.490234375 0.0595703125 0.09765625 0.044921875
0 0.29052734375 0.34619140625 0.0595703125 0.0576171875
0 0.3232421875 0.29638671875 0.08203125 0.0693359375
0 0.3505859375 0.24951171875 0.08984375 0.0380859375
0 0.32958984375 0.2099609375 0.0673828125 0.060546875
0 0.3359375 0.08837890625 0.072265625 0.1044921875
0 0.18115234375 0.056640625 0.0810546875 0.0546875
0 0.75830078125 0.54248046875 0.0771484375 0.0478515625
0 0.81396484375 0.50390625 0.0458984375 0.076171875
0 0.88134765625 0.63037109375 0.0439453125 0.0673828125
0 0.8505859375 0.70068359375 0.044921875 0.0654296875
0 0.86572265625 0.751953125 0.0654296875 0.052734375
0 0.7109375 0.7861328125 0.095703125 0.0546875
0 0.80517578125 0.8203125 0.0615234375 0.052734375
0 0.58984375 0.69580078125 0.080078125 0.0654296875
0 0.3291015625 0.53271484375 0.0625 0.0439453125
0 0.31982421875 0.67333984375 0.0693359375 0.0732421875
0 0.46337890625 0.6884765625 0.1103515625 0.07421875
0 0.509765625 0.62353515625 0.0859375 0.0615234375
0 0.40185546875 0.78271484375 0.0517578125 0.0849609375
0 0.25634765625 0.7939453125 0.0439453125 0.0703125
0 0.14697265625 0.74755859375 0.0419921875 0.0576171875
0 0.787109375 0.89404296875 0.107421875 0.0341796875
0 0.69970703125 0.92138671875 0.0595703125 0.0673828125
0 0.50341796875 0.94091796875 0.0400390625 0.0498046875
0 0.51171875 0.8759765625 0.0546875 0.0625
0 0.29345703125 0.94384765625 0.1083984375 0.0478515625
0 0.2080078125 0.90869140625 0.0625 0.0615234375
0 0.24365234375 0.86328125 0.0439453125 0.04296875
0 0.08154296875 0.869140625 0.0908203125 0.052734375
0 0.0673828125 0.92919921875 0.048828125 0.0576171875
0 0.087890625 0.77392578125 0.13671875 0.0439453125
0 0.0888671875 0.60302734375 0.05078125 0.0830078125
0 0.06494140625 0.6591796875 0.0888671875 0.052734375
0 0.0380859375 0.71435546875 0.037109375 0.0849609375
0 0.04736328125 0.72314453125 0.0322265625 0.0634765625
0 0.05908203125 0.49658203125 0.0791015625 0.0458984375
0 0.25830078125 0.466796875 0.0400390625 0.06640625
0 0.11181640625 0.43896484375 0.0576171875 0.0576171875
0 0.048828125 0.35595703125 0.05859375 0.0615234375
0 0.05126953125 0.27197265625 0.0634765625 0.0712890625
0 0.07763671875 0.1923828125 0.0751953125 0.046875
0 0.064453125 0.1513671875 0.08984375 0.044921875
0 0.6689453125 0.5458984375 0.03515625 0.048828125
0 0.888671875 0.326171875 0.03515625 0.033203125
0 0.1572265625 0.88623046875 0.046875 0.0419921875
0 0.42919921875 0.68359375 0.0458984375 0.04296875
0 0.763671875 0.80810546875 0.041015625 0.0361328125
0 0.61767578125 0.2587890625 0.0576171875 0.060546875
0 0.89453125 0.9521484375 0.04296875 0.0234375
0 0.326171875 0.8564453125 0.044921875 0.0390625
0 0.11669921875 0.330078125 0.0341796875 0.025390625
0 0.1337890625 0.49609375 0.0390625 0.0234375
0 0.10693359375 0.70947265625 0.0380859375 0.0537109375
0 0.1181640625 0.40478515625 0.0390625 0.0283203125
