0 0.09033203125 0.52734375 0.0771484375 0.021484375
0 0.240234375 0.2822265625 0.05859375 0.0625
0 0.3818359375 0.68017578125 0.06640625 0.0576171875
0 0.49951171875 0.9130859375 0.0322265625 0.0390625
0 0.4619140625 0.85693359375 0.080078125 0.0400390625
0 0.0166015625 0.62939453125 0.033203125 0.0341796875
0 0.8671875 0.57861328125 0.060546875 0.0341796875
0 0.90771484375 0.4833984375 0.0498046875 0.033203125
0 0.34765625 0.40673828125 0.072265625 0.0419921875
0 0.75927734375 0.50390625 0.0693359375 0.025390625
0 0.35498046875 0.81787109375 0.0615234375 0.0458984375
0 0.98291015625 0.0283203125 0.0302734375 0.056640625
0 0.6640625 0.8076171875 0.0703125 0.048828125
0 0.158203125 0.07177734375 0.05078125 0.0380859375
0 0.09619140625 0.89990234375 0.0947265625 0.0439453125
0 0.63525390625 0.74755859375 0.0654296875 0.0537109375
0 0.24462890625 0.07373046875 0.0537109375 0.0498046875
0 0.19140625 0.29296875 0.080078125 0.083984375
0 0.01953125 0.4833984375 0.0390625 0.03515625
0 0.82177734375 0.88037109375 0.0751953125 0.0498046875
0 0.6044921875 0.47509765625 0.115234375 0.0380859375
0 0.30419921875 0.26708984375 0.0419921875 0.0244140625
0 0.193359375 0.1875 0.091796875 0.048828125
0 0.7900390625 0.71875 0.048828125 0.041015625
0 0.92626953125 0.04443359375 0.0380859375 0.0791015625
0 0.74609375 0.1396484375 0.1015625 0.07421875
0 0.81103515625 0.080078125 0.0791015625 0.056640625
0 0.02294921875 0.92822265625 0.0458984375 0.0302734375
0 0.630859375 0.982421875 0.0546875 0.03125
0 0.96337890625 0.37744140625 0.0615234375 0.0595703125
0 0.533203125 0.849609375 0.076171875 0.03515625
0 0.900390625 0.701171875 0.109375 0.087890625
0 0.79345703125 0.14404296875 0.0830078125 0.0576171875
0 0.52197265625 0.70703125 0.0615234375 0.0546875
0 0.27197265625 0.787109375 0.0869140625 0.03515625
0 0.0947265625 0.859375 0.072265625 0.05859375
0 0.51953125 0.74755859375 0.1328125 0.0634765625
0 0.9638671875 0.54931640625 0.05859375 0.0400390625
0 0.40673828125 0.7666015625 0.0693359375 0.056640625
0 0.24365234375 0.1484375 0.0693359375 0.046875
0 0.11962890625 0.3876953125 0.0966796875 0.03515625
0 0.3076171875 0.16455078125 0.06640625 0.0400390625
0 0.9619140625 0.83935546875 0.060546875 0.0419921875
0 0.9248046875 0.41796875 0.07421875 0.064453125
0 0.61083984375 0.45068359375 0.1025390625 0.0498046875
0 0.7080078125 0.24755859375 0.083984375 0.1279296875
0 0.0263671875 0.859375 0.052734375 0.044921875
0 0.3916015625 0.0283203125 0.078125 0.041015625
0 0.48095703125 0.2265625 0.0966796875 0.046875
0 0.822265625 0.75 0.07421875 0.060546875
0 0.02197265625 0.73388671875 0.0380859375 0.0458984375
0 0.1611328125 0.85546875 0.029296875 0.02734375
0 0.86279296875 0.45263671875 0.0595703125 0.0771484375
0 0.2236328125 0.19677734375 0.080078125 0.0556640625
0 0.06201171875 0.08837890625 0.1240234375 0.0458984375
0 0.9736328125 0.91357421875 0.052734375 0.0419921875
0 0.24755859375 0.888671875 0.1220703125 0.05078125
0 0.75634765625 0.8564453125 0.1083984375 0.0390625
0 0.302734375 0.310546875 0.07421875 0.080078125
0 0.06298828125 0.14404296875 0.1044921875 0.0634765625
0 0.64404296875 0.51513671875 0.0908203125 0.0439453125
0 0.31005859375 0.82958984375 0.0849609375 0.0615234375
0 0.37451171875 0.48291015625 0.0830078125 0.0400390625
0 0.35302734375 0.13623046875 0.0634765625 0.0634765625
0 0.82763671875 0.4658203125 0.0380859375 0.048828125
0 0.68701171875 0.7060546875 0.0595703125 0.05078125
0 0.33740234375 0.51416015625 0.0927734375 0.0478515625
0 0.09423828125 0.69580078125 0.0751953125 0.0439453125
