0 0.46826171875 0.7021484375 0.0810546875 0.07421875
0 0.45166015625 0.56787109375 0.0751953125 0.1103515625
0 0.412109375 0.619140625 0.072265625 0.109375
0 0.36572265625 0.65087890625 0.0537109375 0.0947265625
0 0.8935546875 0.177734375 0.052734375 0.06640625
0 0.85009765625 0.15380859375 0.0322265625 0.0693359375
0 0.98779296875 0.45703125 0.0244140625 0.064453125
0 0.970703125 0.84765625 0.052734375 0.1484375
0 0.85107421875 0.95703125 0.0810546875 0.08203125
0 0.82080078125 0.74658203125 0.0576171875 0.0517578125
0 0.6767578125 0.48388671875 0.06640625 0.0830078125
0 0.4150390625 0.779296875 0.158203125 0.0625
0 0.439453125 0.88916015625 0.099609375 0.1630859375
0 0.33154296875 0.8662109375 0.1376953125 0.080078125
0 0.2431640625 0.78515625 0.091796875 0.064453125
0 0.1142578125 0.76171875 0.095703125 0.1015625
0 0.0546875 0.69140625 0.03515625 0.10546875
0 0.17919921875 0.8818359375 0.0830078125 0.078125
0 0.16015625 0.9814453125 0.16015625 0.037109375
0 0.24609375 0.9609375 0.154296875 0.078125
0 0.38134765625 0.38330078125 0.2509765625 0.1689453125
0 0.32470703125 0.275390625 0.0673828125 0.099609375
0 0.4140625 0.265625 0.0546875 0.037109375
0 0.34912109375 0.4482421875 0.0478515625 0.080078125
0 0.302734375 0.50439453125 0.0625 0.0419921875
0 0.8779296875 0.4951171875 0.037109375 0.08203125
0 0.54833984375 0.3095703125 0.0830078125 0.083984375
0 0.20947265625 0.43505859375 0.0947265625 0.1103515625
0 0.14013671875 0.26171875 0.0693359375 0.08984375
0 0.07080078125 0.28564453125 0.0595703125 0.0830078125
0 0.14111328125 0.365234375 0.0400390625 0.072265625
0 0.02587890625 0.3955078125 0.0517578125 0.0703125
0 0.015625 0.5380859375 0.03125 0.048828125
0 0.26123046875 0.07861328125 0.0615234375 0.1396484375
0 0.0185546875 0.02099609375 0.037109375 0.0419921875
0 0.015625 0.154296875 0.03125 0.060546875
0 0.0244140625 0.21337890625 0.048828125 0.0576171875
0 0.14892578125 0.58056640625 0.0634765625 0.0751953125
0 0.10400390625 0.58837890625 0.0400390625 0.0576171875
0 0.35302734375 0.072265625 0.0458984375 0.095703125
0 0.3076171875 0.03173828125 0.060546875 0.0634765625
0 0.43408203125 0.05859375 0.0986328125 0.115234375
0 0.4384765625 0.177734375 0.037109375 0.060546875
0 0.548828125 0.03759765625 0.072265625 0.0751953125
0 0.595703125 0.0234375 0.029296875 0.046875
0 0.64013671875 0.119140625 0.0791015625 0.076171875
0 0.51904296875 0.2236328125 0.0576171875 0.08203125
0 0.54931640625 0.25390625 0.0419921875 0.041015625
0 0.8984375 0.37451171875 0.05859375 0.0869140625
0 0.90087890625 0.310546875 0.0810546875 0.068359375
0 0.78271484375 0.12841796875 0.1005859375 0.0908203125
0 0.7744140625 0.04248046875 0.078125 0.0849609375
0 0.7099609375 0.55517578125 0.04296875 0.0439453125
0 0.67041015625 0.6279296875 0.0458984375 0.0859375
0 0.69921875 0.6650390625 0.025390625 0.080078125
0 0.69482421875 0.59814453125 0.0224609375 0.0498046875
0 0.60986328125 0.64013671875 0.0830078125 0.0986328125
0 0.4716796875 0.64208984375 0.041015625 0.0517578125
0 0.2060546875 0.748046875 0.08203125 0.041015625
0 0.17724609375 0.78173828125 0.0380859375 0.0498046875
0 0.7568359375 0.2529296875 0.033203125 0.0546875
0 0.73876953125 0.3310546875 0.0478515625 0.068359375
0 0.69482421875 0.22607421875 0.0888671875 0.1376953125
0 0.67431640625 0.27587890625 0.0810546875 0.1142578125
0 0.5087890625 0.15478515625 0.04296875 0.0419921875
0 0.6953125 0.12646484375 0.05859375 0.0634765625
0 0.72802734375 0.0234375 0.0302734375 0.046875
0 0.97998046875 0.060546875 0.0400390625 0.103515625
0 0.69189453125 0.41064453125 0.0361328125 0.0224609375
0 0.09375 0.60400390625 0.048828125 0.0517578125
0 0.20263671875 0.8359375 0.0791015625 0.04296875
0 0.15673828125 0.06982421875 0.0244140625 0.0205078125
0 0.73974609375 0.0927734375 0.0537109375 0.103515625
0 0.71533203125 0.150390625 0.0048828125 0.0078125
0 0.95263671875 0.53369140625 0.0810546875 0.1181640625
0 0.05126953125 0.81298828125 0.0361328125 0.0263671875
0 0.70654296875 0.5908203125 0.0263671875 0.05078125
0 0.48974609375 0.24072265625 0.0341796875 0.0673828125
