0 0.765625 0.18603515625 0.099609375 0.0791015625
0 0.04052734375 0.82373046875 0.0439453125 0.0400390625
0 0.45703125 0.43994140625 0.078125 0.0888671875
0 0.451171875 0.26708984375 0.109375 0.0712890625
0 0.3134765625 0.97900390625 0.056640625 0.0419921875
0 0.97607421875 0.58056640625 0.0478515625 0.0849609375
0 0.86572265625 0.01220703125 0.0517578125 0.0244140625
0 0.5625 0.6240234375 0.095703125 0.087890625
0 0.482421875 0.9716796875 0.08984375 0.048828125
0 0.44384765625 0.1904296875 0.0810546875 0.056640625
0 0.4130859375 0.51123046875 0.0703125 0.0537109375
0 0.3740234375 0.4267578125 0.05078125 0.0546875
0 0.02294921875 0.21826171875 0.0458984375 0.0732421875
0 0.181640625 0.09130859375 0.095703125 0.0771484375
0 0.54345703125 0.2265625 0.0751953125 0.064453125
0 0.97998046875 0.18994140625 0.0400390625 0.0576171875
0 0.0419921875 0.3720703125 0.078125 0.091796875
0 0.1689453125 0.462890625 0.099609375 0.0859375
0 0.0947265625 0.8955078125 0.04296875 0.052734375
0 0.8115234375 0.9052734375 0.08203125 0.05859375
0 0.09912109375 0.15478515625 0.0673828125 0.0751953125
0 0.88671875 0.18505859375 0.06640625 0.0576171875
0 0.04052734375 0.62353515625 0.0791015625 0.1083984375
0 0.6298828125 0.94580078125 0.0859375 0.0869140625
0 0.9775390625 0.3193359375 0.037109375 0.068359375
0 0.4521484375 0.8369140625 0.083984375 0.060546875
0 0.556640625 0.140625 0.1015625 0.080078125
0 0.68408203125 0.81201171875 0.0966796875 0.0732421875
0 0.0673828125 0.74462890625 0.1328125 0.0908203125
0 0.90576171875 0.93798828125 0.1044921875 0.0830078125
0 0.3447265625 0.3486328125 0.099609375 0.0859375
0 0.14697265625 0.97802734375 0.0595703125 0.0439453125
0 0.6748046875 0.4365234375 0.044921875 0.041015625
0 0.7392578125 0.44677734375 0.08203125 0.0712890625
0 0.75634765625 0.970703125 0.0673828125 0.05859375
