0 0.46240234375 0.17431640625 0.0693359375 0.1318359375
0 0.69482421875 0.12744140625 0.1767578125 0.1787109375
0 0.6943359375 0.1572265625 0.10546875 0.169921875
0 0.67578125 0.30078125 0.07421875 0.166015625
0 0.95068359375 0.203125 0.0693359375 0.181640625
0 0.49560546875 0.47998046875 0.1025390625 0.1416015625
0 0.75146484375 0.1708984375 0.0322265625 0.146484375
0 0.7978515625 0.03466796875 0.080078125 0.0634765625
0 0.892578125 0.0703125 0.076171875 0.140625
0 0.029296875 0.22265625 0.056640625 0.255859375
0 0.62939453125 0.9462890625 0.1064453125 0.087890625
0 0.96923828125 0.2607421875 0.0458984375 0.1796875
0 0.3818359375 0.89794921875 0.1015625 0.1591796875
0 0.04541015625 0.34912109375 0.0908203125 0.0927734375
0 0.72265625 0.90771484375 0.05078125 0.0576171875
0 0.49755859375 0.8984375 0.0830078125 0.177734375
0 0.564453125 0.1826171875 0.1484375 0.150390625
0 0.2646484375 0.0302734375 0.05859375 0.060546875
0 0.748046875 0.794921875 0.064453125 0.09765625
