0 0.83984375 0.25 0.052734375 0.068359375
0 0.56103515625 0.39111328125 0.0732421875 0.1103515625
0 0.65283203125 0.91845703125 0.1123046875 0.0908203125
0 0.32861328125 0.28955078125 0.0712890625 0.0634765625
0 0.689453125 0.4365234375 0.064453125 0.05859375
0 0.3916015625 0.82421875 0.09765625 0.078125
0 0.8916015625 0.37255859375 0.1171875 0.0986328125
0 0.70654296875 0.48681640625 0.0595703125 0.0439453125
0 0.7578125 0.466796875 0.07421875 0.060546875
0 0.58642578125 0.0302734375 0.0810546875 0.05078125
0 0.08251953125 0.88623046875 0.0439453125 0.0498046875
0 0.177734375 0.23193359375 0.103515625 0.0849609375
0 0.08544921875 0.4130859375 0.0908203125 0.15625
0 0.8095703125 0.12841796875 0.140625 0.0634765625
0 0.52001953125 0.47509765625 0.1123046875 0.0849609375
0 0.9404296875 0.9208984375 0.119140625 0.109375
0 0.7529296875 0.54150390625 0.064453125 0.0810546875
0 0.91064453125 0.80419921875 0.0888671875 0.0634765625
0 0.6357421875 0.076171875 0.0625 0.064453125
0 0.4013671875 0.0146484375 0.060546875 0.029296875
0 0.0810546875 0.96875 0.06640625 0.060546875
0 0.0478515625 0.27783203125 0.095703125 0.1552734375
0 0.3173828125 0.4677734375 0.0625 0.123046875
0 0.54052734375 0.16748046875 0.0986328125 0.0576171875
0 0.7099609375 0.3271484375 0.12109375 0.083984375
0 0.4306640625 0.46875 0.091796875 0.142578125
0 0.1494140625 0.88525390625 0.037109375 0.0517578125
0 0.31103515625 0.95361328125 0.0537109375 0.0712890625
0 0.1240234375 0.154296875 0.111328125 0.0625
0 0.13818359375 0.76708984375 0.0751953125 0.0654296875
0 0.7119140625 0.0791015625 0.068359375 0.076171875
