0 0.8896484375 0.8994140625 0.083984375 0.033203125
0 0.40576171875 0.18017578125 0.0751953125 0.0615234375
0 0.2939453125 0.98486328125 0.09375 0.0283203125
0 0.8115234375 0.34423828125 0.046875 0.0439453125
0 0.1142578125 0.794921875 0.12890625 0.06640625
0 0.55078125 0.18017578125 0.056640625 0.1181640625
0 0.5322265625 0.02392578125 0.087890625 0.0478515625
0 0.18505859375 0.01708984375 0.0712890625 0.0341796875
0 0.5712890625 0.30029296875 0.0546875 0.0458984375
0 0.970703125 0.4365234375 0.0390625 0.037109375
0 0.73681640625 0.302734375 0.0615234375 0.115234375
0 0.32861328125 0.373046875 0.0634765625 0.119140625
0 0.591796875 0.91455078125 0.060546875 0.0517578125
0 0.87255859375 0.62744140625 0.0634765625 0.1201171875
0 0.7734375 0.7685546875 0.09375 0.125
0 0.50634765625 0.16162109375 0.0634765625 0.0712890625
0 0.65966796875 0.24462890625 0.1181640625 0.1376953125
0 0.40283203125 0.34326171875 0.0576171875 0.0576171875
0 0.4638671875 0.1240234375 0.05859375 0.099609375
0 0.31005859375 0.68115234375 0.1181640625 0.1396484375
0 0.615234375 0.12158203125 0.111328125 0.0927734375
0 0.9775390625 0.97900390625 0.044921875 0.0419921875
0 0.68359375 0.3310546875 0.091796875 0.052734375
0 0.63671875 0.181640625 0.068359375 0.125
0 0.2587890625 0.13720703125 0.107421875 0.1220703125
0 0.78466796875 0.56640625 0.1044921875 0.048828125
0 0.04638671875 0.5673828125 0.0927734375 0.05078125
0 0.951171875 0.22314453125 0.078125 0.0517578125
0 0.51220703125 0.29052734375 0.0849609375 0.0810546875
0 0.19970703125 0.68359375 0.1220703125 0.125
0 0.4111328125 0.65478515625 0.08203125 0.0712890625
0 0.83984375 0.92431640625 0.130859375 0.0556640625
0 0.0341796875 0.07373046875 0.068359375 0.0517578125
0 0.46484375 0.30322265625 0.048828125 0.0498046875
0 0.5166015625 0.9140625 0.064453125 0.060546875
0 0.7802734375 0.859375 0.076171875 0.05078125
0 0.62939453125 0.45556640625 0.0478515625 0.0693359375
0 0.56005859375 0.36865234375 0.0458984375 0.0751953125
0 0.3837890625 0.27783203125 0.11328125 0.0732421875
0 0.751953125 0.1943359375 0.0703125 0.091796875
0 0.390625 0.04833984375 0.072265625 0.0498046875
0 0.447265625 0.50244140625 0.052734375 0.0751953125
0 0.80078125 0.07080078125 0.05078125 0.0478515625
0 0.5185546875 0.07421875 0.107421875 0.083984375
0 0.44580078125 0.93408203125 0.0576171875 0.0576171875
0 0.197265625 0.97509765625 0.052734375 0.0498046875
0 0.57763671875 0.46240234375 0.0458984375 0.1083984375
0 0.80615234375 0.39892578125 0.0986328125 0.0654296875
0 0.8330078125 0.77197265625 0.05078125 0.1220703125
0 0.5712890625 0.978515625 0.0546875 0.04296875
0 0.8740234375 0.48388671875 0.0546875 0.0810546875
0 0.2265625 0.35791015625 0.12109375 0.0498046875
0 0.12890625 0.9091796875 0.052734375 0.05859375
0 0.79833984375 0.03759765625 0.1494140625 0.0556640625
0 0.84912109375 0.87109375 0.0908203125 0.052734375
0 0.63037109375 0.36474609375 0.0810546875 0.0400390625
0 0.0576171875 0.01416015625 0.046875 0.0283203125
0 0.91796875 0.35986328125 0.123046875 0.0888671875
0 0.36669921875 0.447265625 0.0517578125 0.046875
0 0.271484375 0.37744140625 0.060546875 0.0380859375
