0 0.7412109375 0.48876953125 0.03125 0.0478515625
0 0.7705078125 0.064453125 0.076171875 0.072265625
0 0.951171875 0.03369140625 0.09765625 0.0673828125
0 0.83349609375 0.2060546875 0.0576171875 0.064453125
0 0.04833984375 0.32080078125 0.0947265625 0.0556640625
0 0.86328125 0.30322265625 0.0546875 0.0908203125
0 0.869140625 0.49072265625 0.095703125 0.1318359375
0 0.96484375 0.28759765625 0.05859375 0.0927734375
0 0.68701171875 0.849609375 0.0478515625 0.064453125
0 0.7734375 0.45556640625 0.060546875 0.0751953125
0 0.94287109375 0.580078125 0.0615234375 0.0546875
0 0.90478515625 0.96484375 0.0498046875 0.0703125
0 0.7255859375 0.3037109375 0.056640625 0.0859375
0 0.75341796875 0.24169921875 0.0634765625 0.0498046875
0 0.677734375 0.77587890625 0.041015625 0.0810546875
