0 0.6044921875 0.3359375 0.05859375 0.09765625
0 0.6181640625 0.23583984375 0.060546875 0.1064453125
0 0.7890625 0.34716796875 0.076171875 0.1162109375
0 0.92138671875 0.291015625 0.1005859375 0.1015625
0 0.861328125 0.06396484375 0.064453125 0.0712890625
0 0.66357421875 0.1806640625 0.0478515625 0.0703125
0 0.75537109375 0.2138671875 0.0595703125 0.06640625
0 0.89404296875 0.134765625 0.0615234375 0.05859375
0 0.53515625 0.2666015625 0.11328125 0.095703125
0 0.82373046875 0.96044921875 0.0576171875 0.0654296875
0 0.75048828125 0.9404296875 0.0537109375 0.05078125
0 0.67822265625 0.04150390625 0.0712890625 0.0830078125
0 0.82763671875 0.53857421875 0.0576171875 0.0654296875
