0 0.10107421875 0.82373046875 0.0693359375 0.0830078125
0 0.68603515625 0.744140625 0.0517578125 0.048828125
0 0.75146484375 0.05712890625 0.0595703125 0.0673828125
0 0.7294921875 0.85888671875 0.05078125 0.0595703125
0 0.1552734375 0.22900390625 0.072265625 0.0771484375
0 0.509765625 0.3681640625 0.056640625 0.046875
0 0.71826171875 0.193359375 0.0634765625 0.05078125
0 0.861328125 0.08447265625 0.0703125 0.1005859375
0 0.59423828125 0.32470703125 0.0751953125 0.0849609375
0 0.61474609375 0.69775390625 0.1044921875 0.0986328125
0 0.7919921875 0.72998046875 0.064453125 0.0439453125
0 0.81640625 0.60546875 0.068359375 0.064453125
0 0.64208984375 0.0556640625 0.0673828125 0.091796875
0 0.0537109375 0.78857421875 0.0625 0.0478515625
0 0.69677734375 0.91455078125 0.0947265625 0.0849609375
0 0.7119140625 0.68017578125 0.05078125 0.0400390625
0 0.30126953125 0.0224609375 0.0791015625 0.044921875
0 0.685546875 0.47705078125 0.0703125 0.0673828125
