0 0.7158203125 0.29638671875 0.09765625 0.0791015625
0 0.05078125 0.53125 0.07421875 0.091796875
0 0.45263671875 0.51806640625 0.0693359375 0.0908203125
0 0.95068359375 0.61962890625 0.0966796875 0.0654296875
0 0.93115234375 0.078125 0.1376953125 0.146484375
0 0.0458984375 0.22509765625 0.060546875 0.1162109375
0 0.9599609375 0.16748046875 0.07421875 0.1513671875
0 0.552734375 0.24462890625 0.080078125 0.0810546875
0 0.3798828125 0.43505859375 0.0859375 0.1162109375
0 0.12890625 0.98681640625 0.078125 0.0263671875
0 0.5087890625 0.5341796875 0.07421875 0.080078125
0 0.9423828125 0.58056640625 0.115234375 0.0595703125
0 0.67626953125 0.54541015625 0.1005859375 0.0498046875
0 0.287109375 0.234375 0.060546875 0.0703125
0 0.02392578125 0.17578125 0.0478515625 0.10546875
0 0.3486328125 0.0576171875 0.080078125 0.107421875
0 0.3662109375 0.7705078125 0.060546875 0.0546875
0 0.064453125 0.12744140625 0.0625 0.1103515625
0 0.43701171875 0.806640625 0.0810546875 0.068359375
0 0.57568359375 0.96533203125 0.0849609375 0.0693359375
0 0.94384765625 0.751953125 0.0791015625 0.05078125
0 0.69189453125 0.67529296875 0.1162109375 0.0849609375
0 0.052734375 0.97412109375 0.10546875 0.0517578125
0 0.740234375 0.22607421875 0.10546875 0.0791015625
0 0.50146484375 0.83154296875 0.0595703125 0.0771484375
0 0.751953125 0.78759765625 0.08984375 0.0537109375
0 0.88623046875 0.82177734375 0.1103515625 0.0947265625
0 0.7490234375 0.4921875 0.12890625 0.078125
0 0.34228515625 0.0986328125 0.0888671875 0.125
0 0.7119140625 0.14111328125 0.08203125 0.0849609375
0 0.29248046875 0.66015625 0.0615234375 0.056640625
0 0.41796875 0.11474609375 0.080078125 0.0830078125
0 0.92626953125 0.4228515625 0.0556640625 0.072265625
0 0.60302734375 0.0390625 0.0673828125 0.07421875
0 0.078125 0.32275390625 0.0546875 0.1220703125
0 0.82958984375 0.4580078125 0.0615234375 0.05078125
0 0.0146484375 0.7783203125 0.029296875 0.072265625
0 0.17578125 0.7900390625 0.09765625 0.125
0 0.3515625 0.189453125 0.07421875 0.09765625
0 0.88916015625 0.7158203125 0.0810546875 0.056640625
