0 0.9169921875 0.05029296875 0.138671875 0.0693359375
0 0.47021484375 0.7998046875 0.0888671875 0.0703125
0 0.91259765625 0.09912109375 0.1572265625 0.0615234375
0 0.4453125 0.0595703125 0.158203125 0.080078125
0 0.83203125 0.88525390625 0.134765625 0.0810546875
0 0.0732421875 0.29443359375 0.091796875 0.0654296875
0 0.712890625 0.9404296875 0.134765625 0.083984375
0 0.1455078125 0.48779296875 0.095703125 0.0908203125
0 0.603515625 0.78662109375 0.087890625 0.0771484375
0 0.49609375 0.22705078125 0.06640625 0.0693359375
0 0.646484375 0.9482421875 0.08984375 0.1015625
