0 0.98779296875 0.96630859375 0.0224609375 0.0634765625
0 0.82080078125 0.904296875 0.1337890625 0.09375
0 0.939453125 0.72900390625 0.05859375 0.0634765625
0 0.89501953125 0.7685546875 0.0869140625 0.056640625
0 0.94287109375 0.642578125 0.0693359375 0.05859375
0 0.7783203125 0.63916015625 0.072265625 0.0634765625
0 0.86376953125 0.548828125 0.0869140625 0.046875
0 0.7958984375 0.45263671875 0.04296875 0.1162109375
0 0.841796875 0.326171875 0.052734375 0.041015625
0 0.85009765625 0.3896484375 0.0986328125 0.078125
0 0.91796875 0.33251953125 0.12109375 0.0693359375
0 0.82080078125 0.18310546875 0.0537109375 0.0517578125
0 0.8818359375 0.08203125 0.126953125 0.1328125
0 0.53173828125 0.9443359375 0.0849609375 0.111328125
0 0.611328125 0.95849609375 0.119140625 0.0830078125
0 0.69287109375 0.8427734375 0.0615234375 0.0703125
0 0.64892578125 0.77392578125 0.1123046875 0.0771484375
0 0.46533203125 0.81201171875 0.0576171875 0.0791015625
0 0.49462890625 0.81103515625 0.0537109375 0.0419921875
0 0.4951171875 0.69921875 0.087890625 0.01953125
0 0.5068359375 0.74267578125 0.109375 0.0927734375
0 0.53662109375 0.671875 0.0751953125 0.056640625
0 0.505859375 0.4296875 0.06640625 0.068359375
0 0.54248046875 0.49169921875 0.0751953125 0.0947265625
0 0.64208984375 0.0322265625 0.0810546875 0.064453125
0 0.599609375 0.07568359375 0.05078125 0.0732421875
0 0.57275390625 0.05126953125 0.0576171875 0.0673828125
0 0.51953125 0.02978515625 0.08984375 0.0595703125
0 0.17822265625 0.97705078125 0.1611328125 0.0458984375
0 0.37255859375 0.849609375 0.0517578125 0.060546875
0 0.2802734375 0.83056640625 0.08984375 0.0673828125
0 0.30908203125 0.9404296875 0.0849609375 0.119140625
0 0.35693359375 0.92333984375 0.0634765625 0.0693359375
0 0.0234375 0.888671875 0.046875 0.0703125
0 0.1806640625 0.802734375 0.10546875 0.080078125
0 0.31396484375 0.75927734375 0.0595703125 0.0947265625
0 0.201171875 0.322265625 0.06640625 0.068359375
0 0.19091796875 0.173828125 0.0517578125 0.068359375
0 0.4208984375 0.12451171875 0.056640625 0.0615234375
0 0.3408203125 0.072265625 0.048828125 0.0625
0 0.3896484375 0.060546875 0.07421875 0.0703125
0 0.58203125 0.10693359375 0.048828125 0.0439453125
0 0.7763671875 0.6884765625 0.068359375 0.041015625
0 0.81591796875 0.1513671875 0.0498046875 0.04296875
0 0.96337890625 0.794921875 0.0498046875 0.06640625
0 0.90869140625 0.71240234375 0.0419921875 0.0458984375
0 0.9423828125 0.24560546875 0.0546875 0.0263671875
0 0.93310546875 0.373046875 0.0947265625 0.04296875
