0 0.97265625 0.57861328125 0.0546875 0.0615234375
0 0.19677734375 0.97509765625 0.0712890625 0.0458984375
0 0.4326171875 0.48974609375 0.0703125 0.0458984375
0 0.3408203125 0.4443359375 0.11328125 0.06640625
0 0.775390625 0.0537109375 0.08984375 0.060546875
0 0.09619140625 0.8701171875 0.0791015625 0.052734375
0 0.9267578125 0.08154296875 0.10546875 0.0751953125
0 0.6962890625 0.0703125 0.078125 0.0625
0 0.515625 0.595703125 0.07421875 0.064453125
0 0.94921875 0.6728515625 0.099609375 0.05859375
0 0.947265625 0.49169921875 0.10546875 0.0634765625
0 0.77099609375 0.98486328125 0.0830078125 0.0302734375
0 0.40478515625 0.669921875 0.0849609375 0.080078125
0 0.24609375 0.90380859375 0.05078125 0.0361328125
0 0.91259765625 0.43017578125 0.1083984375 0.0634765625
0 0.18115234375 0.68359375 0.0400390625 0.0390625
0 0.36669921875 0.52099609375 0.0673828125 0.0322265625
0 0.18212890625 0.33740234375 0.0771484375 0.0458984375
0 0.83447265625 0.7001953125 0.0947265625 0.060546875
0 0.91552734375 0.9169921875 0.1435546875 0.0625
0 0.34619140625 0.01953125 0.1474609375 0.0390625
0 0.59423828125 0.978515625 0.0634765625 0.041015625
0 0.1103515625 0.6259765625 0.041015625 0.05859375
