0 0.18310546875 0.29931640625 0.1455078125 0.2080078125
0 0.12255859375 0.16796875 0.2431640625 0.12890625
0 0.0927734375 0.3662109375 0.107421875 0.228515625
0 0.310546875 0.1123046875 0.26171875 0.095703125
0 0.40966796875 0.35595703125 0.2314453125 0.2587890625
0 0.5078125 0.28564453125 0.232421875 0.1064453125
0 0.68212890625 0.10546875 0.1806640625 0.07421875
0 0.83837890625 0.0732421875 0.1689453125 0.146484375
0 0.931640625 0.1640625 0.13671875 0.16015625
0 0.154296875 0.24072265625 0.20703125 0.3291015625
0 0.048828125 0.208984375 0.087890625 0.072265625
0 0.32421875 0.04296875 0.060546875 0.083984375
0 0.4130859375 0.796875 0.349609375 0.140625
0 0.0595703125 0.9287109375 0.115234375 0.048828125
0 0.1923828125 0.92822265625 0.0859375 0.1416015625
0 0.376953125 0.943359375 0.078125 0.109375
0 0.4765625 0.8076171875 0.083984375 0.259765625
0 0.7734375 0.83447265625 0.29296875 0.1064453125
0 0.8623046875 0.71484375 0.251953125 0.123046875
0 0.908203125 0.41064453125 0.17578125 0.2001953125
0 0.7392578125 0.4013671875 0.087890625 0.306640625
0 0.51953125 0.947265625 0.2265625 0.095703125
0 0.890625 0.8603515625 0.068359375 0.048828125
0 0.748046875 0.9404296875 0.09765625 0.115234375
0 0.9716796875 0.5576171875 0.048828125 0.05078125
0 0.98046875 0.607421875 0.03515625 0.05859375
0 0.6015625 0.41845703125 0.171875 0.3330078125
0 0.4716796875 0.50439453125 0.20703125 0.1220703125
0 0.412109375 0.35546875 0.21875 0.380859375
0 0.2041015625 0.5029296875 0.181640625 0.130859375
0 0.37353515625 0.5859375 0.3095703125 0.068359375
0 0.96533203125 0.28662109375 0.0673828125 0.0556640625
0 0.93408203125 0.2763671875 0.1298828125 0.17578125
0 0.890625 0.130859375 0.146484375 0.158203125
0 0.85595703125 0.1201171875 0.0673828125 0.12109375
0 0.81494140625 0.7451171875 0.0361328125 0.06640625
0 0.15478515625 0.58740234375 0.3095703125 0.2041015625
0 0.28662109375 0.70458984375 0.3603515625 0.1025390625
0 0.626953125 0.6591796875 0.16015625 0.087890625
0 0.6455078125 0.7763671875 0.109375 0.150390625
0 0.60693359375 0.81640625 0.2119140625 0.3125
0 0.15625 0.689453125 0.17578125 0.265625
0 0.27783203125 0.6591796875 0.1416015625 0.064453125
0 0.0947265625 0.8076171875 0.189453125 0.201171875
0 0.037109375 0.72216796875 0.07421875 0.0595703125
0 0.8232421875 0.267578125 0.11328125 0.166015625
0 0.68896484375 0.01171875 0.0322265625 0.0234375
0 0.3779296875 0.0126953125 0.044921875 0.025390625
0 0.0107421875 0.02783203125 0.021484375 0.0556640625
0 0.8095703125 0.7890625 0.091796875 0.0546875
0 0.0625 0.986328125 0.046875 0.025390625
0 0.5263671875 0.98486328125 0.025390625 0.0283203125
0 0.75048828125 0.88037109375 0.0595703125 0.0244140625
0 0.873046875 0.6015625 0.205078125 0.083984375
