0 0.66064453125 0.24609375 0.0771484375 0.1953125
0 0.2978515625 0.841796875 0.06640625 0.08984375
0 0.42333984375 0.05078125 0.1298828125 0.1015625
0 0.6787109375 0.49658203125 0.06640625 0.0498046875
0 0.6484375 0.4384765625 0.03125 0.064453125
0 0.09033203125 0.5859375 0.1162109375 0.080078125
0 0.72802734375 0.19384765625 0.0576171875 0.1279296875
0 0.80712890625 0.43994140625 0.0595703125 0.0458984375
0 0.1826171875 0.81591796875 0.0703125 0.0556640625
0 0.56103515625 0.3583984375 0.0927734375 0.16015625
0 0.74755859375 0.14306640625 0.0966796875 0.1220703125
0 0.51123046875 0.72265625 0.1318359375 0.0625
0 0.205078125 0.59228515625 0.0546875 0.0654296875
0 0.93017578125 0.37353515625 0.1083984375 0.0654296875
0 0.88916015625 0.08837890625 0.1103515625 0.1337890625
0 0.90283203125 0.8583984375 0.0732421875 0.15234375
0 0.24609375 0.41015625 0.0859375 0.115234375
0 0.5078125 0.58447265625 0.06640625 0.0400390625
0 0.96533203125 0.6953125 0.0634765625 0.091796875
0 0.09228515625 0.9375 0.1162109375 0.048828125
0 0.97802734375 0.81298828125 0.0439453125 0.1494140625
0 0.3193359375 0.27001953125 0.078125 0.0888671875
0 0.3564453125 0.60546875 0.10546875 0.142578125
0 0.85009765625 0.5693359375 0.0537109375 0.0859375
0 0.1259765625 0.509765625 0.078125 0.064453125
0 0.5458984375 0.48876953125 0.099609375 0.0869140625
0 0.04833984375 0.341796875 0.0712890625 0.154296875
0 0.1728515625 0.0693359375 0.07421875 0.13671875
0 0.029296875 0.845703125 0.05859375 0.0703125
0 0.6650390625 0.2373046875 0.064453125 0.08984375
