0 0.29833984375 0.2548828125 0.0751953125 0.0703125
0 0.13134765625 0.7373046875 0.0537109375 0.076171875
0 0.099609375 0.64111328125 0.078125 0.0791015625
0 0.63232421875 0.76708984375 0.1005859375 0.1220703125
0 0.84228515625 0.87255859375 0.0771484375 0.0693359375
0 0.62109375 0.93896484375 0.0625 0.0654296875
0 0.96630859375 0.37060546875 0.0673828125 0.1533203125
0 0.95166015625 0.16357421875 0.0595703125 0.0556640625
0 0.58154296875 0.1044921875 0.1220703125 0.0625
0 0.96875 0.09619140625 0.0625 0.0595703125
0 0.255859375 0.185546875 0.076171875 0.080078125
0 0.68896484375 0.04736328125 0.0615234375 0.0947265625
0 0.12548828125 0.69482421875 0.0439453125 0.0693359375
0 0.853515625 0.16259765625 0.09375 0.0927734375
0 0.8779296875 0.69921875 0.056640625 0.05859375
0 0.49365234375 0.89501953125 0.1572265625 0.0908203125
0 0.7431640625 0.58544921875 0.138671875 0.0751953125
0 0.0302734375 0.83251953125 0.060546875 0.0595703125
0 0.6767578125 0.291015625 0.068359375 0.146484375
0 0.6533203125 0.21142578125 0.06640625 0.0712890625
0 0.470703125 0.8232421875 0.083984375 0.078125
0 0.75927734375 0.82666015625 0.0634765625 0.0693359375
0 0.4306640625 0.21630859375 0.072265625 0.0791015625
0 0.0185546875 0.27197265625 0.037109375 0.0439453125
0 0.869140625 0.0380859375 0.083984375 0.076171875
