0 0.49609375 0.71728515625 0.15234375 0.1552734375
0 0.15185546875 0.89306640625 0.0751953125 0.0771484375
0 0.70849609375 0.2333984375 0.2626953125 0.20703125
0 0.94189453125 0.8095703125 0.1044921875 0.060546875
0 0.7744140625 0.68408203125 0.189453125 0.0849609375
0 0.876953125 0.45458984375 0.041015625 0.0712890625
0 0.90185546875 0.3017578125 0.1103515625 0.044921875
0 0.79931640625 0.83349609375 0.2001953125 0.0771484375
0 0.9091796875 0.1044921875 0.115234375 0.08984375
0 0.14599609375 0.029296875 0.0673828125 0.0546875
0 0.6943359375 0.73193359375 0.08984375 0.0498046875
0 0.81884765625 0.77099609375 0.0654296875 0.0458984375
0 0.92822265625 0.72802734375 0.0732421875 0.1025390625
0 0.2333984375 0.1572265625 0.072265625 0.10546875
0 0.3369140625 0.81298828125 0.134765625 0.0576171875
0 0.193359375 0.7685546875 0.107421875 0.052734375
0 0.85107421875 0.73828125 0.0361328125 0.037109375
0 0.3505859375 0.037109375 0.1171875 0.0703125
0 0.30322265625 0.61474609375 0.0732421875 0.0595703125
0 0.7119140625 0.97216796875 0.095703125 0.0556640625
0 0.65087890625 0.03955078125 0.2431640625 0.0751953125
0 0.40576171875 0.87939453125 0.1474609375 0.1298828125
0 0.01904296875 0.47509765625 0.0361328125 0.1240234375
0 0.59716796875 0.45849609375 0.1044921875 0.0830078125
0 0.76806640625 0.0234375 0.1572265625 0.04296875
0 0.38623046875 0.1455078125 0.0986328125 0.130859375
0 0.5830078125 0.54833984375 0.083984375 0.0673828125
0 0.37548828125 0.11181640625 0.1572265625 0.1201171875
0 0.81591796875 0.2744140625 0.1123046875 0.109375
0 0.51318359375 0.953125 0.0380859375 0.046875
0 0.3681640625 0.494140625 0.107421875 0.08984375
0 0.912109375 0.38720703125 0.064453125 0.0498046875
0 0.796875 0.3994140625 0.10546875 0.134765625
0 0.15625 0.8232421875 0.0625 0.078125
0 0.08349609375 0.70166015625 0.0927734375 0.0849609375
0 0.06591796875 0.92529296875 0.1318359375 0.0498046875
0 0.796875 0.9501953125 0.052734375 0.03125
0 0.37451171875 0.2431640625 0.0791015625 0.072265625
0 0.65966796875 0.76220703125 0.0751953125 0.0654296875
0 0.0859375 0.54736328125 0.078125 0.0751953125
0 0.8564453125 0.6904296875 0.033203125 0.029296875
0 0.4755859375 0.10888671875 0.111328125 0.0791015625
0 0.0927734375 0.6162109375 0.04296875 0.06640625
0 0.08837890625 0.4208984375 0.0771484375 0.091796875
0 0.30322265625 0.5283203125 0.1025390625 0.126953125
0 0.96826171875 0.9736328125 0.0576171875 0.052734375
0 0.5341796875 0.9599609375 0.08984375 0.080078125
0 0.51318359375 0.19677734375 0.1123046875 0.1298828125
0 0.78515625 0.751953125 0.0859375 0.099609375
0 0.9169921875 0.35107421875 0.154296875 0.1025390625
0 0.35205078125 0.3359375 0.1396484375 0.078125
