0 0.25439453125 0.32861328125 0.1044921875 0.0634765625
0 0.85986328125 0.26220703125 0.0419921875 0.0517578125
0 0.84375 0.93017578125 0.177734375 0.0673828125
0 0.9765625 0.697265625 0.046875 0.0859375
0 0.4013671875 0.103515625 0.0625 0.12109375
0 0.28369140625 0.25634765625 0.0771484375 0.0537109375
0 0.38037109375 0.16845703125 0.0537109375 0.0458984375
0 0.94775390625 0.03857421875 0.0595703125 0.0771484375
0 0.14501953125 0.9814453125 0.0751953125 0.03515625
0 0.26708984375 0.97265625 0.0986328125 0.0546875
0 0.02685546875 0.97314453125 0.0537109375 0.0537109375
0 0.19580078125 0.0380859375 0.0634765625 0.076171875
0 0.017578125 0.25537109375 0.03515625 0.0615234375
0 0.44775390625 0.04296875 0.0458984375 0.0859375
0 0.0771484375 0.32177734375 0.05859375 0.0810546875
0 0.8828125 0.0537109375 0.068359375 0.095703125
0 0.2490234375 0.1123046875 0.0546875 0.056640625
0 0.9150390625 0.814453125 0.09765625 0.0859375
0 0.53857421875 0.8515625 0.1474609375 0.1015625
0 0.19970703125 0.908203125 0.1123046875 0.08203125
0 0.0810546875 0.90185546875 0.0546875 0.0498046875
0 0.0771484375 0.79248046875 0.080078125 0.0673828125
0 0.1796875 0.76416015625 0.119140625 0.0712890625
0 0.3232421875 0.15673828125 0.060546875 0.0498046875
0 0.88330078125 0.97607421875 0.0751953125 0.0478515625
0 0.1640625 0.18359375 0.052734375 0.072265625
0 0.4150390625 0.93701171875 0.07421875 0.0458984375
0 0.24951171875 0.8037109375 0.0458984375 0.078125
0 0.75390625 0.0224609375 0.05859375 0.044921875
0 0.86083984375 0.16748046875 0.0673828125 0.0771484375
0 0.7470703125 0.26708984375 0.07421875 0.0986328125
0 0.27197265625 0.1904296875 0.0712890625 0.046875
