0 0.18505859375 0.2138671875 0.0791015625 0.0859375
0 0.75830078125 0.85302734375 0.0498046875 0.0439453125
0 0.125 0.33837890625 0.087890625 0.0595703125
0 0.1650390625 0.97021484375 0.046875 0.0595703125
0 0.31689453125 0.56298828125 0.1201171875 0.2197265625
0 0.82421875 0.798828125 0.14453125 0.05859375
0 0.8017578125 0.17138671875 0.197265625 0.1005859375
0 0.29345703125 0.7119140625 0.0693359375 0.060546875
0 0.71435546875 0.70556640625 0.0615234375 0.0693359375
0 0.34521484375 0.7890625 0.0771484375 0.06640625
0 0.30078125 0.2890625 0.08984375 0.12890625
0 0.91064453125 0.5751953125 0.1611328125 0.181640625
0 0.09375 0.70751953125 0.130859375 0.0888671875
0 0.9296875 0.8828125 0.0703125 0.2109375
0 0.74072265625 0.79541015625 0.1318359375 0.1298828125
0 0.71875 0.29052734375 0.052734375 0.0634765625
0 0.69873046875 0.12646484375 0.1142578125 0.0693359375
0 0.2265625 0.76904296875 0.046875 0.0654296875
0 0.51953125 0.33642578125 0.06640625 0.0517578125
0 0.13720703125 0.24609375 0.0712890625 0.107421875
0 0.96142578125 0.220703125 0.0771484375 0.060546875
0 0.3212890625 0.92822265625 0.0546875 0.1416015625
0 0.1083984375 0.25830078125 0.041015625 0.0712890625
0 0.5419921875 0.68115234375 0.083984375 0.0556640625
0 0.37158203125 0.701171875 0.0537109375 0.08984375
0 0.27783203125 0.78173828125 0.0654296875 0.0732421875
0 0.17431640625 0.89892578125 0.0537109375 0.0634765625
0 0.59521484375 0.83056640625 0.1572265625 0.1572265625
0 0.89111328125 0.271484375 0.0673828125 0.12109375
0 0.0263671875 0.79443359375 0.052734375 0.0810546875
0 0.2109375 0.71484375 0.041015625 0.044921875
0 0.13037109375 0.63330078125 0.0654296875 0.0712890625
0 0.6689453125 0.96533203125 0.080078125 0.0693359375
0 0.59375 0.1455078125 0.103515625 0.146484375
0 0.91162109375 0.50537109375 0.1591796875 0.1591796875
0 0.60888671875 0.92578125 0.0634765625 0.1484375
0 0.880859375 0.20068359375 0.0703125 0.0654296875
0 0.5361328125 0.97021484375 0.068359375 0.0595703125
0 0.88427734375 0.1201171875 0.0908203125 0.068359375
0 0.5712890625 0.26611328125 0.0859375 0.0615234375
0 0.9560546875 0.2724609375 0.048828125 0.076171875
0 0.7919921875 0.68505859375 0.076171875 0.0908203125
0 0.91162109375 0.72607421875 0.1630859375 0.0849609375
0 0.77197265625 0.24169921875 0.0634765625 0.0849609375
0 0.95849609375 0.15185546875 0.0830078125 0.0927734375
0 0.96435546875 0.3623046875 0.0712890625 0.11328125
0 0.24169921875 0.20068359375 0.1123046875 0.1025390625
