0 0.42529296875 0.15869140625 0.0654296875 0.0615234375
0 0.48583984375 0.92724609375 0.0791015625 0.1416015625
0 0.26708984375 0.353515625 0.1162109375 0.09765625
0 0.01708984375 0.6572265625 0.0322265625 0.048828125
0 0.7626953125 0.81884765625 0.08984375 0.0810546875
0 0.16943359375 0.1591796875 0.0947265625 0.107421875
0 0.84716796875 0.49365234375 0.0986328125 0.1669921875
0 0.6748046875 0.7490234375 0.072265625 0.08984375
0 0.03125 0.01220703125 0.0625 0.0244140625
0 0.12744140625 0.49560546875 0.0888671875 0.1650390625
0 0.28125 0.7744140625 0.150390625 0.08203125
0 0.4892578125 0.59228515625 0.123046875 0.1044921875
0 0.5751953125 0.9384765625 0.072265625 0.11328125
0 0.24853515625 0.50927734375 0.1083984375 0.1123046875
0 0.404296875 0.0185546875 0.083984375 0.037109375
0 0.3310546875 0.48046875 0.060546875 0.041015625
0 0.41943359375 0.8974609375 0.0556640625 0.048828125
0 0.9423828125 0.08056640625 0.115234375 0.0986328125
0 0.068359375 0.72802734375 0.078125 0.0849609375
0 0.83642578125 0.03173828125 0.0849609375 0.0634765625
0 0.3359375 0.93408203125 0.05859375 0.0556640625
0 0.43603515625 0.30322265625 0.0712890625 0.0654296875
0 0.185546875 0.55078125 0.072265625 0.080078125
0 0.20263671875 0.955078125 0.0947265625 0.08984375
0 0.15771484375 0.03955078125 0.0615234375 0.0791015625
0 0.58984375 0.18017578125 0.078125 0.0732421875
0 0.685546875 0.61181640625 0.05859375 0.0712890625
0 0.7646484375 0.10986328125 0.087890625 0.0849609375
0 0.08349609375 0.9013671875 0.0830078125 0.091796875
0 0.73388671875 0.02197265625 0.0673828125 0.0439453125
0 0.25830078125 0.01904296875 0.1083984375 0.0380859375
0 0.5732421875 0.53076171875 0.095703125 0.0732421875
0 0.47314453125 0.11572265625 0.0830078125 0.0771484375
0 0.05712890625 0.36083984375 0.0478515625 0.0439453125
0 0.3896484375 0.1337890625 0.10546875 0.15625
