0 0.30419921875 0.06494140625 0.0712890625 0.0693359375
0 0.17236328125 0.66064453125 0.0654296875 0.0517578125
0 0.6787109375 0.19287109375 0.056640625 0.1025390625
0 0.23046875 0.6728515625 0.029296875 0.03515625
0 0.7060546875 0.52783203125 0.0625 0.0947265625
0 0.51416015625 0.73388671875 0.0458984375 0.1103515625
0 0.0986328125 0.935546875 0.083984375 0.123046875
0 0.81298828125 0.2138671875 0.0576171875 0.0546875
0 0.78369140625 0.798828125 0.0712890625 0.0625
0 0.43603515625 0.82275390625 0.1337890625 0.1611328125
0 0.2578125 0.0478515625 0.06640625 0.068359375
0 0.79443359375 0.06640625 0.0419921875 0.056640625
0 0.228515625 0.2138671875 0.044921875 0.080078125
0 0.544921875 0.5126953125 0.0546875 0.052734375
0 0.66162109375 0.03271484375 0.0751953125 0.0654296875
0 0.4619140625 0.40576171875 0.078125 0.0498046875
0 0.7578125 0.1142578125 0.087890625 0.126953125
0 0.70263671875 0.1044921875 0.0615234375 0.12890625
0 0.6025390625 0.9296875 0.078125 0.0625
0 0.3212890625 0.41259765625 0.052734375 0.0439453125
0 0.8154296875 0.62255859375 0.052734375 0.1044921875
0 0.86865234375 0.1640625 0.0517578125 0.171875
0 0.2294921875 0.7216796875 0.05078125 0.099609375
0 0.38720703125 0.4892578125 0.0576171875 0.044921875
0 0.42041015625 0.4599609375 0.0439453125 0.052734375
0 0.29443359375 0.77099609375 0.0419921875 0.0556640625
0 0.32958984375 0.6484375 0.0419921875 0.046875
0 0.87890625 0.98974609375 0.05078125 0.0205078125
0 0.3369140625 0.49169921875 0.05078125 0.0556640625
0 0.466796875 0.73193359375 0.048828125 0.0732421875
0 0.27783203125 0.4794921875 0.0654296875 0.0546875
0 0.724609375 0.40478515625 0.064453125 0.0654296875
0 0.95703125 0.4296875 0.076171875 0.056640625
0 0.3271484375 0.70556640625 0.04296875 0.0458984375
0 0.71240234375 0.59033203125 0.0361328125 0.0302734375
0 0.18505859375 0.763671875 0.0380859375 0.099609375
0 0.81005859375 0.13916015625 0.0712890625 0.0732421875
0 0.74169921875 0.98095703125 0.0634765625 0.0361328125
0 0.3154296875 0.80078125 0.072265625 0.107421875
0 0.6728515625 0.2626953125 0.06640625 0.091796875
0 0.83251953125 0.5390625 0.1005859375 0.060546875
0 0.05322265625 0.92333984375 0.0458984375 0.0576171875
0 0.41748046875 0.876953125 0.1572265625 0.09765625
0 0.39990234375 0.603515625 0.0654296875 0.107421875
0 0.33935546875 0.53662109375 0.0556640625 0.0419921875
0 0.73388671875 0.94140625 0.0478515625 0.046875
0 0.888671875 0.9326171875 0.0859375 0.076171875
0 0.47705078125 0.11328125 0.0634765625 0.08984375
0 0.3759765625 0.03125 0.0859375 0.0625
0 0.7861328125 0.25634765625 0.0703125 0.1123046875
0 0.75048828125 0.02294921875 0.0458984375 0.0458984375
0 0.2705078125 0.69873046875 0.056640625 0.0458984375
0 0.0283203125 0.8740234375 0.056640625 0.078125
0 0.98779296875 0.9833984375 0.0244140625 0.033203125
0 0.4794921875 0.95703125 0.076171875 0.083984375
0 0.5126953125 0.05517578125 0.068359375 0.0498046875
0 0.72216796875 0.671875 0.0966796875 0.0546875
0 0.2705078125 0.9443359375 0.072265625 0.083984375
0 0.29638671875 0.9775390625 0.0380859375 0.041015625
0 0.36328125 0.68896484375 0.048828125 0.0791015625
0 0.57470703125 0.0439453125 0.0537109375 0.087890625
0 0.23876953125 0.63037109375 0.0673828125 0.0634765625
0 0.54833984375 0.9765625 0.0478515625 0.029296875
0 0.26904296875 0.5703125 0.1357421875 0.095703125
0 0.16015625 0.8232421875 0.0390625 0.130859375
