0 0.451171875 0.71826171875 0.072265625 0.0673828125
0 0.63427734375 0.548828125 0.0419921875 0.0546875
0 0.39208984375 0.765625 0.0576171875 0.06640625
0 0.60205078125 0.21337890625 0.0576171875 0.0380859375
0 0.20166015625 0.134765625 0.0849609375 0.091796875
0 0.7783203125 0.85498046875 0.060546875 0.1142578125
0 0.60986328125 0.89404296875 0.1005859375 0.0498046875
0 0.15576171875 0.25048828125 0.0712890625 0.0361328125
0 0.12353515625 0.3955078125 0.0439453125 0.03515625
0 0.64111328125 0.01123046875 0.0517578125 0.0224609375
0 0.013671875 0.01806640625 0.02734375 0.0361328125
0 0.986328125 0.15673828125 0.025390625 0.0517578125
0 0.57958984375 0.1796875 0.0634765625 0.044921875
0 0.900390625 0.66552734375 0.091796875 0.0673828125
0 0.70703125 0.02978515625 0.05859375 0.0458984375
0 0.28857421875 0.7890625 0.1064453125 0.0859375
0 0.8505859375 0.81884765625 0.083984375 0.0458984375
0 0.9453125 0.8017578125 0.109375 0.052734375
0 0.7041015625 0.63427734375 0.08203125 0.0576171875
0 0.23681640625 0.56103515625 0.0302734375 0.0322265625
0 0.52783203125 0.04833984375 0.1103515625 0.0556640625
0 0.87451171875 0.28369140625 0.1474609375 0.0849609375
0 0.255859375 0.70947265625 0.056640625 0.0595703125
0 0.14990234375 0.48974609375 0.0576171875 0.0458984375
0 0.90380859375 0.54443359375 0.0791015625 0.0439453125
0 0.8212890625 0.60009765625 0.095703125 0.0517578125
0 0.212890625 0.53564453125 0.05859375 0.0732421875
0 0.33544921875 0.4794921875 0.0751953125 0.03515625
0 0.70556640625 0.8095703125 0.0732421875 0.05078125
0 0.724609375 0.90380859375 0.03515625 0.0400390625
0 0.63916015625 0.77099609375 0.0654296875 0.0244140625
0 0.78369140625 0.9716796875 0.0830078125 0.056640625
0 0.59326171875 0.76806640625 0.0498046875 0.0478515625
0 0.654296875 0.7001953125 0.0625 0.05859375
0 0.2158203125 0.00927734375 0.064453125 0.0185546875
0 0.7578125 0.37744140625 0.126953125 0.0712890625
0 0.5732421875 0.09912109375 0.078125 0.0341796875
0 0.12353515625 0.28466796875 0.0439453125 0.0400390625
0 0.33203125 0.81982421875 0.046875 0.0439453125
0 0.45849609375 0.08984375 0.0791015625 0.060546875
0 0.5009765625 0.80908203125 0.05078125 0.0400390625
0 0.0478515625 0.37451171875 0.095703125 0.0537109375
0 0.3330078125 0.0244140625 0.083984375 0.048828125
0 0.76318359375 0.1669921875 0.0615234375 0.037109375
0 0.28759765625 0.02734375 0.0322265625 0.033203125
0 0.05810546875 0.2158203125 0.0830078125 0.048828125
0 0.265625 0.251953125 0.056640625 0.048828125
0 0.4423828125 0.95068359375 0.15234375 0.0751953125
0 0.6328125 0.63623046875 0.048828125 0.0400390625
0 0.4013671875 0.64599609375 0.044921875 0.0498046875
0 0.3955078125 0.8671875 0.064453125 0.0625
0 0.72509765625 0.95263671875 0.0478515625 0.0712890625
0 0.62646484375 0.27392578125 0.1162109375 0.0361328125
0 0.2890625 0.44921875 0.056640625 0.05859375
0 0.7724609375 0.322265625 0.095703125 0.048828125
0 0.55224609375 0.41015625 0.0966796875 0.0625
0 0.529296875 0.89990234375 0.08203125 0.0517578125
0 0.60009765625 0.97412109375 0.0517578125 0.0517578125
0 0.76171875 0.505859375 0.0546875 0.044921875
0 0.79833984375 0.69091796875 0.0751953125 0.0498046875
0 0.6533203125 0.46533203125 0.130859375 0.0634765625
0 0.64892578125 0.0859375 0.0908203125 0.029296875
0 0.4208984375 0.0498046875 0.0390625 0.037109375
0 0.04638671875 0.01220703125 0.0380859375 0.0244140625
0 0.4189453125 0.34130859375 0.14453125 0.0693359375
0 0.26123046875 0.65087890625 0.0751953125 0.0556640625
0 0.3310546875 0.97802734375 0.060546875 0.0439453125
0 0.48046875 0.58740234375 0.1015625 0.0712890625
0 0.66064453125 0.876953125 0.0986328125 0.08203125
0 0.3095703125 0.9248046875 0.087890625 0.044921875
0 0.1552734375 0.8720703125 0.052734375 0.072265625
0 0.77685546875 0.73291015625 0.0986328125 0.0419921875
0 0.96728515625 0.04931640625 0.0634765625 0.0595703125
0 0.84521484375 0.87939453125 0.0498046875 0.0341796875
0 0.95654296875 0.76220703125 0.0322265625 0.0244140625
0 0.92578125 0.1826171875 0.13671875 0.0625
0 0.345703125 0.41845703125 0.0546875 0.0400390625
0 0.96923828125 0.63623046875 0.0615234375 0.0478515625
0 0.65625 0.830078125 0.046875 0.03515625
0 0.822265625 0.53173828125 0.068359375 0.0498046875
0 0.96923828125 0.2568359375 0.0615234375 0.048828125
0 0.86083984375 0.06298828125 0.0576171875 0.0283203125
0 0.15966796875 0.4453125 0.0537109375 0.04296875
0 0.64306640625 0.98388671875 0.0439453125 0.0322265625
0 0.6962890625 0.13134765625 0.0625 0.0654296875
