0 0.62841796875 0.74072265625 0.0693359375 0.0615234375
0 0.9052734375 0.4892578125 0.177734375 0.111328125
0 0.65185546875 0.58837890625 0.0634765625 0.0810546875
0 0.8037109375 0.88720703125 0.115234375 0.0576171875
0 0.68798828125 0.63671875 0.0712890625 0.068359375
0 0.69091796875 0.53466796875 0.1337890625 0.0869140625
0 0.75390625 0.9384765625 0.12890625 0.123046875
0 0.94140625 0.798828125 0.109375 0.072265625
0 0.94873046875 0.6142578125 0.1025390625 0.109375
0 0.05078125 0.04345703125 0.06640625 0.0869140625
0 0.87255859375 0.66796875 0.1474609375 0.08984375
0 0.919921875 0.32958984375 0.16015625 0.0654296875
