0 0.71337890625 0.12109375 0.0537109375 0.0703125
0 0.02490234375 0.8720703125 0.0498046875 0.111328125
0 0.029296875 0.96728515625 0.0546875 0.0654296875
0 0.7099609375 0.767578125 0.060546875 0.037109375
0 0.78857421875 0.14208984375 0.0595703125 0.0751953125
0 0.05419921875 0.03759765625 0.1083984375 0.0751953125
0 0.5703125 0.19384765625 0.048828125 0.0341796875
0 0.42919921875 0.92919921875 0.0849609375 0.0615234375
0 0.111328125 0.9326171875 0.09765625 0.083984375
0 0.6396484375 0.7822265625 0.060546875 0.0546875
0 0.0908203125 0.37744140625 0.08984375 0.0458984375
0 0.72119140625 0.83447265625 0.0537109375 0.0693359375
0 0.322265625 0.18994140625 0.06640625 0.0439453125
0 0.427734375 0.80859375 0.076171875 0.041015625
0 0.17431640625 0.3759765625 0.0927734375 0.04296875
0 0.642578125 0.97998046875 0.0703125 0.0361328125
0 0.0693359375 0.32177734375 0.134765625 0.0654296875
0 0.087890625 0.49755859375 0.09765625 0.0498046875
0 0.31640625 0.8173828125 0.083984375 0.07421875
0 0.68798828125 0.47607421875 0.0576171875 0.1025390625
0 0.06005859375 0.56201171875 0.0869140625 0.0537109375
0 0.21923828125 0.4345703125 0.0556640625 0.0546875
0 0.3798828125 0.7275390625 0.0859375 0.046875
0 0.95703125 0.958984375 0.05078125 0.076171875
0 0.04296875 0.3603515625 0.083984375 0.04296875
0 0.28759765625 0.2392578125 0.0869140625 0.05078125
0 0.5322265625 0.888671875 0.08984375 0.0625
0 0.638671875 0.412109375 0.087890625 0.052734375
0 0.60107421875 0.6171875 0.0771484375 0.064453125
0 0.06201171875 0.2744140625 0.1201171875 0.060546875
0 0.1650390625 0.21875 0.0859375 0.052734375
0 0.29443359375 0.3330078125 0.0595703125 0.03515625
0 0.59912109375 0.0625 0.0595703125 0.080078125
0 0.50830078125 0.82080078125 0.0927734375 0.0732421875
0 0.57861328125 0.80712890625 0.0673828125 0.0556640625
0 0.74609375 0.0595703125 0.0546875 0.07421875
0 0.724609375 0.55712890625 0.060546875 0.0595703125
0 0.3095703125 0.37939453125 0.091796875 0.0634765625
0 0.64404296875 0.5693359375 0.0888671875 0.048828125
0 0.32568359375 0.525390625 0.1123046875 0.09765625
0 0.37060546875 0.9677734375 0.0966796875 0.033203125
0 0.515625 0.6318359375 0.08203125 0.064453125
0 0.1884765625 0.1181640625 0.078125 0.048828125
0 0.607421875 0.291015625 0.068359375 0.076171875
0 0.0517578125 0.087890625 0.099609375 0.0625
0 0.626953125 0.88037109375 0.099609375 0.0673828125
0 0.638671875 0.2080078125 0.068359375 0.0546875
0 0.07666015625 0.20947265625 0.0927734375 0.0556640625
0 0.59326171875 0.44580078125 0.0478515625 0.0478515625
0 0.2587890625 0.357421875 0.08203125 0.0234375
0 0.091796875 0.74755859375 0.07421875 0.0654296875
0 0.4423828125 0.9833984375 0.0703125 0.033203125
