0 0.43408203125 0.03662109375 0.0537109375 0.0712890625
0 0.5888671875 0.1552734375 0.111328125 0.115234375
0 0.666015625 0.28173828125 0.0546875 0.1435546875
0 0.96142578125 0.388671875 0.0771484375 0.05078125
0 0.8056640625 0.45068359375 0.15234375 0.0576171875
0 0.38330078125 0.15673828125 0.0439453125 0.1298828125
0 0.03125 0.2177734375 0.0625 0.048828125
0 0.05078125 0.03271484375 0.052734375 0.0654296875
0 0.09033203125 0.626953125 0.1806640625 0.08203125
0 0.28662109375 0.57373046875 0.0654296875 0.0888671875
0 0.07421875 0.7041015625 0.13671875 0.052734375
0 0.07568359375 0.7998046875 0.1513671875 0.09375
0 0.052734375 0.93603515625 0.10546875 0.0439453125
0 0.27099609375 0.97900390625 0.2275390625 0.0419921875
0 0.2958984375 0.9345703125 0.111328125 0.0625
0 0.2509765625 0.8818359375 0.115234375 0.072265625
0 0.21826171875 0.74853515625 0.1494140625 0.1455078125
0 0.474609375 0.95947265625 0.12890625 0.0791015625
0 0.50732421875 0.8818359375 0.0830078125 0.1171875
0 0.21240234375 0.45361328125 0.0400390625 0.0439453125
0 0.25732421875 0.455078125 0.0458984375 0.0703125
0 0.28173828125 0.484375 0.0302734375 0.06640625
0 0.37109375 0.60302734375 0.056640625 0.0908203125
0 0.42822265625 0.546875 0.1455078125 0.0703125
0 0.46240234375 0.7353515625 0.0888671875 0.0703125
0 0.5478515625 0.7373046875 0.03515625 0.08203125
0 0.58935546875 0.81689453125 0.1298828125 0.0751953125
0 0.83642578125 0.77392578125 0.0458984375 0.0927734375
0 0.81298828125 0.740234375 0.1259765625 0.046875
0 0.84765625 0.6337890625 0.123046875 0.052734375
0 0.8623046875 0.5927734375 0.056640625 0.060546875
0 0.83203125 0.5068359375 0.037109375 0.068359375
0 0.8828125 0.46826171875 0.068359375 0.0556640625
0 0.95166015625 0.572265625 0.0966796875 0.09375
0 0.9775390625 0.49755859375 0.044921875 0.0537109375
0 0.65869140625 0.5107421875 0.0419921875 0.09375
0 0.60205078125 0.36083984375 0.0439453125 0.0673828125
0 0.70751953125 0.37255859375 0.0888671875 0.0419921875
0 0.7041015625 0.4384765625 0.091796875 0.0703125
0 0.65576171875 0.42529296875 0.0771484375 0.0771484375
0 0.53125 0.31884765625 0.04296875 0.0966796875
0 0.455078125 0.373046875 0.115234375 0.126953125
0 0.4853515625 0.453125 0.0390625 0.0625
0 0.58056640625 0.23046875 0.1083984375 0.044921875
0 0.38720703125 0.24658203125 0.1083984375 0.0458984375
0 0.41455078125 0.2705078125 0.0595703125 0.05078125
0 0.30224609375 0.21923828125 0.1357421875 0.0380859375
0 0.33251953125 0.33056640625 0.0556640625 0.0712890625
0 0.30615234375 0.26806640625 0.0498046875 0.0576171875
0 0.18408203125 0.30419921875 0.0595703125 0.0419921875
0 0.02587890625 0.140625 0.0517578125 0.041015625
0 0.6689453125 0.02490234375 0.048828125 0.0498046875
0 0.59375 0.0234375 0.064453125 0.046875
0 0.10791015625 0.04296875 0.0361328125 0.0703125
0 0.7578125 0.9482421875 0.04296875 0.103515625
0 0.6064453125 0.89697265625 0.091796875 0.0322265625
0 0.97412109375 0.0625 0.0517578125 0.080078125
0 0.34326171875 0.09912109375 0.0439453125 0.0615234375
0 0.45361328125 0.49853515625 0.0888671875 0.0244140625
0 0.52490234375 0.44580078125 0.0400390625 0.0400390625
0 0.57421875 0.2373046875 0.03125 0.091796875
0 0.24072265625 0.62451171875 0.0283203125 0.0751953125
0 0.193359375 0.64453125 0.03125 0.056640625
0 0.7412109375 0.16259765625 0.12109375 0.0439453125
0 0.5263671875 0.2041015625 0.05078125 0.064453125
0 0.8125 0.27587890625 0.037109375 0.0400390625
0 0.98193359375 0.1171875 0.0361328125 0.0390625
0 0.9892578125 0.28662109375 0.021484375 0.0283203125
0 0.98388671875 0.263671875 0.0263671875 0.02734375
0 0.89453125 0.0625 0.091796875 0.091796875
0 0.853515625 0.12744140625 0.052734375 0.0341796875
0 0.78466796875 0.1259765625 0.0341796875 0.029296875
0 0.93994140625 0.3134765625 0.0458984375 0.041015625
0 0.93212890625 0.42138671875 0.0302734375 0.0361328125
0 0.65673828125 0.19091796875 0.0244140625 0.0322265625
0 0.9462890625 0.5009765625 0.05078125 0.06640625
0 0.98583984375 0.5859375 0.0224609375 0.0234375
0 0.923828125 0.9208984375 0.099609375 0.044921875
0 0.865234375 0.86962890625 0.26953125 0.0869140625
0 0.74462890625 0.54833984375 0.1083984375 0.0888671875
0 0.67626953125 0.56591796875 0.0498046875 0.0322265625
0 0.74755859375 0.58642578125 0.0810546875 0.1650390625
0 0.7685546875 0.796875 0.080078125 0.033203125
0 0.66064453125 0.7392578125 0.0693359375 0.125
0 0.6728515625 0.6787109375 0.203125 0.27734375
0 0.58642578125 0.70263671875 0.1279296875 0.0986328125
0 0.53076171875 0.6259765625 0.0615234375 0.064453125
0 0.697265625 0.6474609375 0.091796875 0.142578125
0 0.56982421875 0.57568359375 0.1201171875 0.1591796875
0 0.56494140625 0.794921875 0.0673828125 0.02734375
0 0.5830078125 0.86865234375 0.10546875 0.0400390625
0 0.9619140625 0.97607421875 0.0390625 0.0439453125
0 0.8740234375 0.962890625 0.056640625 0.07421875
0 0.03759765625 0.9482421875 0.0595703125 0.103515625
0 0.06103515625 0.40380859375 0.0498046875 0.1474609375
0 0.4140625 0.8154296875 0.0703125 0.04296875
0 0.3837890625 0.83642578125 0.14453125 0.1142578125
0 0.38134765625 0.7783203125 0.2197265625 0.087890625
0 0.302734375 0.71630859375 0.146484375 0.0458984375
0 0.4619140625 0.9130859375 0.05078125 0.037109375
0 0.33837890625 0.84716796875 0.0400390625 0.0224609375
0 0.40966796875 0.72265625 0.0556640625 0.052734375
0 0.85107421875 0.1689453125 0.1611328125 0.068359375
0 0.01513671875 0.5751953125 0.0302734375 0.033203125
0 0.5009765625 0.791015625 0.037109375 0.04296875
0 0.47314453125 0.0947265625 0.0634765625 0.078125
0 0.02880859375 0.451171875 0.0498046875 0.052734375
0 0.24853515625 0.82958984375 0.0224609375 0.0283203125
0 0.1201171875 0.859375 0.02734375 0.0234375
