0 0.525390625 0.4951171875 0.109375 0.091796875
0 0.619140625 0.13134765625 0.044921875 0.0498046875
0 0.3759765625 0.93310546875 0.05078125 0.0634765625
0 0.0380859375 0.82958984375 0.076171875 0.0400390625
0 0.04150390625 0.548828125 0.0576171875 0.06640625
0 0.1728515625 0.84716796875 0.06640625 0.0439453125
0 0.03125 0.93017578125 0.0625 0.0458984375
0 0.31201171875 0.9580078125 0.0673828125 0.072265625
0 0.98291015625 0.158203125 0.0263671875 0.04296875
0 0.501953125 0.14501953125 0.0546875 0.0712890625
0 0.27685546875 0.50341796875 0.1357421875 0.0322265625
0 0.94482421875 0.7919921875 0.1044921875 0.068359375
0 0.734375 0.34716796875 0.09765625 0.1083984375
0 0.724609375 0.78759765625 0.087890625 0.0830078125
0 0.55517578125 0.7568359375 0.0810546875 0.064453125
0 0.126953125 0.5517578125 0.08203125 0.07421875
0 0.96826171875 0.55615234375 0.0576171875 0.0927734375
0 0.26123046875 0.10009765625 0.0576171875 0.0341796875
0 0.91162109375 0.49072265625 0.0400390625 0.0517578125
0 0.25341796875 0.0166015625 0.1591796875 0.033203125
0 0.83642578125 0.8251953125 0.0732421875 0.025390625
0 0.9365234375 0.59716796875 0.046875 0.0517578125
0 0.5712890625 0.71826171875 0.04296875 0.0849609375
0 0.72216796875 0.96240234375 0.0263671875 0.0751953125
0 0.2236328125 0.515625 0.0703125 0.158203125
0 0.0654296875 0.3896484375 0.0859375 0.060546875
0 0.20458984375 0.04931640625 0.0908203125 0.0693359375
0 0.56103515625 0.45361328125 0.0478515625 0.0283203125
0 0.3759765625 0.447265625 0.142578125 0.046875
0 0.21533203125 0.98095703125 0.0322265625 0.0361328125
0 0.12744140625 0.04052734375 0.0927734375 0.0615234375
0 0.08447265625 0.2587890625 0.0908203125 0.03125
0 0.9765625 0.64208984375 0.046875 0.0693359375
0 0.3818359375 0.966796875 0.1015625 0.06640625
0 0.1171875 0.1533203125 0.05859375 0.08984375
0 0.75537109375 0.21630859375 0.0400390625 0.1162109375
0 0.654296875 0.73291015625 0.05078125 0.0556640625
0 0.896484375 0.693359375 0.05078125 0.111328125
0 0.12744140625 0.95947265625 0.0771484375 0.0771484375
0 0.82666015625 0.8857421875 0.0400390625 0.0390625
0 0.57373046875 0.15380859375 0.0361328125 0.0439453125
0 0.03662109375 0.62158203125 0.0732421875 0.0673828125
0 0.490234375 0.16064453125 0.052734375 0.0673828125
0 0.4482421875 0.67138671875 0.03515625 0.0908203125
0 0.81103515625 0.90966796875 0.0888671875 0.0869140625
0 0.14697265625 0.22900390625 0.0361328125 0.0361328125
0 0.85595703125 0.60546875 0.0595703125 0.0703125
0 0.4833984375 0.9609375 0.072265625 0.072265625
0 0.4140625 0.56640625 0.142578125 0.046875
0 0.04638671875 0.7666015625 0.0927734375 0.044921875
0 0.73046875 0.74609375 0.15625 0.1015625
0 0.69970703125 0.5380859375 0.0322265625 0.052734375
0 0.2509765625 0.76806640625 0.16015625 0.0966796875
0 0.0390625 0.1357421875 0.078125 0.05859375
0 0.86767578125 0.884765625 0.0654296875 0.091796875
0 0.521484375 0.1083984375 0.048828125 0.1484375
0 0.0458984375 0.666015625 0.091796875 0.03515625
0 0.462890625 0.5234375 0.0234375 0.064453125
0 0.02685546875 0.06982421875 0.0517578125 0.0322265625
0 0.7119140625 0.33056640625 0.052734375 0.0888671875
0 0.1064453125 0.28466796875 0.13671875 0.1474609375
0 0.56591796875 0.6708984375 0.0439453125 0.03515625
0 0.21923828125 0.57666015625 0.0986328125 0.0537109375
0 0.55078125 0.22509765625 0.13671875 0.1650390625
0 0.57275390625 0.82080078125 0.0380859375 0.0966796875
0 0.21875 0.40283203125 0.103515625 0.0361328125
0 0.52978515625 0.947265625 0.0380859375 0.10546875
0 0.595703125 0.416015625 0.087890625 0.099609375
