0 0.24755859375 0.8798828125 0.1728515625 0.05078125
0 0.42236328125 0.16455078125 0.1220703125 0.0439453125
0 0.07666015625 0.4296875 0.0673828125 0.068359375
0 0.43798828125 0.71044921875 0.1201171875 0.0673828125
0 0.9697265625 0.29248046875 0.060546875 0.0673828125
0 0.39208984375 0.49853515625 0.1123046875 0.0673828125
0 0.39892578125 0.36865234375 0.1240234375 0.0654296875
0 0.02392578125 0.6982421875 0.0478515625 0.060546875
0 0.4619140625 0.42236328125 0.15625 0.0576171875
0 0.48779296875 0.12158203125 0.1494140625 0.0634765625
0 0.291015625 0.19970703125 0.1484375 0.0556640625
0 0.298828125 0.03125 0.146484375 0.0625
0 0.16845703125 0.64306640625 0.0986328125 0.0615234375
0 0.130859375 0.03076171875 0.11328125 0.0576171875
0 0.35009765625 0.6435546875 0.1357421875 0.0546875
0 0.44482421875 0.0283203125 0.1064453125 0.056640625
0 0.48046875 0.25048828125 0.1484375 0.0732421875
0 0.31640625 0.275390625 0.111328125 0.044921875
0 0.9658203125 0.7236328125 0.068359375 0.05859375
0 0.044921875 0.21142578125 0.08984375 0.0537109375
0 0.0419921875 0.369140625 0.064453125 0.06640625
0 0.04833984375 0.5712890625 0.0966796875 0.060546875
0 0.0810546875 0.2880859375 0.109375 0.064453125
0 0.048828125 0.11376953125 0.09765625 0.0595703125
0 0.07958984375 0.8515625 0.0458984375 0.046875
0 0.171875 0.43603515625 0.09375 0.0732421875
0 0.18701171875 0.83056640625 0.1552734375 0.0615234375
0 0.9736328125 0.83349609375 0.052734375 0.0751953125
0 0.09130859375 0.947265625 0.0888671875 0.06640625
0 0.19873046875 0.11865234375 0.0927734375 0.0654296875
0 0.3330078125 0.22705078125 0.126953125 0.0673828125
0 0.1923828125 0.7001953125 0.12890625 0.07421875
