0 0.818359375 0.62451171875 0.05078125 0.0634765625
0 0.07470703125 0.9111328125 0.0732421875 0.064453125
0 0.0537109375 0.7138671875 0.048828125 0.06640625
0 0.21875 0.1259765625 0.07421875 0.083984375
0 0.111328125 0.4931640625 0.083984375 0.056640625
0 0.7119140625 0.24560546875 0.052734375 0.0419921875
0 0.78662109375 0.015625 0.0654296875 0.03125
0 0.11572265625 0.1845703125 0.0322265625 0.076171875
0 0.11962890625 0.5927734375 0.0869140625 0.06640625
0 0.28125 0.4775390625 0.095703125 0.0546875
0 0.228515625 0.65478515625 0.08203125 0.0849609375
0 0.2978515625 0.7216796875 0.078125 0.064453125
0 0.84814453125 0.740234375 0.0791015625 0.09375
0 0.82275390625 0.171875 0.0869140625 0.0859375
0 0.31201171875 0.86767578125 0.0908203125 0.0673828125
0 0.73828125 0.06591796875 0.056640625 0.0478515625
0 0.1728515625 0.9150390625 0.052734375 0.080078125
0 0.72265625 0.5419921875 0.05078125 0.08984375
