0 0.48876953125 0.1162109375 0.0556640625 0.048828125
0 0.10791015625 0.77392578125 0.0341796875 0.0361328125
0 0.66748046875 0.29638671875 0.0341796875 0.0595703125
0 0.35888671875 0.21435546875 0.0634765625 0.1025390625
0 0.07958984375 0.958984375 0.0791015625 0.037109375
0 0.45556640625 0.71044921875 0.0615234375 0.0283203125
0 0.74267578125 0.68603515625 0.0224609375 0.0244140625
0 0.54248046875 0.1201171875 0.0751953125 0.138671875
0 0.71923828125 0.8642578125 0.0537109375 0.046875
0 0.85546875 0.7587890625 0.025390625 0.03515625
0 0.25439453125 0.53466796875 0.0478515625 0.0400390625
0 0.43994140625 0.94775390625 0.0205078125 0.0400390625
0 0.708984375 0.20703125 0.05078125 0.037109375
0 0.41552734375 0.162109375 0.0361328125 0.037109375
0 0.58251953125 0.76611328125 0.0751953125 0.0634765625
0 0.947265625 0.55322265625 0.037109375 0.0751953125
0 0.65478515625 0.19189453125 0.0458984375 0.0283203125
0 0.90234375 0.03466796875 0.03125 0.0537109375
0 0.43212890625 0.2783203125 0.0283203125 0.0390625
0 0.92626953125 0.72705078125 0.0615234375 0.0400390625
0 0.57568359375 0.93115234375 0.0361328125 0.0146484375
0 0.79248046875 0.244140625 0.0830078125 0.0390625
0 0.2744140625 0.5009765625 0.044921875 0.033203125
0 0.79052734375 0.07177734375 0.0498046875 0.0361328125
0 0.49462890625 0.5888671875 0.0673828125 0.05859375
0 0.60791015625 0.3740234375 0.0595703125 0.078125
0 0.681640625 0.6181640625 0.046875 0.056640625
0 0.55615234375 0.8369140625 0.0673828125 0.05078125
0 0.3623046875 0.33984375 0.060546875 0.048828125
0 0.5595703125 0.2666015625 0.03515625 0.025390625
0 0.4755859375 0.27734375 0.033203125 0.033203125
0 0.59423828125 0.94677734375 0.0498046875 0.0458984375
0 0.509765625 0.97509765625 0.044921875 0.0400390625
0 0.24853515625 0.9404296875 0.0439453125 0.048828125
0 0.36767578125 0.60107421875 0.0537109375 0.0751953125
0 0.7080078125 0.68603515625 0.04296875 0.0380859375
0 0.33251953125 0.85400390625 0.0263671875 0.0380859375
0 0.916015625 0.58349609375 0.046875 0.1220703125
0 0.16015625 0.556640625 0.0390625 0.048828125
0 0.45751953125 0.88134765625 0.0595703125 0.0458984375
0 0.5107421875 0.2509765625 0.0625 0.044921875
0 0.076171875 0.80712890625 0.076171875 0.0458984375
0 0.9716796875 0.03466796875 0.0390625 0.0537109375
0 0.697265625 0.2353515625 0.060546875 0.033203125
0 0.46533203125 0.51171875 0.0830078125 0.052734375
0 0.24951171875 0.47216796875 0.0673828125 0.0478515625
0 0.271484375 0.58447265625 0.02734375 0.0419921875
0 0.1318359375 0.166015625 0.0546875 0.1875
0 0.5263671875 0.80517578125 0.06640625 0.0380859375
0 0.2177734375 0.5986328125 0.0859375 0.056640625
0 0.26904296875 0.4755859375 0.0615234375 0.033203125
0 0.28955078125 0.763671875 0.0419921875 0.04296875
0 0.55224609375 0.634765625 0.0458984375 0.103515625
0 0.2509765625 0.294921875 0.03515625 0.03515625
0 0.46533203125 0.6875 0.0380859375 0.017578125
0 0.638671875 0.21533203125 0.046875 0.0439453125
0 0.6826171875 0.580078125 0.0625 0.033203125
0 0.4423828125 0.1455078125 0.03125 0.05078125
0 0.24072265625 0.34326171875 0.0537109375 0.0458984375
0 0.3095703125 0.87890625 0.046875 0.044921875
0 0.10205078125 0.947265625 0.0341796875 0.091796875
0 0.73681640625 0.43798828125 0.0693359375 0.0419921875
0 0.56982421875 0.900390625 0.0458984375 0.044921875
0 0.974609375 0.486328125 0.046875 0.033203125
