0 0.68212890625 0.080078125 0.0947265625 0.1015625
0 0.3984375 0.02587890625 0.126953125 0.0517578125
0 0.62158203125 0.0595703125 0.0439453125 0.0625
0 0.65234375 0.01513671875 0.044921875 0.0302734375
0 0.619140625 0.22265625 0.0859375 0.095703125
0 0.55078125 0.23095703125 0.064453125 0.0673828125
0 0.52099609375 0.1865234375 0.0751953125 0.064453125
0 0.6083984375 0.29296875 0.072265625 0.052734375
0 0.54052734375 0.3095703125 0.0595703125 0.080078125
0 0.7041015625 0.40478515625 0.08203125 0.0986328125
0 0.73583984375 0.4638671875 0.0693359375 0.064453125
0 0.58935546875 0.61572265625 0.0556640625 0.0693359375
0 0.4892578125 0.5888671875 0.109375 0.09375
0 0.5556640625 0.6865234375 0.076171875 0.06640625
0 0.57861328125 0.71435546875 0.0869140625 0.1044921875
0 0.76708984375 0.73974609375 0.0654296875 0.0712890625
0 0.7919921875 0.80859375 0.099609375 0.064453125
0 0.5849609375 0.8095703125 0.09375 0.08203125
0 0.6083984375 0.9130859375 0.11328125 0.123046875
0 0.45947265625 0.9755859375 0.0654296875 0.048828125
0 0.326171875 0.95458984375 0.05078125 0.0517578125
0 0.3310546875 0.8486328125 0.07421875 0.10546875
0 0.26416015625 0.91845703125 0.0712890625 0.1630859375
0 0.091796875 0.958984375 0.052734375 0.041015625
0 0.13330078125 0.88037109375 0.0654296875 0.1162109375
0 0.06787109375 0.861328125 0.0771484375 0.080078125
0 0.03662109375 0.89111328125 0.0732421875 0.0771484375
0 0.19873046875 0.7421875 0.0419921875 0.056640625
0 0.15185546875 0.771484375 0.0908203125 0.146484375
0 0.15283203125 0.578125 0.0595703125 0.078125
0 0.0283203125 0.55078125 0.056640625 0.09765625
0 0.28662109375 0.2216796875 0.1123046875 0.123046875
0 0.15234375 0.09423828125 0.076171875 0.1298828125
0 0.23828125 0.037109375 0.0625 0.07421875
0 0.01953125 0.490234375 0.0390625 0.05859375
0 0.33154296875 0.98486328125 0.0556640625 0.0302734375
0 0.8505859375 0.359375 0.095703125 0.103515625
0 0.880859375 0.37451171875 0.1328125 0.0986328125
0 0.89697265625 0.01416015625 0.0576171875 0.0283203125
0 0.97998046875 0.625 0.0400390625 0.0625
0 0.18603515625 0.693359375 0.0517578125 0.05078125
0 0.1875 0.3193359375 0.046875 0.03515625
0 0.01025390625 0.22998046875 0.0205078125 0.0380859375
0 0.2138671875 0.28662109375 0.052734375 0.0458984375
0 0.96923828125 0.98486328125 0.0615234375 0.0302734375
0 0.91845703125 0.958984375 0.0400390625 0.08203125
0 0.40478515625 0.9833984375 0.0556640625 0.033203125
