0 0.6455078125 0.74755859375 0.087890625 0.0791015625
0 0.40234375 0.25146484375 0.05859375 0.0419921875
0 0.35107421875 0.12646484375 0.0908203125 0.0693359375
0 0.6279296875 0.296875 0.0546875 0.044921875
0 0.60986328125 0.21728515625 0.0576171875 0.0888671875
0 0.57177734375 0.5439453125 0.0908203125 0.09375
0 0.59033203125 0.08544921875 0.0966796875 0.0615234375
0 0.95751953125 0.11572265625 0.0830078125 0.0947265625
0 0.8251953125 0.74267578125 0.064453125 0.0498046875
0 0.341796875 0.0576171875 0.05859375 0.115234375
0 0.12255859375 0.140625 0.0419921875 0.064453125
0 0.35107421875 0.1748046875 0.0732421875 0.05859375
0 0.5556640625 0.2763671875 0.08984375 0.05078125
0 0.41748046875 0.06591796875 0.0693359375 0.1318359375
0 0.75927734375 0.1279296875 0.0693359375 0.072265625
0 0.16650390625 0.73681640625 0.1513671875 0.0517578125
0 0.57958984375 0.15771484375 0.0654296875 0.0556640625
0 0.744140625 0.45556640625 0.06640625 0.1044921875
0 0.650390625 0.03662109375 0.0625 0.0732421875
0 0.19091796875 0.57958984375 0.1044921875 0.1162109375
0 0.72998046875 0.740234375 0.0927734375 0.07421875
0 0.5966796875 0.02880859375 0.068359375 0.0576171875
0 0.39208984375 0.39794921875 0.1083984375 0.0732421875
0 0.91064453125 0.61181640625 0.1494140625 0.0693359375
0 0.48876953125 0.13232421875 0.0615234375 0.0595703125
0 0.02978515625 0.69287109375 0.0517578125 0.0458984375
0 0.447265625 0.6396484375 0.07421875 0.046875
0 0.39013671875 0.30517578125 0.0712890625 0.0693359375
0 0.31787109375 0.56005859375 0.0771484375 0.1103515625
0 0.64404296875 0.51513671875 0.0927734375 0.1201171875
0 0.435546875 0.68505859375 0.052734375 0.0615234375
0 0.91357421875 0.505859375 0.0693359375 0.080078125
0 0.88427734375 0.1904296875 0.0576171875 0.048828125
0 0.49853515625 0.79638671875 0.0400390625 0.0537109375
0 0.52392578125 0.72802734375 0.0595703125 0.0556640625
0 0.46142578125 0.29833984375 0.0849609375 0.0576171875
0 0.177734375 0.68505859375 0.15234375 0.0478515625
0 0.76611328125 0.17626953125 0.0498046875 0.0458984375
0 0.01806640625 0.65283203125 0.0361328125 0.0966796875
0 0.60302734375 0.0302734375 0.0751953125 0.060546875
0 0.80712890625 0.57080078125 0.0615234375 0.1083984375
0 0.39111328125 0.5712890625 0.0712890625 0.078125
0 0.02685546875 0.94287109375 0.0537109375 0.0771484375
0 0.96875 0.98193359375 0.0625 0.0361328125
0 0.88720703125 0.56396484375 0.0947265625 0.0771484375
0 0.4931640625 0.21826171875 0.0703125 0.0458984375
0 0.9248046875 0.40673828125 0.056640625 0.0751953125
0 0.6591796875 0.11279296875 0.091796875 0.1396484375
0 0.95361328125 0.6826171875 0.0927734375 0.0703125
0 0.86767578125 0.47705078125 0.0712890625 0.0810546875
0 0.50537109375 0.51025390625 0.0634765625 0.0634765625
0 0.9609375 0.2255859375 0.05078125 0.060546875
0 0.771484375 0.220703125 0.07421875 0.060546875
