0 0.72705078125 0.25927734375 0.1201171875 0.0595703125
0 0.40576171875 0.48291015625 0.0966796875 0.0673828125
0 0.501953125 0.8681640625 0.125 0.123046875
0 0.16162109375 0.5791015625 0.0771484375 0.0703125
0 0.43701171875 0.6171875 0.0927734375 0.11328125
0 0.7509765625 0.4873046875 0.123046875 0.115234375
0 0.162109375 0.18603515625 0.05859375 0.0595703125
0 0.23046875 0.0205078125 0.115234375 0.0390625
0 0.16455078125 0.40478515625 0.0849609375 0.1201171875
0 0.4345703125 0.7568359375 0.095703125 0.099609375
0 0.05517578125 0.86083984375 0.0576171875 0.0654296875
0 0.75341796875 0.4169921875 0.1181640625 0.05078125
0 0.783203125 0.6328125 0.087890625 0.0625
0 0.53271484375 0.32666015625 0.0341796875 0.0439453125
0 0.90771484375 0.46142578125 0.1201171875 0.0595703125
0 0.87548828125 0.658203125 0.1474609375 0.078125
0 0.03564453125 0.44384765625 0.0693359375 0.1220703125
0 0.14208984375 0.11181640625 0.0751953125 0.1201171875
0 0.96826171875 0.23974609375 0.0634765625 0.0654296875
0 0.50439453125 0.3955078125 0.1044921875 0.0625
0 0.11328125 0.3037109375 0.072265625 0.08203125
0 0.4921875 0.1552734375 0.140625 0.05078125
0 0.794921875 0.958984375 0.16796875 0.07421875
0 0.02978515625 0.2060546875 0.0576171875 0.1640625
0 0.2109375 0.7958984375 0.072265625 0.052734375
0 0.62158203125 0.6318359375 0.0849609375 0.060546875
0 0.3095703125 0.982421875 0.068359375 0.03515625
0 0.08740234375 0.84130859375 0.0888671875 0.0712890625
0 0.0439453125 0.6640625 0.08203125 0.095703125
0 0.33935546875 0.421875 0.0849609375 0.080078125
0 0.787109375 0.0693359375 0.189453125 0.08984375
0 0.1708984375 0.724609375 0.09765625 0.07421875
0 0.9599609375 0.01806640625 0.080078125 0.0361328125
0 0.66552734375 0.703125 0.0771484375 0.072265625
0 0.63037109375 0.81201171875 0.0810546875 0.0849609375
0 0.17578125 0.9384765625 0.09765625 0.087890625
0 0.09375 0.96337890625 0.185546875 0.0693359375
0 0.60205078125 0.06689453125 0.0908203125 0.1298828125
0 0.0732421875 0.4482421875 0.072265625 0.08203125
0 0.05712890625 0.533203125 0.0693359375 0.09765625
0 0.64697265625 0.45703125 0.0947265625 0.07421875
0 0.58203125 0.8896484375 0.0859375 0.08984375
0 0.65283203125 0.158203125 0.0888671875 0.060546875
0 0.95166015625 0.82275390625 0.0712890625 0.0673828125
0 0.05322265625 0.2822265625 0.0654296875 0.076171875
0 0.18603515625 0.83447265625 0.0927734375 0.0595703125
0 0.59814453125 0.4267578125 0.1123046875 0.080078125
0 0.89453125 0.2373046875 0.064453125 0.125
0 0.787109375 0.0380859375 0.185546875 0.072265625
0 0.54833984375 0.49951171875 0.1376953125 0.1455078125
0 0.06103515625 0.08837890625 0.1123046875 0.1728515625
0 0.25146484375 0.494140625 0.2314453125 0.09765625
0 0.93994140625 0.0595703125 0.1201171875 0.064453125
