0 0.580078125 0.39453125 0.140625 0.123046875
0 0.490234375 0.16748046875 0.0625 0.0205078125
0 0.626953125 0.36279296875 0.1640625 0.1767578125
0 0.64404296875 0.24609375 0.1767578125 0.193359375
0 0.93359375 0.2431640625 0.1171875 0.1015625
0 0.7177734375 0.15234375 0.150390625 0.08203125
0 0.9658203125 0.361328125 0.060546875 0.109375
0 0.919921875 0.39697265625 0.064453125 0.2041015625
0 0.8740234375 0.390625 0.068359375 0.130859375
0 0.53173828125 0.50634765625 0.2626953125 0.1142578125
0 0.80615234375 0.630859375 0.2041015625 0.31640625
0 0.90380859375 0.61376953125 0.1650390625 0.2587890625
0 0.5849609375 0.7861328125 0.12109375 0.0625
0 0.10595703125 0.095703125 0.1142578125 0.13671875
0 0.02099609375 0.12939453125 0.0400390625 0.1533203125
0 0.23095703125 0.4970703125 0.2041015625 0.091796875
0 0.080078125 0.72509765625 0.16015625 0.1103515625
0 0.02880859375 0.5390625 0.0556640625 0.140625
0 0.27392578125 0.974609375 0.0556640625 0.05078125
0 0.87939453125 0.9599609375 0.0791015625 0.076171875
0 0.81884765625 0.9775390625 0.0400390625 0.037109375
0 0.67822265625 0.97900390625 0.1455078125 0.0400390625
0 0.81640625 0.21435546875 0.140625 0.1298828125
0 0.2412109375 0.4072265625 0.267578125 0.064453125
0 0.279296875 0.4306640625 0.125 0.029296875
0 0.1572265625 0.84375 0.09375 0.13671875
0 0.3857421875 0.7197265625 0.11328125 0.208984375
0 0.53515625 0.5830078125 0.0625 0.09375
0 0.572265625 0.943359375 0.080078125 0.11328125
0 0.51025390625 0.96484375 0.0712890625 0.068359375
0 0.4189453125 0.98046875 0.046875 0.0390625
0 0.150390625 0.087890625 0.080078125 0.0703125
0 0.0634765625 0.38330078125 0.103515625 0.0986328125
0 0.015625 0.4345703125 0.03125 0.041015625
0 0.31494140625 0.6015625 0.0556640625 0.115234375
0 0.09423828125 0.76611328125 0.1884765625 0.2119140625
0 0.19189453125 0.9541015625 0.0556640625 0.056640625
0 0.3095703125 0.67626953125 0.123046875 0.1611328125
0 0.3349609375 0.8193359375 0.244140625 0.072265625
0 0.6875 0.27978515625 0.083984375 0.1728515625
0 0.3876953125 0.8232421875 0.095703125 0.16015625
0 0.09423828125 0.98876953125 0.0673828125 0.0205078125
0 0.021484375 0.0302734375 0.04296875 0.060546875
0 0.22509765625 0.19189453125 0.1376953125 0.1455078125
0 0.76611328125 0.2646484375 0.0712890625 0.07421875
0 0.19580078125 0.5146484375 0.0517578125 0.02734375
0 0.11962890625 0.47265625 0.1298828125 0.078125
0 0.1318359375 0.38525390625 0.048828125 0.0322265625
