0 0.2568359375 0.6748046875 0.044921875 0.080078125
0 0.94873046875 0.52294921875 0.0673828125 0.0751953125
0 0.357421875 0.982421875 0.068359375 0.03515625
0 0.720703125 0.337890625 0.1328125 0.0625
0 0.16015625 0.017578125 0.037109375 0.03515625
0 0.06103515625 0.44970703125 0.0908203125 0.0537109375
0 0.02978515625 0.1240234375 0.0595703125 0.0859375
0 0.6748046875 0.943359375 0.08203125 0.11328125
0 0.42236328125 0.61328125 0.0849609375 0.087890625
0 0.8369140625 0.45556640625 0.125 0.1025390625
0 0.55078125 0.42626953125 0.064453125 0.0830078125
0 0.93408203125 0.46484375 0.0908203125 0.08984375
0 0.08447265625 0.66796875 0.0693359375 0.0625
0 0.9609375 0.79345703125 0.078125 0.1025390625
0 0.24658203125 0.9521484375 0.0849609375 0.095703125
0 0.67578125 0.943359375 0.08203125 0.11328125
0 0.8017578125 0.3720703125 0.169921875 0.16015625
0 0.49462890625 0.0185546875 0.0595703125 0.037109375
0 0.876953125 0.83056640625 0.08984375 0.1376953125
0 0.37451171875 0.82421875 0.1201171875 0.0703125
0 0.81591796875 0.41845703125 0.1669921875 0.1572265625
0 0.220703125 0.02490234375 0.08203125 0.0498046875
0 0.1259765625 0.1083984375 0.0625 0.060546875
0 0.60205078125 0.57958984375 0.1201171875 0.0908203125
0 0.20947265625 0.1005859375 0.0947265625 0.1328125
0 0.34130859375 0.22607421875 0.0751953125 0.0751953125
0 0.96240234375 0.70458984375 0.0751953125 0.0751953125
0 0.0830078125 0.52880859375 0.044921875 0.0869140625
0 0.06201171875 0.408203125 0.1201171875 0.1171875
0 0.91552734375 0.97998046875 0.0576171875 0.0322265625
0 0.70703125 0.93310546875 0.15234375 0.1259765625
0 0.7109375 0.5341796875 0.095703125 0.10546875
0 0.4609375 0.689453125 0.087890625 0.10546875
0 0.49267578125 0.40869140625 0.0810546875 0.0791015625
0 0.1083984375 0.5732421875 0.078125 0.13671875
0 0.39208984375 0.72314453125 0.0947265625 0.1826171875
0 0.1845703125 0.6455078125 0.095703125 0.142578125
0 0.1796875 0.61328125 0.0703125 0.0625
0 0.95654296875 0.189453125 0.0869140625 0.091796875
0 0.05078125 0.87939453125 0.1015625 0.1103515625
0 0.32080078125 0.71337890625 0.0673828125 0.1826171875
0 0.43115234375 0.0556640625 0.0673828125 0.087890625
0 0.1005859375 0.763671875 0.07421875 0.08203125
0 0.37451171875 0.04931640625 0.0693359375 0.0654296875
0 0.45068359375 0.59912109375 0.1318359375 0.0849609375
0 0.59814453125 0.4833984375 0.0927734375 0.0625
0 0.9609375 0.06787109375 0.078125 0.0576171875
0 0.7373046875 0.7802734375 0.123046875 0.09375
0 0.3857421875 0.28125 0.072265625 0.134765625
0 0.1083984375 0.95703125 0.078125 0.080078125
