0 0.796875 0.05712890625 0.083984375 0.0712890625
0 0.9658203125 0.75537109375 0.068359375 0.1240234375
0 0.6845703125 0.08056640625 0.05859375 0.0634765625
0 0.97119140625 0.1943359375 0.0576171875 0.083984375
0 0.9755859375 0.25927734375 0.046875 0.0361328125
0 0.02197265625 0.80859375 0.0439453125 0.0859375
0 0.07177734375 0.85546875 0.0478515625 0.0703125
0 0.962890625 0.55712890625 0.06640625 0.0986328125
0 0.61083984375 0.029296875 0.0732421875 0.05859375
0 0.83251953125 0.75927734375 0.0634765625 0.0869140625
