0 0.564453125 0.44189453125 0.14453125 0.2294921875
0 0.8232421875 0.92431640625 0.095703125 0.1103515625
0 0.27734375 0.85693359375 0.091796875 0.0654296875
0 0.77880859375 0.1142578125 0.1298828125 0.2265625
0 0.267578125 0.6904296875 0.091796875 0.103515625
0 0.68359375 0.2021484375 0.087890625 0.09765625
0 0.2412109375 0.8994140625 0.060546875 0.05859375
0 0.41015625 0.27490234375 0.091796875 0.0947265625
0 0.0302734375 0.466796875 0.060546875 0.11328125
0 0.5810546875 0.08544921875 0.1015625 0.0693359375
0 0.64599609375 0.29248046875 0.1494140625 0.1142578125
0 0.4453125 0.87353515625 0.078125 0.0693359375
0 0.03662109375 0.70263671875 0.0732421875 0.0693359375
0 0.15478515625 0.5439453125 0.0791015625 0.111328125
0 0.3759765625 0.8681640625 0.07421875 0.087890625
0 0.966796875 0.4521484375 0.06640625 0.083984375
0 0.1279296875 0.8369140625 0.09375 0.169921875
0 0.6767578125 0.9091796875 0.08203125 0.158203125
0 0.35400390625 0.4833984375 0.0732421875 0.076171875
0 0.31640625 0.53271484375 0.080078125 0.1083984375
0 0.03369140625 0.2392578125 0.0654296875 0.08984375
0 0.34326171875 0.18212890625 0.0771484375 0.0830078125
0 0.21630859375 0.27490234375 0.0966796875 0.0927734375
0 0.064453125 0.974609375 0.072265625 0.05078125
0 0.53369140625 0.95166015625 0.0595703125 0.0966796875
0 0.2333984375 0.43212890625 0.068359375 0.0732421875
0 0.40380859375 0.09814453125 0.1162109375 0.1943359375
0 0.14453125 0.34912109375 0.12109375 0.0888671875
0 0.67919921875 0.4306640625 0.1416015625 0.115234375
0 0.74853515625 0.39208984375 0.0732421875 0.0537109375
0 0.13818359375 0.17236328125 0.0712890625 0.0751953125
0 0.056640625 0.38623046875 0.11328125 0.1357421875
0 0.38525390625 0.96435546875 0.0927734375 0.0712890625
0 0.7431640625 0.29541015625 0.05859375 0.0478515625
