0 0.130859375 0.0703125 0.080078125 0.068359375
0 0.822265625 0.45458984375 0.107421875 0.0673828125
0 0.46875 0.201171875 0.0625 0.083984375
0 0.6796875 0.7568359375 0.111328125 0.080078125
0 0.3525390625 0.94775390625 0.0625 0.0595703125
0 0.49462890625 0.138671875 0.0498046875 0.05078125
0 0.61083984375 0.20166015625 0.0966796875 0.0966796875
0 0.08984375 0.357421875 0.083984375 0.072265625
0 0.50390625 0.6748046875 0.06640625 0.0390625
0 0.8466796875 0.71923828125 0.123046875 0.0615234375
0 0.63037109375 0.61083984375 0.0888671875 0.0869140625
0 0.53466796875 0.68310546875 0.0654296875 0.0380859375
0 0.78173828125 0.64306640625 0.1240234375 0.0888671875
