0 0.1044921875 0.041015625 0.208984375 0.08203125
0 0.02783203125 0.138671875 0.0556640625 0.0546875
0 0.01171875 0.33642578125 0.0234375 0.0439453125
0 0.10546875 0.4384765625 0.1015625 0.130859375
0 0.04296875 0.4052734375 0.05078125 0.130859375
0 0.0224609375 0.4833984375 0.044921875 0.12890625
0 0.134765625 0.494140625 0.064453125 0.103515625
0 0.20703125 0.39501953125 0.224609375 0.0791015625
0 0.3095703125 0.5205078125 0.080078125 0.095703125
0 0.35595703125 0.6728515625 0.1689453125 0.083984375
0 0.3515625 0.7724609375 0.107421875 0.142578125
0 0.23681640625 0.80126953125 0.0869140625 0.2548828125
0 0.271484375 0.84375 0.05078125 0.076171875
0 0.2021484375 0.857421875 0.04296875 0.134765625
0 0.0263671875 0.96484375 0.052734375 0.044921875
0 0.02734375 0.90771484375 0.0546875 0.0712890625
0 0.00390625 0.8603515625 0.0078125 0.033203125
0 0.37451171875 0.912109375 0.1064453125 0.125
0 0.4892578125 0.62109375 0.068359375 0.203125
0 0.49267578125 0.5517578125 0.1767578125 0.166015625
0 0.60400390625 0.5556640625 0.1181640625 0.072265625
0 0.5439453125 0.6640625 0.087890625 0.107421875
0 0.6591796875 0.646484375 0.154296875 0.09765625
0 0.6953125 0.728515625 0.1953125 0.0625
0 0.70703125 0.8232421875 0.0625 0.14453125
0 0.6611328125 0.77294921875 0.052734375 0.0517578125
0 0.7646484375 0.91650390625 0.14453125 0.0673828125
0 0.66259765625 0.94140625 0.2001953125 0.107421875
0 0.6865234375 0.986328125 0.162109375 0.02734375
0 0.80419921875 0.970703125 0.0986328125 0.056640625
0 0.82421875 0.88916015625 0.2109375 0.1064453125
0 0.85791015625 0.7685546875 0.0556640625 0.212890625
0 0.78955078125 0.7734375 0.1416015625 0.06640625
0 0.7578125 0.8134765625 0.07421875 0.060546875
0 0.78955078125 0.6416015625 0.1533203125 0.142578125
0 0.7705078125 0.501953125 0.115234375 0.064453125
0 0.740234375 0.451171875 0.18359375 0.080078125
0 0.646484375 0.453125 0.046875 0.06640625
0 0.279296875 0.0732421875 0.1328125 0.146484375
0 0.2666015625 0.1259765625 0.048828125 0.0546875
0 0.2470703125 0.17626953125 0.060546875 0.0322265625
0 0.2392578125 0.279296875 0.158203125 0.064453125
0 0.2958984375 0.35888671875 0.09765625 0.1376953125
0 0.37890625 0.3984375 0.109375 0.16796875
0 0.4150390625 0.3154296875 0.119140625 0.064453125
0 0.5 0.34130859375 0.15234375 0.0869140625
0 0.42822265625 0.2490234375 0.1767578125 0.150390625
0 0.48876953125 0.138671875 0.0986328125 0.173828125
0 0.61376953125 0.19482421875 0.1806640625 0.1689453125
0 0.58447265625 0.3232421875 0.0869140625 0.18359375
0 0.6513671875 0.0888671875 0.107421875 0.16015625
0 0.619140625 0.12158203125 0.05859375 0.0712890625
0 0.6611328125 0.01611328125 0.052734375 0.0322265625
0 0.7685546875 0.119140625 0.115234375 0.0390625
0 0.765625 0.2255859375 0.1171875 0.11328125
0 0.68408203125 0.18994140625 0.1220703125 0.1298828125
0 0.732421875 0.275390625 0.19921875 0.140625
0 0.7333984375 0.2880859375 0.111328125 0.095703125
0 0.751953125 0.3603515625 0.1796875 0.0625
0 0.8603515625 0.287109375 0.09375 0.27734375
0 0.990234375 0.86279296875 0.01953125 0.0205078125
0 0.90625 0.498046875 0.068359375 0.21484375
0 0.9609375 0.54541015625 0.078125 0.0947265625
0 0.9580078125 0.48388671875 0.052734375 0.0361328125
0 0.990234375 0.4755859375 0.01953125 0.04296875
0 0.95068359375 0.35595703125 0.0556640625 0.1572265625
0 0.986328125 0.373046875 0.025390625 0.1015625
0 0.98095703125 0.2177734375 0.0361328125 0.17578125
0 0.9287109375 0.158203125 0.123046875 0.244140625
0 0.89501953125 0.15234375 0.1142578125 0.25
0 0.966796875 0.10791015625 0.048828125 0.0947265625
0 0.42041015625 0.09619140625 0.0322265625 0.0673828125
0 0.58056640625 0.65478515625 0.0439453125 0.0595703125
0 0.5771484375 0.60546875 0.119140625 0.0703125
0 0.0537109375 0.3154296875 0.068359375 0.126953125
