0 0.923828125 0.763671875 0.05078125 0.048828125
0 0.22998046875 0.98193359375 0.0712890625 0.0302734375
0 0.43115234375 0.4619140625 0.0712890625 0.08984375
0 0.8583984375 0.197265625 0.1171875 0.052734375
0 0.8388671875 0.34130859375 0.099609375 0.0849609375
0 0.46484375 0.0869140625 0.07421875 0.05078125
0 0.431640625 0.8701171875 0.056640625 0.06640625
0 0.47509765625 0.71728515625 0.0673828125 0.0458984375
0 0.11572265625 0.51123046875 0.0673828125 0.0908203125
0 0.69091796875 0.23046875 0.0693359375 0.0546875
0 0.234375 0.2958984375 0.060546875 0.064453125
0 0.6279296875 0.13134765625 0.0546875 0.0791015625
0 0.66552734375 0.40673828125 0.1083984375 0.0458984375
0 0.13623046875 0.0751953125 0.0654296875 0.05859375
0 0.77880859375 0.14990234375 0.0732421875 0.0478515625
0 0.0419921875 0.9794921875 0.052734375 0.0390625
0 0.7255859375 0.521484375 0.099609375 0.0625
0 0.92431640625 0.71044921875 0.1259765625 0.0576171875
0 0.2314453125 0.0185546875 0.09765625 0.037109375
0 0.04931640625 0.22705078125 0.0439453125 0.0478515625
0 0.36376953125 0.79443359375 0.0634765625 0.0810546875
0 0.56005859375 0.84130859375 0.0888671875 0.0634765625
0 0.552734375 0.25439453125 0.060546875 0.0576171875
0 0.69921875 0.94677734375 0.0859375 0.1064453125
0 0.76123046875 0.5546875 0.0810546875 0.072265625
0 0.84423828125 0.69580078125 0.1044921875 0.0439453125
0 0.60498046875 0.07421875 0.0712890625 0.099609375
0 0.6640625 0.0302734375 0.08984375 0.060546875
0 0.0693359375 0.7265625 0.072265625 0.046875
0 0.583984375 0.72216796875 0.068359375 0.0537109375
0 0.92626953125 0.97900390625 0.0634765625 0.0400390625
0 0.5341796875 0.04931640625 0.060546875 0.0458984375
0 0.25830078125 0.18994140625 0.0419921875 0.0615234375
0 0.89453125 0.4150390625 0.0703125 0.11328125
0 0.1064453125 0.62939453125 0.064453125 0.0654296875
0 0.0390625 0.87890625 0.078125 0.0546875
0 0.59033203125 0.1982421875 0.0576171875 0.0546875
0 0.37744140625 0.05078125 0.0966796875 0.09765625
0 0.853515625 0.02880859375 0.056640625 0.0556640625
0 0.482421875 0.1982421875 0.056640625 0.052734375
0 0.064453125 0.392578125 0.052734375 0.046875
0 0.67822265625 0.12939453125 0.0439453125 0.0458984375
0 0.64208984375 0.6640625 0.1201171875 0.056640625
0 0.4853515625 0.583984375 0.05078125 0.060546875
