0 0.7197265625 0.34375 0.103515625 0.0703125
0 0.62353515625 0.828125 0.1123046875 0.087890625
0 0.31884765625 0.02587890625 0.0791015625 0.0517578125
0 0.3994140625 0.908203125 0.05859375 0.06640625
0 0.5615234375 0.1083984375 0.08984375 0.06640625
0 0.08642578125 0.18603515625 0.0576171875 0.0283203125
0 0.046875 0.068359375 0.05078125 0.046875
0 0.08544921875 0.5849609375 0.0771484375 0.064453125
0 0.373046875 0.56396484375 0.076171875 0.0458984375
0 0.1875 0.5224609375 0.0546875 0.041015625
0 0.12353515625 0.7490234375 0.0556640625 0.037109375
0 0.2275390625 0.3779296875 0.12109375 0.06640625
0 0.64208984375 0.61083984375 0.1162109375 0.1123046875
0 0.60693359375 0.01904296875 0.1474609375 0.0361328125
0 0.525390625 0.17822265625 0.056640625 0.0712890625
0 0.09619140625 0.23681640625 0.0966796875 0.0712890625
0 0.37548828125 0.171875 0.1416015625 0.078125
0 0.33349609375 0.60107421875 0.0458984375 0.0341796875
0 0.4580078125 0.54638671875 0.095703125 0.0888671875
0 0.0244140625 0.1103515625 0.046875 0.044921875
