0 0.7626953125 0.83203125 0.0703125 0.04296875
0 0.80029296875 0.1484375 0.0556640625 0.072265625
0 0.47900390625 0.63818359375 0.0751953125 0.0341796875
0 0.4873046875 0.77099609375 0.0625 0.0458984375
0 0.57421875 0.35986328125 0.060546875 0.0478515625
0 0.86572265625 0.3349609375 0.0400390625 0.029296875
0 0.3828125 0.81640625 0.04296875 0.080078125
0 0.607421875 0.82177734375 0.0390625 0.0283203125
0 0.79296875 0.28271484375 0.0390625 0.0830078125
0 0.59619140625 0.85302734375 0.0341796875 0.0322265625
0 0.47412109375 0.880859375 0.0634765625 0.046875
0 0.19091796875 0.640625 0.0673828125 0.041015625
0 0.41796875 0.6484375 0.037109375 0.03515625
0 0.810546875 0.330078125 0.04296875 0.044921875
0 0.1591796875 0.9365234375 0.0390625 0.078125
0 0.4326171875 0.16796875 0.05859375 0.064453125
0 0.0703125 0.3408203125 0.08203125 0.029296875
0 0.84228515625 0.29345703125 0.0400390625 0.0498046875
0 0.986328125 0.8896484375 0.02734375 0.056640625
0 0.83251953125 0.23046875 0.0810546875 0.109375
0 0.33251953125 0.44287109375 0.0693359375 0.0380859375
0 0.23583984375 0.8134765625 0.0439453125 0.04296875
0 0.54052734375 0.60791015625 0.0869140625 0.0654296875
0 0.59521484375 0.66943359375 0.0595703125 0.0361328125
0 0.83935546875 0.130859375 0.0400390625 0.060546875
0 0.6708984375 0.5439453125 0.046875 0.033203125
0 0.95947265625 0.203125 0.0302734375 0.046875
0 0.16796875 0.017578125 0.056640625 0.03515625
0 0.720703125 0.31640625 0.052734375 0.03515625
0 0.93408203125 0.5087890625 0.0810546875 0.111328125
0 0.38671875 0.91650390625 0.08203125 0.0576171875
0 0.28369140625 0.80224609375 0.0419921875 0.0478515625
0 0.2216796875 0.68212890625 0.056640625 0.0439453125
0 0.58447265625 0.83203125 0.0498046875 0.025390625
0 0.87255859375 0.59619140625 0.0439453125 0.0498046875
0 0.75390625 0.74755859375 0.0625 0.0498046875
0 0.6708984375 0.49755859375 0.0390625 0.0478515625
0 0.326171875 0.37158203125 0.0546875 0.0849609375
0 0.61572265625 0.37060546875 0.0693359375 0.0498046875
0 0.81494140625 0.8994140625 0.0341796875 0.056640625
0 0.255859375 0.02587890625 0.03515625 0.0283203125
0 0.7578125 0.2421875 0.037109375 0.0703125
0 0.41162109375 0.54833984375 0.0302734375 0.0439453125
0 0.27490234375 0.6982421875 0.0615234375 0.048828125
0 0.041015625 0.8466796875 0.080078125 0.046875
0 0.54052734375 0.73291015625 0.0419921875 0.0458984375
0 0.53173828125 0.8193359375 0.0693359375 0.0390625
0 0.06298828125 0.3037109375 0.1005859375 0.037109375
0 0.43505859375 0.53271484375 0.0576171875 0.0673828125
0 0.08251953125 0.63427734375 0.0439453125 0.0302734375
0 0.6474609375 0.29296875 0.05078125 0.048828125
0 0.501953125 0.6474609375 0.05859375 0.052734375
0 0.84326171875 0.70556640625 0.0419921875 0.0380859375
0 0.50048828125 0.22802734375 0.0419921875 0.0712890625
0 0.23095703125 0.5302734375 0.0634765625 0.068359375
0 0.5244140625 0.27783203125 0.03125 0.0439453125
0 0.2724609375 0.634765625 0.04296875 0.060546875
0 0.65625 0.76318359375 0.03125 0.0361328125
0 0.87841796875 0.07275390625 0.0400390625 0.1025390625
0 0.94482421875 0.9501953125 0.0400390625 0.08203125
0 0.583984375 0.744140625 0.041015625 0.044921875
0 0.66796875 0.27587890625 0.060546875 0.0595703125
0 0.40673828125 0.76611328125 0.0751953125 0.0380859375
0 0.05029296875 0.11865234375 0.0380859375 0.0361328125
0 0.34521484375 0.52490234375 0.0556640625 0.0458984375
0 0.76953125 0.40869140625 0.0390625 0.0439453125
0 0.32568359375 0.78955078125 0.0537109375 0.0498046875
0 0.54296875 0.23291015625 0.052734375 0.0615234375
0 0.61767578125 0.47314453125 0.0634765625 0.0537109375
0 0.6552734375 0.6044921875 0.0546875 0.052734375
0 0.4970703125 0.39501953125 0.046875 0.0400390625
0 0.46630859375 0.83935546875 0.0283203125 0.0361328125
0 0.52978515625 0.69873046875 0.0595703125 0.0361328125
0 0.56494140625 0.5439453125 0.0400390625 0.0625
