0 0.0615234375 0.1103515625 0.083984375 0.083984375
0 0.369140625 0.0625 0.08203125 0.078125
0 0.37109375 0.123046875 0.0703125 0.09765625
0 0.5634765625 0.0205078125 0.142578125 0.041015625
0 0.48828125 0.0146484375 0.03125 0.029296875
0 0.6943359375 0.1552734375 0.240234375 0.111328125
0 0.8671875 0.1201171875 0.08984375 0.072265625
0 0.0302734375 0.3232421875 0.060546875 0.072265625
0 0.0947265625 0.3603515625 0.166015625 0.244140625
0 0.078125 0.45703125 0.04296875 0.0546875
0 0.322265625 0.4912109375 0.078125 0.044921875
0 0.42578125 0.568359375 0.07421875 0.0625
0 0.8935546875 0.33984375 0.177734375 0.11328125
0 0.9697265625 0.376953125 0.060546875 0.1484375
0 0.916015625 0.443359375 0.08203125 0.1953125
0 0.92578125 0.5380859375 0.1328125 0.087890625
0 0.490234375 0.4814453125 0.09375 0.072265625
0 0.46484375 0.4111328125 0.08203125 0.126953125
0 0.5732421875 0.4365234375 0.115234375 0.103515625
0 0.6455078125 0.470703125 0.060546875 0.0546875
0 0.2939453125 0.6240234375 0.119140625 0.064453125
0 0.0537109375 0.697265625 0.080078125 0.07421875
0 0.107421875 0.830078125 0.06640625 0.0703125
0 0.044921875 0.9443359375 0.08984375 0.111328125
0 0.197265625 0.80859375 0.11328125 0.16015625
0 0.2138671875 0.9033203125 0.072265625 0.123046875
0 0.3701171875 0.8564453125 0.076171875 0.060546875
0 0.29296875 0.7734375 0.08984375 0.12109375
0 0.806640625 0.8447265625 0.0859375 0.099609375
0 0.82421875 0.9638671875 0.1328125 0.072265625
0 0.5166015625 0.9521484375 0.080078125 0.095703125
0 0.8935546875 0.94921875 0.060546875 0.1015625
0 0.9033203125 0.7734375 0.193359375 0.07421875
0 0.794921875 0.7626953125 0.0859375 0.072265625
0 0.744140625 0.71875 0.0546875 0.0546875
0 0.9814453125 0.0595703125 0.037109375 0.099609375
0 0.552734375 0.4052734375 0.03125 0.029296875
