0 0.77001953125 0.39599609375 0.0751953125 0.1025390625
0 0.07958984375 0.03271484375 0.1103515625 0.0556640625
0 0.19384765625 0.40380859375 0.0849609375 0.1201171875
0 0.9775390625 0.43212890625 0.044921875 0.0810546875
0 0.9716796875 0.919921875 0.056640625 0.1171875
0 0.66015625 0.50048828125 0.109375 0.0810546875
0 0.0693359375 0.54638671875 0.0703125 0.0576171875
0 0.73779296875 0.09716796875 0.0908203125 0.0888671875
0 0.3837890625 0.5732421875 0.060546875 0.037109375
0 0.6298828125 0.31640625 0.08984375 0.072265625
0 0.3525390625 0.123046875 0.095703125 0.099609375
0 0.861328125 0.3564453125 0.087890625 0.171875
0 0.21875 0.7880859375 0.12109375 0.095703125
0 0.84814453125 0.67626953125 0.1552734375 0.0849609375
0 0.23095703125 0.61572265625 0.1005859375 0.0771484375
0 0.53271484375 0.6005859375 0.1005859375 0.072265625
0 0.1142578125 0.10400390625 0.1015625 0.0458984375
0 0.54443359375 0.1953125 0.1123046875 0.091796875
0 0.8388671875 0.0849609375 0.109375 0.10546875
0 0.4814453125 0.857421875 0.064453125 0.09375
0 0.64501953125 0.02783203125 0.0576171875 0.0537109375
0 0.265625 0.03857421875 0.078125 0.0693359375
0 0.3564453125 0.63720703125 0.087890625 0.0576171875
0 0.9755859375 0.59521484375 0.048828125 0.0771484375
0 0.7822265625 0.90625 0.083984375 0.076171875
0 0.9716796875 0.1611328125 0.056640625 0.09375
0 0.49169921875 0.4990234375 0.0673828125 0.048828125
0 0.56494140625 0.09619140625 0.0791015625 0.0693359375
0 0.4375 0.33154296875 0.193359375 0.1279296875
0 0.43603515625 0.96337890625 0.0947265625 0.0615234375
0 0.462890625 0.58251953125 0.0625 0.0537109375
