0 0.083984375 0.90576171875 0.16796875 0.0810546875
0 0.708984375 0.16748046875 0.109375 0.0810546875
0 0.5185546875 0.66552734375 0.1328125 0.0537109375
0 0.70947265625 0.07177734375 0.0830078125 0.0986328125
0 0.689453125 0.84912109375 0.20703125 0.0615234375
0 0.08642578125 0.03466796875 0.1416015625 0.0693359375
0 0.97802734375 0.92138671875 0.0439453125 0.0947265625
0 0.61669921875 0.71533203125 0.1005859375 0.0576171875
0 0.64501953125 0.3974609375 0.0791015625 0.099609375
0 0.85302734375 0.515625 0.0595703125 0.076171875
0 0.18017578125 0.53515625 0.1513671875 0.115234375
0 0.525390625 0.48681640625 0.13671875 0.1064453125
0 0.35693359375 0.45947265625 0.1259765625 0.1591796875
0 0.2294921875 0.63037109375 0.078125 0.1435546875
0 0.55712890625 0.52490234375 0.1318359375 0.0791015625
0 0.9296875 0.11767578125 0.0625 0.0458984375
0 0.54443359375 0.8017578125 0.0830078125 0.0546875
0 0.396484375 0.60498046875 0.05859375 0.0673828125
0 0.35546875 0.796875 0.05859375 0.044921875
0 0.14501953125 0.15625 0.1201171875 0.12109375
0 0.40234375 0.7060546875 0.109375 0.044921875
0 0.59814453125 0.0380859375 0.1728515625 0.07421875
0 0.45068359375 0.2236328125 0.0634765625 0.06640625
0 0.61865234375 0.75 0.1591796875 0.087890625
0 0.05810546875 0.5654296875 0.1083984375 0.16796875
0 0.0283203125 0.32080078125 0.056640625 0.1083984375
0 0.62451171875 0.3330078125 0.1162109375 0.060546875
0 0.71728515625 0.626953125 0.1396484375 0.060546875
0 0.9560546875 0.7138671875 0.0859375 0.05859375
0 0.7919921875 0.95458984375 0.076171875 0.0888671875
0 0.24267578125 0.0732421875 0.1220703125 0.091796875
0 0.5517578125 0.12451171875 0.091796875 0.0458984375
0 0.19921875 0.3681640625 0.146484375 0.126953125
0 0.51708984375 0.0927734375 0.1201171875 0.03515625
0 0.25927734375 0.3984375 0.2314453125 0.15234375
0 0.88134765625 0.337890625 0.0810546875 0.1328125
0 0.02392578125 0.8310546875 0.0478515625 0.078125
0 0.06103515625 0.2802734375 0.1201171875 0.12109375
0 0.39501953125 0.775390625 0.0498046875 0.044921875
0 0.9091796875 0.9697265625 0.0703125 0.05859375
