0 0.8056640625 0.9853515625 0.060546875 0.029296875
0 0.130859375 0.04833984375 0.09375 0.0869140625
0 0.5263671875 0.83984375 0.052734375 0.0546875
0 0.5458984375 0.91064453125 0.12890625 0.1552734375
0 0.11962890625 0.56787109375 0.0419921875 0.0341796875
0 0.31640625 0.1552734375 0.0625 0.0546875
0 0.9033203125 0.06005859375 0.072265625 0.0732421875
0 0.13916015625 0.5048828125 0.0615234375 0.08203125
0 0.4072265625 0.4228515625 0.0703125 0.107421875
0 0.17138671875 0.625 0.1455078125 0.095703125
0 0.04541015625 0.04541015625 0.0771484375 0.0849609375
0 0.91357421875 0.96630859375 0.0673828125 0.0654296875
0 0.93798828125 0.77099609375 0.1240234375 0.1337890625
0 0.44189453125 0.20361328125 0.0908203125 0.0830078125
0 0.08447265625 0.39208984375 0.1201171875 0.0869140625
0 0.833984375 0.7890625 0.08203125 0.212890625
0 0.08740234375 0.16650390625 0.0830078125 0.0419921875
0 0.306640625 0.30859375 0.095703125 0.107421875
0 0.6591796875 0.9521484375 0.095703125 0.095703125
0 0.74853515625 0.06591796875 0.0791015625 0.0693359375
0 0.61279296875 0.38134765625 0.2080078125 0.0986328125
0 0.3759765625 0.419921875 0.177734375 0.07421875
0 0.72705078125 0.33056640625 0.1669921875 0.1572265625
0 0.0537109375 0.291015625 0.09375 0.0546875
0 0.65869140625 0.630859375 0.1103515625 0.15625
0 0.28125 0.078125 0.087890625 0.083984375
0 0.1142578125 0.96630859375 0.0859375 0.0576171875
