0 0.1572265625 0.02587890625 0.125 0.0517578125
0 0.13720703125 0.125 0.2548828125 0.130859375
0 0.0986328125 0.35205078125 0.197265625 0.0556640625
0 0.201171875 0.4404296875 0.328125 0.13671875
0 0.044921875 0.42578125 0.08984375 0.05078125
0 0.1064453125 0.4951171875 0.212890625 0.068359375
0 0.23046875 0.56884765625 0.41796875 0.0869140625
0 0.14453125 0.6884765625 0.2734375 0.177734375
0 0.2509765625 0.8056640625 0.212890625 0.115234375
0 0.1533203125 0.9140625 0.060546875 0.169921875
0 0.341796875 0.947265625 0.07421875 0.103515625
0 0.404296875 0.89599609375 0.251953125 0.1181640625
0 0.4609375 0.8623046875 0.044921875 0.099609375
0 0.55859375 0.86376953125 0.25 0.0751953125
0 0.544921875 0.814453125 0.111328125 0.298828125
0 0.40087890625 0.70361328125 0.1767578125 0.2119140625
0 0.33203125 0.2099609375 0.078125 0.232421875
0 0.3955078125 0.1708984375 0.2265625 0.33984375
0 0.373046875 0.046875 0.046875 0.09375
0 0.416015625 0.03759765625 0.056640625 0.0751953125
0 0.45703125 0.04931640625 0.04296875 0.0986328125
0 0.51708984375 0.021484375 0.0478515625 0.04296875
0 0.61376953125 0.087890625 0.0634765625 0.17578125
0 0.51806640625 0.16845703125 0.2470703125 0.2392578125
0 0.59814453125 0.1591796875 0.2001953125 0.126953125
0 0.7275390625 0.3115234375 0.328125 0.099609375
0 0.58447265625 0.38427734375 0.3642578125 0.1025390625
0 0.47265625 0.42431640625 0.21484375 0.1142578125
0 0.49658203125 0.49853515625 0.3369140625 0.2314453125
0 0.6748046875 0.46337890625 0.408203125 0.1298828125
0 0.7080078125 0.5859375 0.220703125 0.099609375
0 0.73291015625 0.8125 0.2158203125 0.30859375
0 0.80078125 0.8408203125 0.32421875 0.2109375
0 0.79833984375 0.75 0.2587890625 0.33203125
0 0.640625 0.92578125 0.09765625 0.146484375
0 0.48046875 0.9609375 0.177734375 0.076171875
0 0.73291015625 0.98046875 0.1220703125 0.0390625
0 0.82666015625 0.9765625 0.0908203125 0.044921875
0 0.875 0.07763671875 0.25 0.1376953125
0 0.91650390625 0.17626953125 0.1650390625 0.1806640625
0 0.94921875 0.384765625 0.1015625 0.08203125
0 0.92626953125 0.43212890625 0.1455078125 0.1103515625
0 0.90234375 0.49072265625 0.14453125 0.2431640625
0 0.91015625 0.68896484375 0.1796875 0.2978515625
0 0.8818359375 0.58642578125 0.201171875 0.2080078125
0 0.5380859375 0.56640625 0.11328125 0.068359375
0 0.978515625 0.60595703125 0.0390625 0.1494140625
0 0.91015625 0.7998046875 0.1796875 0.357421875
0 0.1044921875 0.556640625 0.208984375 0.064453125
