0 0.16552734375 0.794921875 0.0517578125 0.09765625
0 0.6416015625 0.44921875 0.0703125 0.052734375
0 0.5908203125 0.1962890625 0.05078125 0.048828125
0 0.828125 0.78271484375 0.09375 0.1123046875
0 0.11279296875 0.52978515625 0.0517578125 0.0771484375
0 0.625 0.89892578125 0.037109375 0.0537109375
0 0.18994140625 0.45703125 0.0888671875 0.060546875
0 0.291015625 0.22607421875 0.0625 0.0576171875
0 0.9775390625 0.31591796875 0.044921875 0.0576171875
0 0.91796875 0.28857421875 0.080078125 0.0439453125
0 0.68603515625 0.85693359375 0.0654296875 0.0673828125
0 0.19921875 0.544921875 0.056640625 0.08203125
0 0.59765625 0.767578125 0.076171875 0.107421875
0 0.92529296875 0.6142578125 0.0517578125 0.056640625
0 0.1015625 0.400390625 0.05859375 0.099609375
0 0.36376953125 0.07470703125 0.0537109375 0.1494140625
0 0.35302734375 0.47607421875 0.0498046875 0.0478515625
0 0.30224609375 0.33837890625 0.0693359375 0.1318359375
0 0.2529296875 0.0625 0.056640625 0.0546875
0 0.70166015625 0.50830078125 0.0693359375 0.0498046875
0 0.70654296875 0.18359375 0.0986328125 0.05859375
0 0.28076171875 0.56640625 0.0615234375 0.05078125
0 0.23583984375 0.275390625 0.0478515625 0.068359375
0 0.80810546875 0.9130859375 0.0458984375 0.064453125
0 0.02490234375 0.7158203125 0.0498046875 0.087890625
0 0.43994140625 0.396484375 0.0732421875 0.064453125
0 0.015625 0.01953125 0.03125 0.0390625
0 0.60107421875 0.28759765625 0.0595703125 0.0537109375
0 0.474609375 0.5048828125 0.05859375 0.052734375
0 0.7080078125 0.615234375 0.064453125 0.076171875
0 0.92431640625 0.74169921875 0.0751953125 0.0439453125
0 0.357421875 0.64013671875 0.0859375 0.1259765625
0 0.57958984375 0.009765625 0.0634765625 0.01953125
0 0.6357421875 0.1630859375 0.056640625 0.05859375
0 0.22705078125 0.01416015625 0.0654296875 0.0283203125
0 0.9189453125 0.6943359375 0.0546875 0.04296875
0 0.06591796875 0.48876953125 0.1318359375 0.0869140625
0 0.330078125 0.853515625 0.052734375 0.0390625
0 0.953125 0.044921875 0.078125 0.060546875
0 0.95654296875 0.83203125 0.0869140625 0.076171875
0 0.09130859375 0.7724609375 0.0673828125 0.130859375
0 0.4814453125 0.185546875 0.0703125 0.08984375
0 0.42333984375 0.5771484375 0.0634765625 0.056640625
0 0.9169921875 0.42333984375 0.087890625 0.0458984375
0 0.50390625 0.72119140625 0.052734375 0.0810546875
0 0.4521484375 0.90966796875 0.091796875 0.0966796875
0 0.42041015625 0.30859375 0.0810546875 0.068359375
0 0.259765625 0.65576171875 0.0703125 0.0947265625
0 0.9326171875 0.9208984375 0.083984375 0.091796875
0 0.90234375 0.4755859375 0.080078125 0.068359375
0 0.31640625 0.57861328125 0.05859375 0.0537109375
0 0.15234375 0.9765625 0.05078125 0.044921875
0 0.138671875 0.68505859375 0.07421875 0.0849609375
0 0.5927734375 0.611328125 0.0703125 0.0703125
0 0.48095703125 0.04052734375 0.0732421875 0.0576171875
0 0.296875 0.966796875 0.0625 0.064453125
0 0.58984375 0.52099609375 0.0625 0.0654296875
0 0.73193359375 0.47216796875 0.1005859375 0.0673828125
0 0.68603515625 0.27197265625 0.0888671875 0.0576171875
0 0.60400390625 0.11669921875 0.0595703125 0.0498046875
0 0.76513671875 0.97509765625 0.0478515625 0.0498046875
0 0.8388671875 0.36962890625 0.0546875 0.0478515625
