0 0.55615234375 0.40234375 0.0888671875 0.06640625
0 0.9619140625 0.15576171875 0.07421875 0.0634765625
0 0.54833984375 0.72900390625 0.0595703125 0.1044921875
0 0.94970703125 0.6748046875 0.1005859375 0.125
0 0.6240234375 0.7216796875 0.0625 0.115234375
0 0.9716796875 0.30712890625 0.056640625 0.0498046875
0 0.6484375 0.66015625 0.12109375 0.091796875
0 0.8291015625 0.56201171875 0.091796875 0.1220703125
0 0.58837890625 0.81787109375 0.1103515625 0.0634765625
0 0.9326171875 0.802734375 0.0859375 0.08984375
0 0.72216796875 0.63671875 0.0673828125 0.115234375
0 0.7314453125 0.72119140625 0.05078125 0.0537109375
0 0.79833984375 0.03271484375 0.0869140625 0.0654296875
0 0.61279296875 0.529296875 0.1494140625 0.078125
0 0.81787109375 0.310546875 0.0986328125 0.09375
0 0.42724609375 0.1513671875 0.0439453125 0.064453125
0 0.68310546875 0.18603515625 0.0947265625 0.0888671875
0 0.8427734375 0.72900390625 0.095703125 0.1748046875
0 0.88623046875 0.1201171875 0.1337890625 0.0703125
