0 0.19775390625 0.0556640625 0.2275390625 0.052734375
0 0.21484375 0.380859375 0.3203125 0.29296875
0 0.2373046875 0.7587890625 0.091796875 0.177734375
0 0.0517578125 0.02001953125 0.103515625 0.0400390625
0 0.17529296875 0.03125 0.3095703125 0.0625
0 0.044921875 0.1416015625 0.08984375 0.15625
0 0.16796875 0.16015625 0.15234375 0.208984375
0 0.1611328125 0.4228515625 0.103515625 0.251953125
0 0.31787109375 0.61474609375 0.1416015625 0.0712890625
0 0.3427734375 0.91015625 0.201171875 0.07421875
0 0.61181640625 0.75146484375 0.0478515625 0.2822265625
0 0.755859375 0.04931640625 0.056640625 0.0986328125
0 0.91650390625 0.08056640625 0.0712890625 0.1337890625
0 0.98486328125 0.04150390625 0.0283203125 0.0751953125
0 0.5615234375 0.1015625 0.30859375 0.203125
0 0.7978515625 0.13818359375 0.083984375 0.1259765625
0 0.78955078125 0.22314453125 0.1494140625 0.1220703125
0 0.05029296875 0.31103515625 0.0673828125 0.0751953125
0 0.521484375 0.361328125 0.0859375 0.1015625
0 0.5693359375 0.3857421875 0.173828125 0.236328125
0 0.2314453125 0.1640625 0.080078125 0.04296875
0 0.46484375 0.49853515625 0.068359375 0.1416015625
0 0.5087890625 0.57177734375 0.126953125 0.1025390625
0 0.25 0.7529296875 0.240234375 0.068359375
0 0.3486328125 0.8017578125 0.140625 0.111328125
0 0.46826171875 0.728515625 0.1142578125 0.095703125
0 0.46435546875 0.7236328125 0.0908203125 0.126953125
0 0.06591796875 0.5478515625 0.0673828125 0.119140625
0 0.884765625 0.46875 0.072265625 0.13671875
0 0.77294921875 0.611328125 0.1923828125 0.21484375
0 0.8828125 0.6171875 0.232421875 0.130859375
0 0.935546875 0.869140625 0.12890625 0.08203125
0 0.9462890625 0.7412109375 0.044921875 0.064453125
0 0.904296875 0.77685546875 0.189453125 0.0830078125
0 0.97900390625 0.765625 0.0166015625 0.015625
