0 0.97900390625 0.302734375 0.0400390625 0.0703125
0 0.86962890625 0.2998046875 0.0400390625 0.072265625
0 0.8369140625 0.40478515625 0.046875 0.0693359375
0 0.79296875 0.423828125 0.0546875 0.044921875
0 0.763671875 0.3076171875 0.04296875 0.095703125
0 0.77099609375 0.35546875 0.0556640625 0.048828125
0 0.72998046875 0.34765625 0.0283203125 0.03125
0 0.740234375 0.2626953125 0.04296875 0.052734375
0 0.7265625 0.154296875 0.044921875 0.064453125
0 0.6826171875 0.41259765625 0.033203125 0.0849609375
0 0.7734375 0.537109375 0.076171875 0.041015625
0 0.62841796875 0.20068359375 0.0478515625 0.0517578125
0 0.6171875 0.47802734375 0.029296875 0.0283203125
0 0.728515625 0.02392578125 0.044921875 0.0478515625
0 0.640625 0.11767578125 0.05859375 0.1064453125
0 0.7353515625 0.0849609375 0.05078125 0.072265625
0 0.67529296875 0.3447265625 0.0283203125 0.05078125
0 0.98828125 0.55859375 0.021484375 0.05859375
0 0.95068359375 0.56884765625 0.0400390625 0.0751953125
0 0.94873046875 0.70751953125 0.0458984375 0.0498046875
0 0.8271484375 0.87109375 0.0625 0.083984375
0 0.7724609375 0.8642578125 0.037109375 0.048828125
0 0.7451171875 0.89404296875 0.048828125 0.0498046875
0 0.76123046875 0.75390625 0.0458984375 0.052734375
0 0.7216796875 0.77783203125 0.041015625 0.0634765625
0 0.6484375 0.84716796875 0.052734375 0.0576171875
0 0.62939453125 0.78369140625 0.0517578125 0.0615234375
0 0.677734375 0.779296875 0.04296875 0.0625
0 0.935546875 0.7763671875 0.029296875 0.041015625
0 0.8544921875 0.9814453125 0.0546875 0.03515625
0 0.5126953125 0.982421875 0.05078125 0.03515625
0 0.51953125 0.94775390625 0.041015625 0.0302734375
0 0.4501953125 0.9345703125 0.06640625 0.041015625
0 0.4267578125 0.86376953125 0.029296875 0.0947265625
0 0.34375 0.056640625 0.037109375 0.099609375
0 0.38623046875 0.05224609375 0.0322265625 0.0439453125
0 0.27880859375 0.046875 0.0498046875 0.09375
0 0.25146484375 0.07177734375 0.0888671875 0.1435546875
0 0.208984375 0.07861328125 0.072265625 0.1220703125
0 0.22900390625 0.16552734375 0.0771484375 0.0419921875
0 0.15185546875 0.0146484375 0.0458984375 0.029296875
0 0.09423828125 0.0166015625 0.0380859375 0.033203125
0 0.25341796875 0.28857421875 0.0400390625 0.0888671875
0 0.18359375 0.30224609375 0.037109375 0.0595703125
0 0.28369140625 0.4111328125 0.0458984375 0.068359375
0 0.322265625 0.48486328125 0.02734375 0.0419921875
0 0.0087890625 0.3349609375 0.017578125 0.078125
0 0.02197265625 0.43505859375 0.0439453125 0.0888671875
0 0.26171875 0.51220703125 0.072265625 0.0556640625
0 0.2021484375 0.5576171875 0.056640625 0.048828125
0 0.240234375 0.59912109375 0.03515625 0.0576171875
0 0.29052734375 0.57568359375 0.0419921875 0.0361328125
0 0.296875 0.54541015625 0.021484375 0.0302734375
0 0.28466796875 0.69482421875 0.0517578125 0.0576171875
0 0.2333984375 0.7109375 0.048828125 0.0546875
0 0.06591796875 0.6953125 0.0693359375 0.05078125
0 0.01123046875 0.68603515625 0.0224609375 0.0517578125
0 0.04931640625 0.75732421875 0.0986328125 0.0458984375
0 0.11962890625 0.76025390625 0.0419921875 0.0576171875
0 0.2666015625 0.7861328125 0.05078125 0.05078125
0 0.1689453125 0.78173828125 0.056640625 0.0673828125
0 0.21484375 0.47412109375 0.0234375 0.0400390625
0 0.2177734375 0.8310546875 0.044921875 0.06640625
0 0.15576171875 0.98388671875 0.0771484375 0.0283203125
0 0.0751953125 0.9794921875 0.05078125 0.041015625
0 0.29248046875 0.9453125 0.0712890625 0.091796875
0 0.6689453125 0.10986328125 0.03125 0.0751953125
