0 0.63720703125 0.10009765625 0.0478515625 0.0419921875
0 0.16748046875 0.8193359375 0.0908203125 0.0859375
0 0.84765625 0.3544921875 0.041015625 0.048828125
0 0.8642578125 0.923828125 0.060546875 0.111328125
0 0.9345703125 0.08349609375 0.076171875 0.0966796875
0 0.662109375 0.58349609375 0.07421875 0.0595703125
0 0.42822265625 0.75244140625 0.0771484375 0.0634765625
0 0.7255859375 0.896484375 0.060546875 0.12890625
0 0.36328125 0.93505859375 0.072265625 0.1162109375
0 0.630859375 0.15478515625 0.0546875 0.0576171875
0 0.93603515625 0.8173828125 0.1279296875 0.146484375
0 0.26953125 0.1171875 0.060546875 0.0625
0 0.3173828125 0.490234375 0.052734375 0.091796875
0 0.3642578125 0.291015625 0.10546875 0.078125
0 0.48828125 0.05126953125 0.052734375 0.0732421875
0 0.06103515625 0.64208984375 0.1220703125 0.1240234375
0 0.970703125 0.1044921875 0.0546875 0.08203125
0 0.5185546875 0.47216796875 0.046875 0.0732421875
0 0.05712890625 0.95361328125 0.1142578125 0.0908203125
0 0.7001953125 0.43212890625 0.125 0.1103515625
0 0.68505859375 0.38623046875 0.0498046875 0.0498046875
0 0.58642578125 0.19189453125 0.0869140625 0.0517578125
0 0.25341796875 0.2451171875 0.0498046875 0.060546875
0 0.52734375 0.939453125 0.064453125 0.072265625
0 0.9521484375 0.72607421875 0.07421875 0.0732421875
0 0.57275390625 0.43798828125 0.0654296875 0.0986328125
0 0.4404296875 0.650390625 0.091796875 0.123046875
0 0.95556640625 0.6689453125 0.0830078125 0.052734375
0 0.576171875 0.09033203125 0.0546875 0.0556640625
0 0.728515625 0.68212890625 0.1328125 0.0751953125
0 0.4228515625 0.44189453125 0.0625 0.0576171875
0 0.3583984375 0.380859375 0.0625 0.07421875
0 0.2255859375 0.94189453125 0.099609375 0.1142578125
0 0.017578125 0.24072265625 0.03515625 0.0615234375
0 0.96826171875 0.953125 0.0595703125 0.08984375
0 0.40625 0.09912109375 0.158203125 0.1337890625
0 0.39990234375 0.97314453125 0.0673828125 0.0537109375
0 0.33642578125 0.1484375 0.0361328125 0.037109375
0 0.9267578125 0.50390625 0.07421875 0.099609375
0 0.79052734375 0.89404296875 0.1142578125 0.1513671875
0 0.5986328125 0.0185546875 0.0703125 0.037109375
0 0.61181640625 0.89794921875 0.0732421875 0.0908203125
0 0.7431640625 0.1328125 0.0625 0.06640625
0 0.53173828125 0.72216796875 0.1083984375 0.0498046875
0 0.66943359375 0.11865234375 0.0517578125 0.0439453125
0 0.03271484375 0.46435546875 0.0654296875 0.0732421875
0 0.37890625 0.48095703125 0.072265625 0.0869140625
0 0.42578125 0.349609375 0.091796875 0.13671875
0 0.46337890625 0.23046875 0.1123046875 0.111328125
0 0.18359375 0.80908203125 0.05078125 0.1357421875
