0 0.482421875 0.2998046875 0.083984375 0.171875
0 0.27587890625 0.81884765625 0.0732421875 0.0947265625
0 0.25927734375 0.685546875 0.0576171875 0.19140625
0 0.88330078125 0.34619140625 0.1220703125 0.0537109375
0 0.69873046875 0.76708984375 0.0751953125 0.0791015625
0 0.6357421875 0.33984375 0.1015625 0.181640625
0 0.02001953125 0.14990234375 0.0400390625 0.0478515625
0 0.5087890625 0.49609375 0.078125 0.04296875
0 0.87109375 0.904296875 0.083984375 0.134765625
0 0.53271484375 0.083984375 0.0478515625 0.0859375
0 0.25634765625 0.0322265625 0.0947265625 0.060546875
0 0.8994140625 0.05078125 0.08984375 0.0625
0 0.90087890625 0.16259765625 0.0712890625 0.0693359375
0 0.6591796875 0.09423828125 0.083984375 0.0732421875
0 0.10693359375 0.03076171875 0.0986328125 0.0595703125
0 0.53369140625 0.02392578125 0.0498046875 0.0478515625
0 0.82763671875 0.30419921875 0.0576171875 0.0556640625
0 0.5693359375 0.57568359375 0.08984375 0.0791015625
0 0.39599609375 0.3349609375 0.0478515625 0.04296875
0 0.07177734375 0.3515625 0.1435546875 0.076171875
0 0.98974609375 0.22119140625 0.0205078125 0.0673828125
0 0.8974609375 0.42529296875 0.1015625 0.0693359375
0 0.97900390625 0.78466796875 0.0419921875 0.1708984375
0 0.271484375 0.37744140625 0.076171875 0.0830078125
0 0.12939453125 0.47998046875 0.0732421875 0.0673828125
0 0.71875 0.0517578125 0.05859375 0.09375
0 0.041015625 0.11572265625 0.080078125 0.0498046875
0 0.03955078125 0.2685546875 0.0654296875 0.1015625
0 0.6181640625 0.75439453125 0.044921875 0.0458984375
0 0.73095703125 0.15771484375 0.0732421875 0.0517578125
0 0.8134765625 0.69287109375 0.08984375 0.0791015625
0 0.3935546875 0.05712890625 0.076171875 0.1142578125
0 0.205078125 0.6865234375 0.06640625 0.083984375
0 0.94921875 0.64111328125 0.0703125 0.2080078125
0 0.83740234375 0.53759765625 0.2099609375 0.0693359375
0 0.97998046875 0.513671875 0.0400390625 0.166015625
0 0.73291015625 0.89892578125 0.0654296875 0.0888671875
0 0.3193359375 0.2939453125 0.0625 0.083984375
