0 0.9755859375 0.67724609375 0.048828125 0.0517578125
0 0.529296875 0.2666015625 0.04296875 0.048828125
0 0.796875 0.66357421875 0.0390625 0.0595703125
0 0.1591796875 0.68408203125 0.048828125 0.0322265625
0 0.587890625 0.77197265625 0.0625 0.0693359375
0 0.1259765625 0.40576171875 0.08203125 0.1025390625
0 0.12841796875 0.18212890625 0.0400390625 0.0498046875
0 0.19482421875 0.2119140625 0.0361328125 0.0546875
0 0.02294921875 0.2060546875 0.0341796875 0.05859375
0 0.24072265625 0.560546875 0.0419921875 0.046875
0 0.50634765625 0.37353515625 0.0693359375 0.0712890625
0 0.033203125 0.59521484375 0.060546875 0.0341796875
0 0.62646484375 0.34912109375 0.0537109375 0.0751953125
0 0.69384765625 0.517578125 0.0361328125 0.07421875
0 0.5927734375 0.490234375 0.048828125 0.056640625
0 0.51123046875 0.08544921875 0.0849609375 0.1005859375
0 0.33251953125 0.9619140625 0.0419921875 0.0625
0 0.248046875 0.951171875 0.052734375 0.046875
0 0.064453125 0.14111328125 0.056640625 0.0654296875
0 0.48876953125 0.75927734375 0.0986328125 0.0791015625
0 0.60595703125 0.58837890625 0.0673828125 0.0712890625
0 0.11376953125 0.92431640625 0.0771484375 0.0556640625
0 0.91845703125 0.92333984375 0.0517578125 0.0634765625
0 0.0283203125 0.6533203125 0.052734375 0.04296875
0 0.796875 0.97119140625 0.060546875 0.0576171875
0 0.6240234375 0.708984375 0.060546875 0.0546875
0 0.06640625 0.349609375 0.068359375 0.07421875
0 0.759765625 0.8154296875 0.037109375 0.04296875
0 0.037109375 0.70166015625 0.0703125 0.0498046875
0 0.1455078125 0.63916015625 0.08203125 0.0576171875
0 0.193359375 0.93701171875 0.046875 0.0498046875
0 0.7001953125 0.62451171875 0.048828125 0.0595703125
0 0.15625 0.24951171875 0.06640625 0.1005859375
