0 0.0615234375 0.73388671875 0.119140625 0.1689453125
0 0.31689453125 0.6572265625 0.1044921875 0.119140625
0 0.74072265625 0.35009765625 0.1318359375 0.1162109375
0 0.22509765625 0.4033203125 0.0751953125 0.052734375
0 0.48974609375 0.69873046875 0.0947265625 0.1689453125
0 0.18359375 0.123046875 0.091796875 0.162109375
0 0.27734375 0.49658203125 0.095703125 0.0830078125
0 0.91455078125 0.46337890625 0.1376953125 0.0830078125
0 0.966796875 0.02587890625 0.0625 0.0517578125
0 0.185546875 0.98388671875 0.087890625 0.0322265625
0 0.380859375 0.49267578125 0.08203125 0.0693359375
0 0.9482421875 0.9345703125 0.087890625 0.07421875
0 0.4287109375 0.0205078125 0.09375 0.041015625
0 0.6318359375 0.595703125 0.083984375 0.068359375
0 0.5966796875 0.517578125 0.091796875 0.072265625
0 0.2734375 0.73095703125 0.052734375 0.0849609375
0 0.06689453125 0.52392578125 0.1298828125 0.0732421875
0 0.82763671875 0.67333984375 0.1123046875 0.0673828125
0 0.08251953125 0.330078125 0.1650390625 0.0859375
0 0.53564453125 0.30322265625 0.0830078125 0.0732421875
0 0.58154296875 0.74267578125 0.1142578125 0.1376953125
0 0.087890625 0.904296875 0.06640625 0.068359375
0 0.68310546875 0.05859375 0.1201171875 0.111328125
0 0.52001953125 0.455078125 0.0732421875 0.091796875
0 0.888671875 0.70166015625 0.083984375 0.0615234375
0 0.92041015625 0.57666015625 0.1142578125 0.0771484375
0 0.0302734375 0.93505859375 0.048828125 0.0693359375
0 0.03759765625 0.869140625 0.0517578125 0.126953125
0 0.4892578125 0.115234375 0.1015625 0.052734375
0 0.3818359375 0.9033203125 0.064453125 0.107421875
0 0.2841796875 0.15966796875 0.078125 0.0732421875
