0 0.23876953125 0.75048828125 0.0712890625 0.2138671875
0 0.970703125 0.8251953125 0.05859375 0.11328125
0 0.8642578125 0.80908203125 0.107421875 0.0869140625
0 0.94970703125 0.7275390625 0.0595703125 0.04296875
0 0.8935546875 0.70849609375 0.1015625 0.1005859375
0 0.74951171875 0.74658203125 0.0419921875 0.0283203125
0 0.75244140625 0.6298828125 0.0517578125 0.044921875
0 0.8798828125 0.62646484375 0.056640625 0.0751953125
0 0.92724609375 0.552734375 0.0830078125 0.0546875
0 0.85546875 0.5537109375 0.07421875 0.0703125
0 0.7548828125 0.5068359375 0.13671875 0.08203125
0 0.767578125 0.39794921875 0.0703125 0.1357421875
0 0.865234375 0.37255859375 0.060546875 0.0751953125
0 0.83056640625 0.33203125 0.0595703125 0.10546875
0 0.84228515625 0.20166015625 0.0771484375 0.1552734375
0 0.63916015625 0.8818359375 0.2060546875 0.134765625
0 0.498046875 0.775390625 0.1484375 0.12109375
0 0.56640625 0.61572265625 0.046875 0.0380859375
0 0.59619140625 0.4892578125 0.0517578125 0.0546875
0 0.5908203125 0.37060546875 0.08203125 0.0576171875
0 0.61376953125 0.08544921875 0.0634765625 0.1123046875
0 0.2109375 0.96826171875 0.076171875 0.0634765625
0 0.3349609375 0.943359375 0.08203125 0.076171875
0 0.3369140625 0.77734375 0.076171875 0.068359375
0 0.33447265625 0.65771484375 0.0888671875 0.0888671875
0 0.2724609375 0.62548828125 0.03515625 0.0302734375
0 0.50439453125 0.51171875 0.0732421875 0.0703125
0 0.19140625 0.451171875 0.05078125 0.0390625
0 0.28369140625 0.462890625 0.0810546875 0.150390625
0 0.31884765625 0.37255859375 0.0908203125 0.0830078125
0 0.42236328125 0.3349609375 0.0849609375 0.078125
0 0.24609375 0.162109375 0.044921875 0.044921875
0 0.32177734375 0.05517578125 0.0908203125 0.0927734375
0 0.1357421875 0.279296875 0.1484375 0.0859375
0 0.015625 0.29150390625 0.029296875 0.0439453125
0 0.07080078125 0.490234375 0.0712890625 0.0859375
0 0.06201171875 0.76025390625 0.1240234375 0.1572265625
0 0.005859375 0.6533203125 0.01171875 0.048828125
0 0.16748046875 0.8193359375 0.0751953125 0.0625
0 0.13671875 0.66162109375 0.10546875 0.0732421875
0 0.1474609375 0.734375 0.072265625 0.083984375
0 0.1630859375 0.6015625 0.08203125 0.056640625
0 0.98193359375 0.890625 0.0361328125 0.037109375
0 0.0986328125 0.7041015625 0.0546875 0.048828125
0 0.82275390625 0.1416015625 0.0419921875 0.0390625
0 0.4775390625 0.4072265625 0.060546875 0.05078125
0 0.43798828125 0.3759765625 0.0888671875 0.05859375
0 0.82275390625 0.603515625 0.0771484375 0.083984375
0 0.326171875 0.6005859375 0.107421875 0.078125
0 0.42333984375 0.5625 0.1787109375 0.12109375
0 0.39697265625 0.59521484375 0.0771484375 0.0693359375
0 0.39501953125 0.53564453125 0.1630859375 0.0556640625
0 0.05908203125 0.83056640625 0.1181640625 0.0986328125
