0 0.0361328125 0.025390625 0.052734375 0.05078125
0 0.03173828125 0.0849609375 0.0634765625 0.08984375
0 0.16357421875 0.1240234375 0.0751953125 0.248046875
0 0.0830078125 0.1494140625 0.126953125 0.111328125
0 0.380859375 0.017578125 0.1328125 0.03515625
0 0.326171875 0.06884765625 0.12109375 0.1376953125
0 0.40771484375 0.14453125 0.2509765625 0.15625
0 0.376953125 0.109375 0.13671875 0.03125
0 0.974609375 0.01220703125 0.05078125 0.0244140625
0 0.94189453125 0.13720703125 0.1142578125 0.0712890625
0 0.70166015625 0.02587890625 0.0673828125 0.0517578125
0 0.67822265625 0.056640625 0.2080078125 0.09375
0 0.1640625 0.236328125 0.21484375 0.08203125
0 0.5400390625 0.1826171875 0.103515625 0.07421875
0 0.86767578125 0.21484375 0.1103515625 0.13671875
0 0.58984375 0.2900390625 0.044921875 0.0859375
0 0.82421875 0.1904296875 0.083984375 0.087890625
0 0.77197265625 0.171875 0.2001953125 0.18359375
0 0.0556640625 0.51318359375 0.111328125 0.0712890625
0 0.5361328125 0.3427734375 0.1171875 0.13671875
0 0.36328125 0.38720703125 0.1796875 0.2197265625
0 0.609375 0.5615234375 0.068359375 0.11328125
0 0.4619140625 0.64599609375 0.115234375 0.1103515625
0 0.41796875 0.7890625 0.060546875 0.08984375
0 0.4267578125 0.8720703125 0.072265625 0.140625
0 0.3427734375 0.5732421875 0.05859375 0.033203125
0 0.2451171875 0.625 0.21484375 0.138671875
0 0.33349609375 0.65771484375 0.1181640625 0.1259765625
0 0.24072265625 0.7705078125 0.1064453125 0.138671875
0 0.6171875 0.79736328125 0.08984375 0.0478515625
0 0.443359375 0.9580078125 0.05859375 0.072265625
0 0.033203125 0.787109375 0.06640625 0.09375
0 0.78759765625 0.6162109375 0.1689453125 0.10546875
0 0.7412109375 0.69140625 0.05078125 0.083984375
0 0.6201171875 0.8798828125 0.18359375 0.1875
0 0.96923828125 0.6689453125 0.0595703125 0.2109375
0 0.94921875 0.84814453125 0.1015625 0.3017578125
0 0.96728515625 0.849609375 0.0634765625 0.142578125
0 0.75390625 0.98046875 0.12890625 0.037109375
0 0.84521484375 0.927734375 0.0556640625 0.142578125
0 0.7919921875 0.8828125 0.041015625 0.068359375
0 0.72607421875 0.83837890625 0.1064453125 0.2275390625
0 0.767578125 0.72900390625 0.1953125 0.0634765625
0 0.7255859375 0.90234375 0.03515625 0.078125
0 0.82666015625 0.8798828125 0.2236328125 0.203125
0 0.4560546875 0.94189453125 0.02734375 0.0361328125
