0 0.0654296875 0.7373046875 0.130859375 0.056640625
0 0.24755859375 0.91357421875 0.0712890625 0.1728515625
0 0.6181640625 0.73095703125 0.052734375 0.0498046875
0 0.32470703125 0.880859375 0.0498046875 0.10546875
0 0.796875 0.1650390625 0.0625 0.046875
0 0.11279296875 0.53759765625 0.0634765625 0.0537109375
0 0.91162109375 0.0595703125 0.0537109375 0.076171875
0 0.556640625 0.802734375 0.037109375 0.04296875
0 0.54248046875 0.66748046875 0.0458984375 0.0517578125
0 0.50830078125 0.818359375 0.0654296875 0.072265625
0 0.22412109375 0.84130859375 0.0927734375 0.0615234375
0 0.88427734375 0.3681640625 0.0615234375 0.06640625
0 0.5224609375 0.52734375 0.05859375 0.072265625
0 0.6181640625 0.0146484375 0.10546875 0.029296875
0 0.29296875 0.205078125 0.111328125 0.099609375
0 0.958984375 0.111328125 0.08203125 0.068359375
0 0.3671875 0.89892578125 0.0546875 0.0712890625
0 0.626953125 0.87646484375 0.10546875 0.0673828125
0 0.46337890625 0.607421875 0.0458984375 0.0546875
0 0.17138671875 0.74169921875 0.0732421875 0.0517578125
0 0.1455078125 0.494140625 0.11328125 0.052734375
0 0.427734375 0.248046875 0.095703125 0.06640625
0 0.94873046875 0.69921875 0.0751953125 0.10546875
0 0.58740234375 0.7001953125 0.0673828125 0.05859375
0 0.0263671875 0.640625 0.041015625 0.060546875
0 0.7255859375 0.74560546875 0.06640625 0.0478515625
0 0.7578125 0.83935546875 0.048828125 0.0458984375
0 0.283203125 0.263671875 0.10546875 0.0625
0 0.8720703125 0.13623046875 0.072265625 0.0576171875
0 0.35595703125 0.1416015625 0.1044921875 0.06640625
0 0.7333984375 0.16943359375 0.052734375 0.0537109375
0 0.77294921875 0.474609375 0.0810546875 0.064453125
0 0.38330078125 0.61083984375 0.0732421875 0.0498046875
0 0.06201171875 0.47412109375 0.1240234375 0.0595703125
0 0.09326171875 0.92822265625 0.1708984375 0.0556640625
0 0.37060546875 0.5556640625 0.0478515625 0.05859375
0 0.83251953125 0.87744140625 0.0986328125 0.0673828125
0 0.31982421875 0.56494140625 0.0673828125 0.0654296875
0 0.22802734375 0.61767578125 0.0361328125 0.0498046875
0 0.6162109375 0.78857421875 0.046875 0.0458984375
0 0.71875 0.0966796875 0.107421875 0.05859375
0 0.95166015625 0.17919921875 0.0654296875 0.0576171875
0 0.294921875 0.65966796875 0.220703125 0.0517578125
0 0.0322265625 0.0849609375 0.064453125 0.060546875
0 0.767578125 0.228515625 0.068359375 0.0625
0 0.67578125 0.37890625 0.091796875 0.11328125
0 0.13818359375 0.85546875 0.0947265625 0.03125
0 0.35546875 0.0791015625 0.060546875 0.0625
0 0.72021484375 0.63037109375 0.0673828125 0.0576171875
0 0.63330078125 0.53076171875 0.0771484375 0.0693359375
0 0.08984375 0.82275390625 0.177734375 0.1025390625
0 0.13671875 0.060546875 0.091796875 0.12109375
0 0.22265625 0.73046875 0.072265625 0.076171875
0 0.91455078125 0.20068359375 0.0849609375 0.0654296875
0 0.91845703125 0.95166015625 0.0869140625 0.0966796875
0 0.66064453125 0.0361328125 0.1083984375 0.064453125
0 0.9521484375 0.8408203125 0.06640625 0.08203125
0 0.44482421875 0.759765625 0.1396484375 0.068359375
