0 0.0908203125 0.84130859375 0.052734375 0.0888671875
0 0.5693359375 0.15380859375 0.052734375 0.0458984375
0 0.5966796875 0.47021484375 0.068359375 0.0517578125
0 0.8740234375 0.05908203125 0.0703125 0.0595703125
0 0.1240234375 0.369140625 0.046875 0.060546875
0 0.6572265625 0.0234375 0.064453125 0.046875
0 0.8798828125 0.232421875 0.1015625 0.083984375
0 0.61328125 0.7685546875 0.05859375 0.0390625
0 0.6328125 0.50732421875 0.05859375 0.0537109375
0 0.17529296875 0.71142578125 0.0791015625 0.0634765625
