0 0.83056640625 0.02490234375 0.1240234375 0.0498046875
0 0.84228515625 0.04296875 0.0498046875 0.0390625
0 0.45751953125 0.97021484375 0.0947265625 0.0595703125
0 0.9677734375 0.595703125 0.0625 0.05078125
0 0.72802734375 0.86376953125 0.0693359375 0.0244140625
0 0.8232421875 0.66552734375 0.09765625 0.0927734375
0 0.5625 0.9140625 0.10546875 0.09375
0 0.9423828125 0.6630859375 0.115234375 0.08203125
0 0.5986328125 0.76220703125 0.115234375 0.0908203125
0 0.69677734375 0.54345703125 0.1572265625 0.0830078125
0 0.42822265625 0.73583984375 0.1279296875 0.0966796875
0 0.8818359375 0.83935546875 0.115234375 0.0947265625
0 0.79833984375 0.3232421875 0.1513671875 0.068359375
0 0.68310546875 0.69580078125 0.1103515625 0.0771484375
0 0.85546875 0.904296875 0.1171875 0.099609375
0 0.916015625 0.57958984375 0.080078125 0.0615234375
0 0.68115234375 0.33935546875 0.1298828125 0.0634765625
0 0.83203125 0.73974609375 0.095703125 0.0849609375
0 0.66943359375 0.15234375 0.0849609375 0.08984375
0 0.62890625 0.69482421875 0.087890625 0.0478515625
0 0.43798828125 0.44580078125 0.1025390625 0.0673828125
0 0.93115234375 0.513671875 0.1123046875 0.0625
0 0.771484375 0.31494140625 0.078125 0.0517578125
0 0.84716796875 0.5 0.0927734375 0.076171875
0 0.60888671875 0.88916015625 0.1435546875 0.0966796875
0 0.62890625 0.5927734375 0.068359375 0.048828125
0 0.849609375 0.251953125 0.10546875 0.064453125
0 0.51220703125 0.06103515625 0.0634765625 0.0595703125
0 0.68408203125 0.5859375 0.1181640625 0.048828125
0 0.44091796875 0.578125 0.1220703125 0.087890625
0 0.5283203125 0.9755859375 0.060546875 0.046875
