0 0.47021484375 0.4208984375 0.0849609375 0.06640625
0 0.2265625 0.912109375 0.0390625 0.068359375
0 0.85107421875 0.2841796875 0.0498046875 0.119140625
0 0.09326171875 0.95556640625 0.0595703125 0.0478515625
0 0.712890625 0.8935546875 0.060546875 0.103515625
0 0.35107421875 0.625 0.1982421875 0.068359375
0 0.9501953125 0.64794921875 0.05859375 0.0810546875
0 0.3662109375 0.98095703125 0.08203125 0.0341796875
0 0.12158203125 0.25341796875 0.1240234375 0.0380859375
0 0.08837890625 0.685546875 0.1240234375 0.052734375
0 0.6708984375 0.03564453125 0.0625 0.0712890625
0 0.47998046875 0.30078125 0.1357421875 0.037109375
0 0.34521484375 0.34423828125 0.0732421875 0.1044921875
0 0.31005859375 0.373046875 0.0751953125 0.046875
0 0.9814453125 0.58935546875 0.033203125 0.1005859375
0 0.56201171875 0.68896484375 0.0537109375 0.0634765625
0 0.86328125 0.205078125 0.111328125 0.05078125
0 0.95947265625 0.24560546875 0.0810546875 0.0400390625
0 0.3564453125 0.48828125 0.11328125 0.048828125
0 0.89697265625 0.34375 0.0419921875 0.15625
0 0.357421875 0.44921875 0.044921875 0.02734375
0 0.841796875 0.4375 0.041015625 0.060546875
0 0.45703125 0.03515625 0.16015625 0.0703125
0 0.0888671875 0.822265625 0.029296875 0.05859375
0 0.619140625 0.9462890625 0.146484375 0.087890625
0 0.162109375 0.59619140625 0.05078125 0.0458984375
0 0.03125 0.26416015625 0.0625 0.1083984375
0 0.640625 0.24267578125 0.03515625 0.0654296875
0 0.2421875 0.5927734375 0.095703125 0.056640625
0 0.33642578125 0.416015625 0.0908203125 0.0390625
0 0.728515625 0.591796875 0.10546875 0.0625
0 0.83349609375 0.87939453125 0.1103515625 0.0439453125
0 0.65283203125 0.85302734375 0.0908203125 0.1044921875
0 0.87451171875 0.25439453125 0.0810546875 0.0732421875
0 0.970703125 0.53125 0.052734375 0.03515625
0 0.90966796875 0.470703125 0.0400390625 0.044921875
0 0.48486328125 0.201171875 0.0966796875 0.134765625
0 0.59521484375 0.20263671875 0.0849609375 0.0537109375
0 0.779296875 0.54443359375 0.083984375 0.1279296875
0 0.84814453125 0.08447265625 0.0888671875 0.0537109375
0 0.22900390625 0.19873046875 0.1103515625 0.0654296875
0 0.8115234375 0.12890625 0.17578125 0.046875
0 0.58740234375 0.318359375 0.1044921875 0.10546875
0 0.12548828125 0.48876953125 0.0849609375 0.1123046875
0 0.03271484375 0.57568359375 0.0654296875 0.0419921875
0 0.20458984375 0.6884765625 0.0537109375 0.041015625
0 0.05908203125 0.41650390625 0.1181640625 0.0380859375
0 0.509765625 0.34228515625 0.044921875 0.0458984375
0 0.77587890625 0.29345703125 0.0771484375 0.1181640625
0 0.5751953125 0.3779296875 0.083984375 0.046875
0 0.29248046875 0.306640625 0.0400390625 0.103515625
0 0.0615234375 0.5400390625 0.123046875 0.0390625
0 0.84033203125 0.9736328125 0.0439453125 0.052734375
0 0.3798828125 0.88134765625 0.0546875 0.0439453125
0 0.15576171875 0.8154296875 0.0771484375 0.046875
0 0.4541015625 0.0673828125 0.052734375 0.05859375
0 0.2421875 0.591796875 0.095703125 0.056640625
0 0.82568359375 0.17236328125 0.0576171875 0.1162109375
0 0.888671875 0.92529296875 0.029296875 0.0888671875
0 0.330078125 0.2626953125 0.04296875 0.0859375
