0 0.04052734375 0.04541015625 0.0537109375 0.0791015625
0 0.068359375 0.2109375 0.078125 0.09765625
0 0.91845703125 0.85595703125 0.0771484375 0.0673828125
0 0.97265625 0.8486328125 0.046875 0.07421875
0 0.814453125 0.86328125 0.109375 0.158203125
0 0.0908203125 0.8095703125 0.11328125 0.080078125
0 0.544921875 0.15771484375 0.052734375 0.0654296875
0 0.76123046875 0.6640625 0.0771484375 0.064453125
0 0.259765625 0.58056640625 0.150390625 0.1025390625
0 0.44775390625 0.7705078125 0.1435546875 0.07421875
0 0.208984375 0.21728515625 0.0625 0.0615234375
0 0.26123046875 0.16943359375 0.0771484375 0.0849609375
0 0.912109375 0.33837890625 0.0703125 0.0830078125
0 0.55322265625 0.439453125 0.0771484375 0.0546875
0 0.943359375 0.20703125 0.087890625 0.109375
0 0.52685546875 0.06689453125 0.1103515625 0.1298828125
0 0.2236328125 0.85595703125 0.060546875 0.0673828125
0 0.4189453125 0.4296875 0.10546875 0.09765625
0 0.828125 0.3759765625 0.15234375 0.08203125
0 0.18115234375 0.96484375 0.0576171875 0.0546875
0 0.744140625 0.57373046875 0.091796875 0.0634765625
0 0.93310546875 0.08447265625 0.1279296875 0.1689453125
0 0.36083984375 0.03271484375 0.1162109375 0.0634765625
0 0.48046875 0.20068359375 0.07421875 0.0849609375
0 0.9697265625 0.68212890625 0.0546875 0.0693359375
0 0.3701171875 0.94482421875 0.076171875 0.0732421875
0 0.9111328125 0.76513671875 0.07421875 0.1123046875
0 0.52685546875 0.71484375 0.0751953125 0.0703125
0 0.232421875 0.03076171875 0.080078125 0.0576171875
0 0.03955078125 0.404296875 0.0751953125 0.080078125
0 0.6298828125 0.79638671875 0.0703125 0.0576171875
0 0.14111328125 0.8662109375 0.0791015625 0.0546875
0 0.68603515625 0.7646484375 0.0771484375 0.080078125
0 0.255859375 0.0869140625 0.091796875 0.060546875
0 0.708984375 0.09765625 0.11328125 0.06640625
0 0.01806640625 0.80712890625 0.0361328125 0.0771484375
0 0.21484375 0.52734375 0.0703125 0.0703125
0 0.6044921875 0.33203125 0.08984375 0.0703125
0 0.96337890625 0.373046875 0.0732421875 0.08203125
0 0.421875 0.283203125 0.078125 0.1640625
0 0.806640625 0.4541015625 0.060546875 0.068359375
0 0.02197265625 0.14599609375 0.0400390625 0.0673828125
0 0.029296875 0.6865234375 0.0546875 0.0546875
0 0.91259765625 0.69580078125 0.0517578125 0.0634765625
0 0.39306640625 0.71337890625 0.0830078125 0.1123046875
0 0.0380859375 0.9658203125 0.072265625 0.068359375
0 0.87451171875 0.43701171875 0.0751953125 0.0556640625
0 0.56201171875 0.494140625 0.0576171875 0.056640625
0 0.388671875 0.36181640625 0.0546875 0.0498046875
0 0.61474609375 0.55712890625 0.0654296875 0.0556640625
0 0.3583984375 0.2197265625 0.0703125 0.080078125
0 0.44287109375 0.4453125 0.0419921875 0.03515625
0 0.45751953125 0.958984375 0.0673828125 0.0703125
0 0.64111328125 0.7333984375 0.0927734375 0.078125
0 0.97509765625 0.1474609375 0.0498046875 0.0859375
