0 0.96630859375 0.51318359375 0.0673828125 0.1533203125
0 0.66455078125 0.9677734375 0.0458984375 0.064453125
0 0.05029296875 0.05029296875 0.1005859375 0.1005859375
0 0.8251953125 0.31640625 0.060546875 0.138671875
0 0.26171875 0.080078125 0.111328125 0.064453125
0 0.8916015625 0.23828125 0.056640625 0.06640625
0 0.70458984375 0.1083984375 0.0830078125 0.08203125
0 0.4208984375 0.0224609375 0.115234375 0.044921875
0 0.37109375 0.6220703125 0.10546875 0.080078125
0 0.48583984375 0.07275390625 0.0908203125 0.0732421875
0 0.5283203125 0.95166015625 0.083984375 0.0888671875
0 0.8154296875 0.0908203125 0.107421875 0.103515625
0 0.73291015625 0.34228515625 0.0634765625 0.1005859375
0 0.92919921875 0.76513671875 0.0458984375 0.0517578125
0 0.04150390625 0.68505859375 0.0751953125 0.0537109375
0 0.43603515625 0.54345703125 0.1357421875 0.0712890625
0 0.40869140625 0.3076171875 0.0693359375 0.078125
0 0.970703125 0.71875 0.05859375 0.068359375
0 0.04541015625 0.1455078125 0.0556640625 0.0625
0 0.25830078125 0.17626953125 0.0869140625 0.1708984375
0 0.91162109375 0.7060546875 0.0712890625 0.072265625
0 0.5947265625 0.67333984375 0.13671875 0.0810546875
0 0.40625 0.1767578125 0.0703125 0.06640625
0 0.64794921875 0.87109375 0.0693359375 0.076171875
0 0.74267578125 0.20654296875 0.0771484375 0.1103515625
0 0.15234375 0.498046875 0.142578125 0.07421875
0 0.408203125 0.73388671875 0.06640625 0.0634765625
0 0.2373046875 0.47119140625 0.06640625 0.1025390625
0 0.02294921875 0.12646484375 0.0458984375 0.1123046875
0 0.18310546875 0.95849609375 0.0732421875 0.0771484375
0 0.0517578125 0.9384765625 0.103515625 0.07421875
0 0.70361328125 0.921875 0.0615234375 0.05078125
0 0.8232421875 0.43505859375 0.0625 0.1220703125
0 0.04541015625 0.775390625 0.0908203125 0.0703125
0 0.931640625 0.359375 0.072265625 0.056640625
0 0.53466796875 0.1611328125 0.0634765625 0.095703125
0 0.84716796875 0.5771484375 0.0732421875 0.0703125
0 0.166015625 0.1494140625 0.068359375 0.15625
0 0.1142578125 0.80615234375 0.09375 0.1494140625
0 0.3330078125 0.33349609375 0.064453125 0.0634765625
