0 0.0166015625 0.9140625 0.033203125 0.072265625
0 0.03662109375 0.27197265625 0.0732421875 0.0947265625
0 0.04443359375 0.70556640625 0.0712890625 0.1044921875
0 0.759765625 0.953125 0.10546875 0.083984375
0 0.23974609375 0.36962890625 0.2001953125 0.0947265625
0 0.0693359375 0.82958984375 0.095703125 0.0771484375
0 0.2744140625 0.69580078125 0.115234375 0.0927734375
0 0.6884765625 0.65576171875 0.09375 0.1279296875
0 0.2578125 0.51025390625 0.115234375 0.0869140625
0 0.09326171875 0.9755859375 0.1201171875 0.04296875
0 0.193359375 0.26708984375 0.087890625 0.1298828125
0 0.28564453125 0.57177734375 0.0927734375 0.0849609375
0 0.49560546875 0.47216796875 0.0869140625 0.0517578125
0 0.18505859375 0.71142578125 0.1064453125 0.0908203125
0 0.79736328125 0.81640625 0.1064453125 0.05859375
0 0.1220703125 0.84033203125 0.046875 0.0556640625
0 0.1572265625 0.2294921875 0.099609375 0.099609375
0 0.74609375 0.501953125 0.109375 0.078125
0 0.62158203125 0.11865234375 0.1044921875 0.2275390625
0 0.1123046875 0.318359375 0.12890625 0.0859375
0 0.42431640625 0.47802734375 0.0869140625 0.0634765625
0 0.80224609375 0.58837890625 0.1396484375 0.1181640625
0 0.96337890625 0.5859375 0.0615234375 0.099609375
0 0.0556640625 0.04541015625 0.111328125 0.0791015625
0 0.9609375 0.29541015625 0.078125 0.0927734375
0 0.806640625 0.0634765625 0.1484375 0.09765625
0 0.34130859375 0.9072265625 0.1728515625 0.177734375
0 0.86767578125 0.9443359375 0.0947265625 0.111328125
0 0.51171875 0.36865234375 0.09765625 0.0830078125
