0 0.54296875 0.84716796875 0.09375 0.0693359375
0 0.56640625 0.19677734375 0.046875 0.0380859375
0 0.2470703125 0.810546875 0.056640625 0.103515625
0 0.251953125 0.51416015625 0.076171875 0.1025390625
0 0.35595703125 0.0830078125 0.1005859375 0.1171875
0 0.5546875 0.7158203125 0.07421875 0.1484375
0 0.71240234375 0.06396484375 0.0595703125 0.0537109375
0 0.12451171875 0.71923828125 0.0498046875 0.1337890625
0 0.1826171875 0.8955078125 0.0859375 0.046875
0 0.47314453125 0.41259765625 0.1064453125 0.0927734375
0 0.1396484375 0.5859375 0.0703125 0.095703125
0 0.6064453125 0.294921875 0.060546875 0.0546875
0 0.50927734375 0.04833984375 0.0830078125 0.0634765625
0 0.896484375 0.84521484375 0.0625 0.0751953125
0 0.3681640625 0.947265625 0.091796875 0.068359375
0 0.74951171875 0.384765625 0.0927734375 0.064453125
0 0.26123046875 0.736328125 0.1083984375 0.064453125
0 0.2119140625 0.89501953125 0.11328125 0.0654296875
0 0.8369140625 0.08642578125 0.0859375 0.0576171875
0 0.03564453125 0.9580078125 0.0712890625 0.083984375
0 0.10791015625 0.12841796875 0.0986328125 0.0673828125
0 0.71923828125 0.63037109375 0.1064453125 0.0927734375
0 0.52001953125 0.22509765625 0.0771484375 0.0673828125
0 0.83740234375 0.365234375 0.1083984375 0.0625
0 0.927734375 0.21240234375 0.14453125 0.0673828125
0 0.74365234375 0.02001953125 0.1416015625 0.0400390625
0 0.318359375 0.29638671875 0.087890625 0.0869140625
0 0.61328125 0.98681640625 0.0546875 0.0244140625
0 0.2421875 0.99072265625 0.080078125 0.0185546875
0 0.09130859375 0.3369140625 0.0400390625 0.037109375
0 0.75048828125 0.29345703125 0.0986328125 0.0595703125
0 0.8818359375 0.7607421875 0.060546875 0.04296875
0 0.40576171875 0.22265625 0.0888671875 0.09375
0 0.78662109375 0.9599609375 0.0712890625 0.080078125
