0 0.58984375 0.89697265625 0.056640625 0.0869140625
0 0.65234375 0.75634765625 0.07421875 0.1083984375
0 0.7373046875 0.75048828125 0.080078125 0.0517578125
0 0.78515625 0.8369140625 0.0703125 0.07421875
0 0.56298828125 0.69873046875 0.0771484375 0.0537109375
0 0.66162109375 0.63671875 0.0517578125 0.06640625
0 0.857421875 0.69140625 0.080078125 0.056640625
0 0.86328125 0.63525390625 0.06640625 0.0634765625
0 0.81591796875 0.3662109375 0.0576171875 0.056640625
0 0.7119140625 0.34716796875 0.041015625 0.0380859375
0 0.634765625 0.267578125 0.078125 0.12109375
0 0.53271484375 0.1767578125 0.0458984375 0.06640625
0 0.49365234375 0.13330078125 0.0615234375 0.0576171875
0 0.5576171875 0.10302734375 0.06640625 0.0556640625
0 0.73828125 0.103515625 0.12109375 0.0546875
0 0.2646484375 0.12353515625 0.052734375 0.0361328125
0 0.380859375 0.26123046875 0.0390625 0.0771484375
0 0.2607421875 0.28564453125 0.068359375 0.0615234375
0 0.3232421875 0.23046875 0.046875 0.05078125
0 0.5029296875 0.33837890625 0.046875 0.0458984375
0 0.2890625 0.38427734375 0.06640625 0.0478515625
0 0.42724609375 0.451171875 0.0322265625 0.025390625
0 0.4697265625 0.4404296875 0.037109375 0.046875
0 0.0771484375 0.50732421875 0.052734375 0.1123046875
0 0.111328125 0.48876953125 0.04296875 0.0654296875
0 0.11474609375 0.291015625 0.0302734375 0.080078125
0 0.2265625 0.673828125 0.052734375 0.056640625
0 0.49169921875 0.58349609375 0.0517578125 0.0517578125
0 0.3671875 0.8662109375 0.09375 0.05078125
0 0.7734375 0.31640625 0.044921875 0.0234375
0 0.87890625 0.1767578125 0.044921875 0.09765625
0 0.82958984375 0.18701171875 0.0712890625 0.0361328125
0 0.072265625 0.99609375 0.037109375 0.0078125
0 0.1337890625 0.5234375 0.03125 0.029296875
0 0.46435546875 0.49755859375 0.0498046875 0.0654296875
0 0.771484375 0.28466796875 0.041015625 0.0400390625
0 0.33056640625 0.73681640625 0.0400390625 0.0341796875
0 0.8076171875 0.669921875 0.080078125 0.05859375
0 0.69775390625 0.78857421875 0.0498046875 0.0498046875
0 0.2568359375 0.41943359375 0.052734375 0.0498046875
