0 0.841796875 0.1767578125 0.01953125 0.03125
0 0.8681640625 0.10791015625 0.052734375 0.0419921875
0 0.93115234375 0.0732421875 0.0556640625 0.068359375
0 0.82666015625 0.22802734375 0.0595703125 0.0537109375
0 0.76708984375 0.23828125 0.0498046875 0.04296875
0 0.9384765625 0.02734375 0.10546875 0.052734375
0 0.8525390625 0.02490234375 0.05078125 0.0498046875
0 0.7255859375 0.00830078125 0.046875 0.0166015625
0 0.55419921875 0.03955078125 0.0830078125 0.0458984375
0 0.62939453125 0.20263671875 0.0302734375 0.0224609375
0 0.6689453125 0.240234375 0.041015625 0.0546875
0 0.52490234375 0.1572265625 0.0478515625 0.06640625
0 0.74462890625 0.34423828125 0.0380859375 0.0341796875
0 0.7412109375 0.3076171875 0.0546875 0.05078125
0 0.70263671875 0.29150390625 0.0517578125 0.0810546875
0 0.69482421875 0.3525390625 0.0517578125 0.041015625
0 0.4814453125 0.32763671875 0.013671875 0.0302734375
0 0.28466796875 0.0185546875 0.0126953125 0.033203125
0 0.24169921875 0.07080078125 0.0322265625 0.0673828125
0 0.21728515625 0.03271484375 0.0419921875 0.0576171875
0 0.181640625 0.02294921875 0.05078125 0.0458984375
0 0.1279296875 0.1083984375 0.060546875 0.078125
0 0.22216796875 0.1611328125 0.0400390625 0.06640625
0 0.244140625 0.017578125 0.02734375 0.03515625
0 0.02880859375 0.13818359375 0.0576171875 0.0888671875
0 0.01220703125 0.20849609375 0.0244140625 0.0458984375
0 0.017578125 0.39599609375 0.021484375 0.0283203125
0 0.06103515625 0.376953125 0.0673828125 0.0390625
0 0.0810546875 0.353515625 0.0625 0.046875
0 0.21630859375 0.4892578125 0.0458984375 0.04296875
0 0.29248046875 0.27880859375 0.0498046875 0.0537109375
0 0.2822265625 0.35302734375 0.041015625 0.0458984375
0 0.30908203125 0.49609375 0.0419921875 0.044921875
0 0.28271484375 0.43310546875 0.0556640625 0.0537109375
0 0.6953125 0.39501953125 0.05078125 0.0498046875
0 0.68701171875 0.4375 0.0595703125 0.05078125
0 0.66259765625 0.49169921875 0.0361328125 0.0361328125
0 0.38818359375 0.5458984375 0.0771484375 0.060546875
0 0.4306640625 0.3203125 0.052734375 0.0546875
0 0.32373046875 0.6103515625 0.0302734375 0.0390625
0 0.24560546875 0.5771484375 0.0439453125 0.033203125
0 0.240234375 0.60791015625 0.041015625 0.0263671875
0 0.12060546875 0.63916015625 0.0322265625 0.0322265625
0 0.17919921875 0.6787109375 0.0302734375 0.029296875
0 0.1669921875 0.6572265625 0.02734375 0.033203125
0 0.6875 0.6103515625 0.05078125 0.0390625
0 0.6259765625 0.65869140625 0.037109375 0.0478515625
0 0.6240234375 0.72314453125 0.07421875 0.0576171875
0 0.56494140625 0.728515625 0.0498046875 0.056640625
0 0.68359375 0.79541015625 0.080078125 0.0556640625
0 0.6845703125 0.8896484375 0.05078125 0.05078125
0 0.87451171875 0.57666015625 0.0458984375 0.0498046875
0 0.97802734375 0.57275390625 0.0439453125 0.0498046875
0 0.998046875 0.66943359375 0.00390625 0.0322265625
0 0.8828125 0.62744140625 0.03125 0.0283203125
0 0.95556640625 0.63818359375 0.0517578125 0.0322265625
0 0.87841796875 0.66064453125 0.0751953125 0.0478515625
0 0.98193359375 0.72705078125 0.0361328125 0.0517578125
0 0.9892578125 0.79541015625 0.021484375 0.0478515625
0 0.984375 0.88232421875 0.03125 0.0419921875
0 0.9267578125 0.87890625 0.048828125 0.0546875
0 0.9072265625 0.79931640625 0.056640625 0.0478515625
0 0.888671875 0.92529296875 0.048828125 0.0322265625
0 0.95068359375 0.9423828125 0.0791015625 0.06640625
0 0.52783203125 0.90966796875 0.0400390625 0.0361328125
0 0.55126953125 0.943359375 0.0322265625 0.052734375
0 0.904296875 0.96630859375 0.0546875 0.0458984375
0 0.62939453125 0.97607421875 0.0283203125 0.0380859375
0 0.91552734375 0.837890625 0.0576171875 0.037109375
0 0.47900390625 0.9853515625 0.0400390625 0.029296875
0 0.35400390625 0.9833984375 0.0517578125 0.033203125
0 0.67041015625 0.92724609375 0.0595703125 0.0361328125
0 0.703125 0.97216796875 0.048828125 0.0556640625
0 0.17822265625 0.916015625 0.0302734375 0.037109375
0 0.20751953125 0.87548828125 0.0400390625 0.0283203125
0 0.224609375 0.7373046875 0.056640625 0.048828125
0 0.1787109375 0.7587890625 0.046875 0.04296875
0 0.19287109375 0.828125 0.0439453125 0.04296875
0 0.09521484375 0.7646484375 0.0751953125 0.05078125
0 0.099609375 0.8212890625 0.10546875 0.080078125
0 0.00537109375 0.8466796875 0.0107421875 0.0546875
0 0.02001953125 0.88525390625 0.0283203125 0.0361328125
0 0.07958984375 0.8837890625 0.0380859375 0.04296875
0 0.123046875 0.8740234375 0.03515625 0.046875
0 0.04052734375 0.94140625 0.0458984375 0.041015625
0 0.06591796875 0.9951171875 0.0244140625 0.0078125
0 0.63818359375 0.88525390625 0.0439453125 0.0478515625
