0 0.91748046875 0.39208984375 0.0615234375 0.0830078125
0 0.71240234375 0.35009765625 0.0615234375 0.1201171875
0 0.93505859375 0.1015625 0.0712890625 0.115234375
0 0.77587890625 0.34130859375 0.0419921875 0.0986328125
0 0.84814453125 0.49755859375 0.1005859375 0.1416015625
0 0.98486328125 0.7421875 0.0302734375 0.060546875
0 0.96826171875 0.24951171875 0.0595703125 0.1455078125
0 0.81884765625 0.64990234375 0.0927734375 0.1005859375
0 0.91162109375 0.5791015625 0.0517578125 0.09765625
0 0.90283203125 0.6787109375 0.0556640625 0.052734375
0 0.93701171875 0.48681640625 0.0791015625 0.0634765625
0 0.92431640625 0.82177734375 0.0615234375 0.0634765625
0 0.7333984375 0.86572265625 0.04296875 0.0595703125
0 0.837890625 0.24951171875 0.076171875 0.1162109375
0 0.79443359375 0.86767578125 0.0888671875 0.0908203125
