0 0.82470703125 0.40966796875 0.0869140625 0.0654296875
0 0.947265625 0.91064453125 0.10546875 0.0986328125
0 0.947265625 0.31201171875 0.103515625 0.0576171875
0 0.88916015625 0.978515625 0.1298828125 0.04296875
0 0.86474609375 0.50732421875 0.1103515625 0.0849609375
0 0.8154296875 0.88037109375 0.0625 0.0595703125
0 0.916015625 0.52783203125 0.123046875 0.0869140625
0 0.751953125 0.81005859375 0.06640625 0.0615234375
0 0.87255859375 0.6484375 0.1337890625 0.06640625
0 0.7509765625 0.51123046875 0.111328125 0.0556640625
0 0.90283203125 0.75732421875 0.1064453125 0.0576171875
0 0.89599609375 0.43212890625 0.0634765625 0.0615234375
0 0.900390625 0.2685546875 0.134765625 0.1015625
