0 0.4091796875 0.2568359375 0.150390625 0.095703125
0 0.189453125 0.34765625 0.0390625 0.09765625
0 0.0751953125 0.4130859375 0.052734375 0.080078125
0 0.060546875 0.732421875 0.0625 0.0703125
0 0.3203125 0.6240234375 0.07421875 0.111328125
0 0.482421875 0.8955078125 0.0859375 0.134765625
0 0.6982421875 0.865234375 0.083984375 0.125
0 0.7685546875 0.9677734375 0.111328125 0.064453125
0 0.9658203125 0.982421875 0.064453125 0.03515625
0 0.8056640625 0.3701171875 0.060546875 0.087890625
0 0.9833984375 0.5087890625 0.033203125 0.099609375
0 0.693359375 0.3154296875 0.07421875 0.185546875
0 0.8037109375 0.20703125 0.107421875 0.109375
0 0.9736328125 0.1923828125 0.052734375 0.091796875
0 0.9775390625 0.0595703125 0.044921875 0.099609375
0 0.392578125 0.9638671875 0.09765625 0.072265625
0 0.3291015625 0.9404296875 0.068359375 0.119140625
0 0.6318359375 0.90625 0.080078125 0.1875
0 0.6474609375 0.751953125 0.181640625 0.15234375
0 0.103515625 0.533203125 0.1484375 0.20703125
0 0.138671875 0.03125 0.0703125 0.0625
0 0.4326171875 0.0732421875 0.150390625 0.126953125
0 0.1328125 0.1767578125 0.10546875 0.150390625
0 0.18359375 0.0966796875 0.09765625 0.126953125
0 0.5693359375 0.04296875 0.173828125 0.0859375
