0 0.091796875 0.7587890625 0.041015625 0.0390625
0 0.0205078125 0.28759765625 0.041015625 0.0478515625
0 0.7568359375 0.49755859375 0.07421875 0.0673828125
0 0.86376953125 0.20947265625 0.1025390625 0.0673828125
0 0.83837890625 0.32568359375 0.0732421875 0.0673828125
0 0.6279296875 0.19921875 0.044921875 0.046875
0 0.1376953125 0.92529296875 0.052734375 0.0673828125
0 0.08349609375 0.90185546875 0.0380859375 0.0419921875
0 0.0576171875 0.50732421875 0.107421875 0.0634765625
0 0.5283203125 0.44580078125 0.078125 0.0498046875
0 0.216796875 0.93603515625 0.076171875 0.0634765625
0 0.1396484375 0.3740234375 0.046875 0.048828125
0 0.521484375 0.8759765625 0.05078125 0.076171875
0 0.59326171875 0.2373046875 0.0576171875 0.04296875
0 0.0625 0.43701171875 0.041015625 0.0361328125
0 0.19873046875 0.73681640625 0.0654296875 0.0654296875
0 0.04150390625 0.13232421875 0.0498046875 0.0419921875
0 0.66845703125 0.025390625 0.0517578125 0.04296875
0 0.54296875 0.9765625 0.05078125 0.044921875
