0 0.65771484375 0.73046875 0.0869140625 0.046875
0 0.11181640625 0.46142578125 0.1201171875 0.1259765625
0 0.8271484375 0.380859375 0.201171875 0.18359375
0 0.47314453125 0.6669921875 0.0576171875 0.048828125
0 0.22900390625 0.41259765625 0.1142578125 0.0869140625
0 0.5791015625 0.62841796875 0.07421875 0.1181640625
0 0.41357421875 0.546875 0.0830078125 0.083984375
0 0.60595703125 0.03857421875 0.1630859375 0.0732421875
0 0.6904296875 0.9638671875 0.048828125 0.03515625
0 0.548828125 0.267578125 0.056640625 0.076171875
0 0.740234375 0.8662109375 0.09375 0.08984375
0 0.14697265625 0.76220703125 0.1044921875 0.1240234375
0 0.458984375 0.80078125 0.0703125 0.048828125
0 0.4111328125 0.66943359375 0.048828125 0.0439453125
0 0.92236328125 0.97314453125 0.1044921875 0.0537109375
0 0.5859375 0.361328125 0.103515625 0.072265625
0 0.22412109375 0.5107421875 0.1298828125 0.08203125
0 0.79931640625 0.9697265625 0.1103515625 0.05859375
0 0.71923828125 0.23486328125 0.1396484375 0.0908203125
0 0.072265625 0.29052734375 0.103515625 0.1943359375
0 0.07275390625 0.076171875 0.0849609375 0.14453125
0 0.1337890625 0.970703125 0.1328125 0.05859375
