0 0.50830078125 0.9580078125 0.0400390625 0.083984375
0 0.95556640625 0.880859375 0.0283203125 0.025390625
0 0.5 0.48828125 0.060546875 0.0859375
0 0.3134765625 0.67333984375 0.05859375 0.1162109375
0 0.29052734375 0.8984375 0.0439453125 0.10546875
0 0.47265625 0.32861328125 0.083984375 0.0419921875
0 0.29150390625 0.85498046875 0.0712890625 0.0341796875
0 0.84619140625 0.1591796875 0.0517578125 0.16015625
0 0.45361328125 0.20263671875 0.0498046875 0.1162109375
0 0.66162109375 0.04443359375 0.0634765625 0.0830078125
0 0.69921875 0.384765625 0.087890625 0.048828125
0 0.1875 0.4287109375 0.08984375 0.1171875
0 0.5908203125 0.60546875 0.0390625 0.04296875
0 0.92578125 0.5830078125 0.060546875 0.15625
0 0.4697265625 0.09912109375 0.046875 0.1201171875
0 0.4033203125 0.3642578125 0.0703125 0.046875
0 0.5859375 0.54443359375 0.04296875 0.0458984375
0 0.55859375 0.5390625 0.04296875 0.083984375
0 0.62353515625 0.2607421875 0.0810546875 0.07421875
0 0.5205078125 0.55517578125 0.048828125 0.0810546875
0 0.62646484375 0.171875 0.0615234375 0.0546875
0 0.03564453125 0.986328125 0.0712890625 0.02734375
0 0.7294921875 0.919921875 0.060546875 0.16015625
0 0.640625 0.55712890625 0.056640625 0.1357421875
0 0.79931640625 0.77099609375 0.1064453125 0.0751953125
0 0.02490234375 0.90869140625 0.0439453125 0.0419921875
0 0.4287109375 0.73193359375 0.068359375 0.1044921875
0 0.87109375 0.09326171875 0.041015625 0.1103515625
0 0.361328125 0.5712890625 0.0625 0.095703125
0 0.91943359375 0.775390625 0.0498046875 0.072265625
0 0.197265625 0.71826171875 0.060546875 0.0634765625
0 0.19580078125 0.34375 0.0400390625 0.07421875
0 0.07177734375 0.16845703125 0.0712890625 0.0693359375
0 0.2861328125 0.07421875 0.12109375 0.115234375
0 0.3671875 0.4267578125 0.056640625 0.0390625
0 0.75244140625 0.0556640625 0.0615234375 0.111328125
0 0.37451171875 0.60791015625 0.0634765625 0.0791015625
0 0.82275390625 0.6484375 0.0908203125 0.087890625
0 0.3427734375 0.19482421875 0.119140625 0.1220703125
0 0.1435546875 0.04443359375 0.09375 0.0888671875
0 0.34130859375 0.96923828125 0.0380859375 0.0595703125
0 0.3369140625 0.50439453125 0.06640625 0.0634765625
0 0.43408203125 0.041015625 0.0517578125 0.080078125
0 0.66552734375 0.49365234375 0.0537109375 0.1005859375
0 0.2353515625 0.61572265625 0.046875 0.0791015625
0 0.76220703125 0.6845703125 0.0283203125 0.05078125
0 0.97021484375 0.18359375 0.0595703125 0.09375
0 0.1455078125 0.197265625 0.072265625 0.091796875
0 0.20654296875 0.20556640625 0.0361328125 0.0517578125
0 0.56494140625 0.81787109375 0.0537109375 0.0458984375
0 0.01953125 0.640625 0.037109375 0.0625
0 0.763671875 0.11767578125 0.056640625 0.1708984375
0 0.04052734375 0.4365234375 0.0751953125 0.119140625
