0 0.03369140625 0.97705078125 0.0673828125 0.0458984375
0 0.34228515625 0.5078125 0.0634765625 0.123046875
0 0.15576171875 0.37890625 0.0576171875 0.0625
0 0.3427734375 0.28955078125 0.056640625 0.0947265625
0 0.49560546875 0.037109375 0.0654296875 0.060546875
0 0.57666015625 0.7451171875 0.0673828125 0.109375
0 0.20703125 0.60107421875 0.046875 0.0966796875
0 0.97021484375 0.26416015625 0.0576171875 0.0947265625
0 0.78759765625 0.21875 0.1220703125 0.091796875
0 0.10693359375 0.251953125 0.0693359375 0.060546875
0 0.3251953125 0.951171875 0.087890625 0.052734375
0 0.18408203125 0.30078125 0.0576171875 0.05859375
0 0.1552734375 0.0224609375 0.064453125 0.04296875
0 0.52099609375 0.54150390625 0.0791015625 0.1044921875
0 0.189453125 0.5078125 0.169921875 0.052734375
0 0.97021484375 0.60009765625 0.0595703125 0.1083984375
0 0.46826171875 0.177734375 0.0419921875 0.046875
0 0.9267578125 0.90478515625 0.083984375 0.0673828125
0 0.15380859375 0.7529296875 0.0927734375 0.1640625
0 0.92529296875 0.7353515625 0.0478515625 0.064453125
0 0.419921875 0.52197265625 0.048828125 0.0791015625
0 0.6650390625 0.0859375 0.06640625 0.06640625
0 0.0400390625 0.59375 0.080078125 0.181640625
0 0.326171875 0.71044921875 0.052734375 0.0791015625
0 0.478515625 0.7802734375 0.09375 0.125
0 0.6064453125 0.4931640625 0.0546875 0.099609375
0 0.9521484375 0.9775390625 0.095703125 0.044921875
0 0.2783203125 0.14208984375 0.0546875 0.0947265625
0 0.486328125 0.22119140625 0.109375 0.0517578125
0 0.90771484375 0.05322265625 0.0947265625 0.1064453125
0 0.08203125 0.37353515625 0.0546875 0.1298828125
0 0.576171875 0.06005859375 0.048828125 0.0517578125
0 0.4033203125 0.322265625 0.046875 0.060546875
0 0.4267578125 0.86474609375 0.232421875 0.0927734375
0 0.65966796875 0.33544921875 0.0673828125 0.0693359375
0 0.2421875 0.79248046875 0.064453125 0.1044921875
0 0.283203125 0.52587890625 0.125 0.2958984375
0 0.798828125 0.5859375 0.07421875 0.05859375
0 0.73193359375 0.78662109375 0.0556640625 0.0595703125
0 0.69287109375 0.48486328125 0.0986328125 0.2216796875
0 0.58154296875 0.64599609375 0.0615234375 0.1005859375
0 0.9462890625 0.20263671875 0.041015625 0.0380859375
0 0.5302734375 0.96630859375 0.154296875 0.0634765625
0 0.76806640625 0.97412109375 0.0830078125 0.0498046875
0 0.943359375 0.388671875 0.11328125 0.0859375
0 0.0908203125 0.978515625 0.068359375 0.0390625
0 0.734375 0.0673828125 0.046875 0.064453125
