0 0.6142578125 0.1318359375 0.068359375 0.11328125
0 0.869140625 0.6875 0.068359375 0.087890625
0 0.67919921875 0.92529296875 0.0595703125 0.1494140625
0 0.2333984375 0.962890625 0.06640625 0.072265625
0 0.43408203125 0.64453125 0.0712890625 0.06640625
0 0.18359375 0.4619140625 0.109375 0.044921875
0 0.876953125 0.46630859375 0.060546875 0.1396484375
0 0.52685546875 0.84765625 0.0849609375 0.087890625
0 0.80615234375 0.10595703125 0.0654296875 0.0791015625
0 0.47119140625 0.7294921875 0.1005859375 0.091796875
0 0.6845703125 0.20849609375 0.064453125 0.0673828125
0 0.33837890625 0.40966796875 0.0830078125 0.0732421875
0 0.3232421875 0.74560546875 0.052734375 0.0732421875
0 0.70361328125 0.484375 0.0810546875 0.154296875
0 0.40185546875 0.548828125 0.0732421875 0.087890625
0 0.6962890625 0.32763671875 0.056640625 0.1123046875
0 0.5830078125 0.56640625 0.06640625 0.0546875
0 0.76806640625 0.32568359375 0.0947265625 0.0576171875
0 0.7763671875 0.20556640625 0.041015625 0.0556640625
0 0.33203125 0.8623046875 0.0859375 0.0703125
0 0.220703125 0.7705078125 0.078125 0.076171875
0 0.67138671875 0.67626953125 0.0888671875 0.0947265625
0 0.419921875 0.90283203125 0.05859375 0.1220703125
0 0.83642578125 0.82861328125 0.0595703125 0.0673828125
0 0.84716796875 0.1904296875 0.0595703125 0.0625
0 0.34912109375 0.94873046875 0.0595703125 0.1025390625
0 0.103515625 0.37353515625 0.103515625 0.0888671875
0 0.525390625 0.02978515625 0.048828125 0.0419921875
0 0.49951171875 0.18017578125 0.0869140625 0.1240234375
0 0.634765625 0.447265625 0.064453125 0.13671875
0 0.87646484375 0.29296875 0.1923828125 0.1328125
0 0.919921875 0.92138671875 0.06640625 0.1240234375
0 0.0732421875 0.84521484375 0.111328125 0.1474609375
0 0.9306640625 0.732421875 0.060546875 0.068359375
0 0.126953125 0.6259765625 0.05859375 0.09375
0 0.1669921875 0.63818359375 0.068359375 0.0693359375
0 0.068359375 0.70751953125 0.103515625 0.0556640625
0 0.17919921875 0.53076171875 0.1201171875 0.0673828125
0 0.345703125 0.6298828125 0.076171875 0.099609375
0 0.5703125 0.771484375 0.052734375 0.048828125
0 0.611328125 0.85107421875 0.0703125 0.0751953125
0 0.35400390625 0.095703125 0.0986328125 0.09375
0 0.22607421875 0.17724609375 0.0947265625 0.0673828125
0 0.205078125 0.876953125 0.103515625 0.091796875
0 0.5615234375 0.4873046875 0.09375 0.0546875
0 0.12646484375 0.88134765625 0.0634765625 0.1064453125
0 0.98291015625 0.177734375 0.0302734375 0.09765625
0 0.80859375 0.04296875 0.072265625 0.0859375
0 0.06591796875 0.109375 0.1318359375 0.06640625
0 0.3564453125 0.1533203125 0.044921875 0.05859375
0 0.01708984375 0.76025390625 0.0341796875 0.0595703125
0 0.4208984375 0.96728515625 0.078125 0.0654296875
0 0.96337890625 0.77294921875 0.0517578125 0.0927734375
0 0.77734375 0.763671875 0.095703125 0.087890625
0 0.12744140625 0.1494140625 0.1201171875 0.0546875
0 0.96435546875 0.9736328125 0.0654296875 0.052734375
