0 0.22607421875 0.63916015625 0.0927734375 0.0751953125
0 0.30322265625 0.58447265625 0.0732421875 0.0849609375
0 0.41650390625 0.0673828125 0.0908203125 0.134765625
0 0.3740234375 0.37939453125 0.0703125 0.0927734375
0 0.58984375 0.29296875 0.076171875 0.1015625
0 0.34326171875 0.05859375 0.0791015625 0.1171875
0 0.29931640625 0.36669921875 0.0810546875 0.0869140625
0 0.2587890625 0.81494140625 0.134765625 0.0771484375
0 0.61083984375 0.94873046875 0.1533203125 0.1025390625
0 0.46484375 0.7919921875 0.115234375 0.185546875
0 0.29541015625 0.07666015625 0.0947265625 0.1357421875
0 0.76318359375 0.486328125 0.1728515625 0.115234375
0 0.8974609375 0.4658203125 0.09375 0.09375
0 0.0166015625 0.64697265625 0.033203125 0.0595703125
0 0.0947265625 0.4658203125 0.14453125 0.123046875
0 0.80126953125 0.546875 0.1455078125 0.099609375
0 0.50048828125 0.5693359375 0.0830078125 0.119140625
0 0.67333984375 0.4052734375 0.1005859375 0.087890625
0 0.4970703125 0.458984375 0.087890625 0.091796875
0 0.07763671875 0.822265625 0.1513671875 0.12109375
0 0.72802734375 0.15380859375 0.1416015625 0.1494140625
0 0.33056640625 0.8046875 0.0888671875 0.0703125
0 0.21044921875 0.9755859375 0.1728515625 0.044921875
0 0.25048828125 0.10791015625 0.1025390625 0.1826171875
