0 0.32421875 0.8466796875 0.052734375 0.044921875
0 0.03173828125 0.56298828125 0.0595703125 0.0478515625
0 0.9111328125 0.68359375 0.08203125 0.060546875
0 0.64208984375 0.27783203125 0.0791015625 0.0400390625
0 0.60009765625 0.46142578125 0.0400390625 0.0458984375
0 0.294921875 0.59619140625 0.0390625 0.0517578125
0 0.40087890625 0.48095703125 0.0458984375 0.0380859375
0 0.4404296875 0.1953125 0.05078125 0.0546875
0 0.79150390625 0.73486328125 0.0595703125 0.0634765625
0 0.1435546875 0.88134765625 0.11328125 0.1572265625
0 0.72021484375 0.38818359375 0.0673828125 0.0615234375
0 0.794921875 0.13720703125 0.048828125 0.0673828125
0 0.4287109375 0.1376953125 0.064453125 0.048828125
0 0.6064453125 0.16064453125 0.0546875 0.0439453125
0 0.52587890625 0.23681640625 0.1064453125 0.0537109375
0 0.5693359375 0.72509765625 0.046875 0.0498046875
0 0.95361328125 0.1259765625 0.0810546875 0.0625
0 0.3681640625 0.65673828125 0.08203125 0.0419921875
0 0.25244140625 0.30029296875 0.0478515625 0.0517578125
0 0.17333984375 0.751953125 0.0478515625 0.033203125
0 0.0234375 0.3134765625 0.046875 0.04296875
0 0.57763671875 0.029296875 0.0849609375 0.05859375
0 0.34619140625 0.021484375 0.0166015625 0.029296875
0 0.16162109375 0.560546875 0.0439453125 0.052734375
0 0.83056640625 0.5908203125 0.0537109375 0.05078125
0 0.5576171875 0.8896484375 0.0625 0.05859375
0 0.68896484375 0.419921875 0.0498046875 0.05078125
0 0.6162109375 0.5419921875 0.06640625 0.080078125
0 0.365234375 0.748046875 0.072265625 0.07421875
0 0.97412109375 0.78271484375 0.0517578125 0.0634765625
0 0.78466796875 0.3056640625 0.0478515625 0.044921875
0 0.34619140625 0.39794921875 0.0419921875 0.0419921875
0 0.7802734375 0.826171875 0.078125 0.064453125
0 0.759765625 0.65380859375 0.056640625 0.0263671875
0 0.38330078125 0.51025390625 0.0439453125 0.0302734375
0 0.771484375 0.0390625 0.04296875 0.076171875
0 0.26318359375 0.8525390625 0.1083984375 0.11328125
0 0.69140625 0.34814453125 0.056640625 0.0439453125
0 0.59423828125 0.6279296875 0.0576171875 0.033203125
0 0.4130859375 0.40771484375 0.029296875 0.0361328125
0 0.4443359375 0.345703125 0.068359375 0.0625
0 0.615234375 0.703125 0.0703125 0.064453125
0 0.8134765625 0.02392578125 0.0390625 0.0478515625
0 0.25146484375 0.4892578125 0.0751953125 0.05078125
