0 0.0439453125 0.16015625 0.056640625 0.06640625
0 0.2978515625 0.2861328125 0.044921875 0.087890625
0 0.2568359375 0.2607421875 0.083984375 0.111328125
0 0.5400390625 0.2392578125 0.064453125 0.072265625
0 0.5283203125 0.291015625 0.134765625 0.09765625
0 0.7138671875 0.125 0.087890625 0.08203125
0 0.845703125 0.458984375 0.0703125 0.05859375
0 0.6767578125 0.4833984375 0.080078125 0.111328125
0 0.9814453125 0.2666015625 0.037109375 0.060546875
0 0.943359375 0.345703125 0.11328125 0.125
0 0.7021484375 0.83984375 0.072265625 0.0859375
0 0.421875 0.7197265625 0.10546875 0.087890625
0 0.916015625 0.6826171875 0.0703125 0.076171875
0 0.9697265625 0.7041015625 0.060546875 0.072265625
0 0.900390625 0.0986328125 0.078125 0.076171875
0 0.888671875 0.0361328125 0.12890625 0.072265625
0 0.341796875 0.046875 0.1484375 0.09375
0 0.1767578125 0.142578125 0.193359375 0.109375
0 0.259765625 0.0751953125 0.16015625 0.130859375
0 0.45703125 0.92578125 0.08203125 0.1484375
0 0.1640625 0.96875 0.09765625 0.0625
0 0.0166015625 0.7333984375 0.033203125 0.087890625
0 0.0634765625 0.7578125 0.076171875 0.09765625
0 0.1025390625 0.7861328125 0.142578125 0.099609375
0 0.037109375 0.8603515625 0.07421875 0.126953125
0 0.6689453125 0.748046875 0.080078125 0.0703125
