0 0.697265625 0.0166015625 0.0859375 0.033203125
0 0.8984375 0.07421875 0.1015625 0.0859375
0 0.5263671875 0.099609375 0.060546875 0.08203125
0 0.3671875 0.125 0.08203125 0.0703125
0 0.3046875 0.0673828125 0.078125 0.111328125
0 0.240234375 0.0322265625 0.0703125 0.064453125
0 0.8203125 0.3349609375 0.06640625 0.083984375
0 0.75 0.34765625 0.1015625 0.07421875
0 0.9638671875 0.333984375 0.072265625 0.0625
0 0.9736328125 0.482421875 0.052734375 0.12890625
0 0.9140625 0.5029296875 0.06640625 0.068359375
0 0.9716796875 0.6328125 0.056640625 0.05859375
0 0.982421875 0.7197265625 0.03515625 0.080078125
0 0.921875 0.7080078125 0.1171875 0.130859375
0 0.78515625 0.71484375 0.09765625 0.078125
0 0.6796875 0.59765625 0.0859375 0.1015625
0 0.6455078125 0.7021484375 0.076171875 0.083984375
0 0.6201171875 0.7431640625 0.072265625 0.083984375
0 0.521484375 0.693359375 0.07421875 0.08984375
0 0.4775390625 0.724609375 0.123046875 0.09765625
0 0.466796875 0.744140625 0.1171875 0.07421875
0 0.7119140625 0.802734375 0.083984375 0.06640625
0 0.6552734375 0.8828125 0.119140625 0.1171875
0 0.4453125 0.5546875 0.109375 0.09375
0 0.4267578125 0.4990234375 0.083984375 0.072265625
0 0.0537109375 0.4599609375 0.064453125 0.095703125
0 0.0166015625 0.4482421875 0.033203125 0.068359375
0 0.2353515625 0.525390625 0.111328125 0.0859375
0 0.16796875 0.7421875 0.1171875 0.08984375
0 0.12890625 0.69921875 0.0546875 0.06640625
0 0.125 0.798828125 0.1171875 0.06640625
0 0.044921875 0.775390625 0.08984375 0.1015625
0 0.1103515625 0.89453125 0.107421875 0.203125
0 0.4541015625 0.09765625 0.076171875 0.05859375
