0 0.77880859375 0.88916015625 0.1435546875 0.1083984375
0 0.2353515625 0.39990234375 0.064453125 0.1123046875
0 0.5107421875 0.95458984375 0.12109375 0.0908203125
0 0.474609375 0.04150390625 0.09765625 0.0830078125
0 0.18212890625 0.2705078125 0.0673828125 0.111328125
0 0.21533203125 0.14306640625 0.0869140625 0.0654296875
0 0.68408203125 0.705078125 0.1298828125 0.16015625
0 0.78271484375 0.15283203125 0.0751953125 0.0634765625
0 0.337890625 0.95068359375 0.138671875 0.0751953125
0 0.71240234375 0.2998046875 0.1005859375 0.10546875
0 0.900390625 0.61474609375 0.11328125 0.1669921875
0 0.0810546875 0.5185546875 0.111328125 0.1953125
0 0.80419921875 0.052734375 0.1103515625 0.07421875
0 0.8203125 0.4853515625 0.09375 0.103515625
0 0.19580078125 0.5888671875 0.1044921875 0.103515625
0 0.31640625 0.33935546875 0.080078125 0.1611328125
0 0.71484375 0.54052734375 0.091796875 0.0810546875
0 0.3193359375 0.84375 0.08984375 0.099609375
0 0.357421875 0.2529296875 0.12890625 0.107421875
0 0.080078125 0.279296875 0.0859375 0.1328125
0 0.4658203125 0.89599609375 0.107421875 0.0751953125
0 0.419921875 0.25439453125 0.1328125 0.1806640625
0 0.26904296875 0.076171875 0.1044921875 0.080078125
0 0.072265625 0.97607421875 0.095703125 0.0478515625
0 0.4072265625 0.513671875 0.1015625 0.15234375
0 0.08984375 0.0224609375 0.087890625 0.044921875
