0 0.8212890625 0.916015625 0.08203125 0.068359375
0 0.98486328125 0.89453125 0.0302734375 0.0859375
0 0.994140625 0.94384765625 0.01171875 0.0654296875
0 0.869140625 0.64453125 0.037109375 0.109375
0 0.88818359375 0.822265625 0.0380859375 0.048828125
0 0.71435546875 0.8330078125 0.0771484375 0.048828125
0 0.67138671875 0.79931640625 0.0693359375 0.0419921875
0 0.96826171875 0.1953125 0.0634765625 0.046875
0 0.85791015625 0.1904296875 0.0498046875 0.076171875
0 0.75146484375 0.12939453125 0.0732421875 0.0634765625
0 0.87060546875 0.40087890625 0.0478515625 0.0634765625
0 0.912109375 0.34814453125 0.07421875 0.0556640625
0 0.98583984375 0.4638671875 0.0283203125 0.060546875
0 0.7138671875 0.5859375 0.107421875 0.134765625
0 0.73681640625 0.466796875 0.0537109375 0.0625
0 0.69970703125 0.3720703125 0.0693359375 0.056640625
0 0.65966796875 0.439453125 0.0537109375 0.07421875
0 0.61279296875 0.35791015625 0.0458984375 0.0498046875
0 0.56201171875 0.314453125 0.0654296875 0.041015625
0 0.60986328125 0.22509765625 0.0712890625 0.0517578125
0 0.45556640625 0.2646484375 0.0791015625 0.041015625
0 0.27001953125 0.56982421875 0.0595703125 0.0751953125
0 0.2197265625 0.5576171875 0.046875 0.0625
0 0.19384765625 0.5087890625 0.0634765625 0.03515625
0 0.119140625 0.552734375 0.06640625 0.041015625
0 0.1787109375 0.36669921875 0.109375 0.0419921875
0 0.255859375 0.26708984375 0.056640625 0.0380859375
0 0.15771484375 0.2451171875 0.0361328125 0.037109375
0 0.21337890625 0.2197265625 0.0458984375 0.037109375
0 0.279296875 0.205078125 0.111328125 0.060546875
0 0.55615234375 0.19091796875 0.0537109375 0.0458984375
0 0.19091796875 0.12890625 0.0556640625 0.07421875
0 0.69580078125 0.0966796875 0.0283203125 0.048828125
0 0.81689453125 0.59765625 0.0986328125 0.056640625
0 0.91845703125 0.53662109375 0.0634765625 0.0732421875
0 0.623046875 0.70068359375 0.125 0.0615234375
0 0.42626953125 0.73095703125 0.0458984375 0.0634765625
0 0.51220703125 0.63037109375 0.1044921875 0.0439453125
0 0.66015625 0.64892578125 0.1015625 0.1044921875
0 0.38916015625 0.6953125 0.0595703125 0.046875
0 0.18603515625 0.84716796875 0.0576171875 0.0966796875
0 0.2705078125 0.80322265625 0.048828125 0.0673828125
0 0.87841796875 0.78466796875 0.0341796875 0.0908203125
0 0.943359375 0.392578125 0.0390625 0.0546875
0 0.80419921875 0.6240234375 0.0458984375 0.025390625
0 0.53857421875 0.4775390625 0.0263671875 0.021484375
0 0.6689453125 0.095703125 0.02734375 0.060546875
0 0.458984375 0.20849609375 0.03515625 0.0263671875
0 0.341796875 0.2314453125 0.037109375 0.046875
0 0.38134765625 0.09033203125 0.1044921875 0.0595703125
0 0.4228515625 0.078125 0.06640625 0.037109375
0 0.64306640625 0.197265625 0.0537109375 0.05859375
0 0.60791015625 0.10595703125 0.0458984375 0.0419921875
0 0.17529296875 0.55517578125 0.0634765625 0.0615234375
0 0.13232421875 0.79052734375 0.0771484375 0.0458984375
0 0.94775390625 0.3076171875 0.0615234375 0.068359375
0 0.27587890625 0.24755859375 0.0810546875 0.0380859375
0 0.12744140625 0.32177734375 0.0517578125 0.0478515625
0 0.40625 0.27783203125 0.033203125 0.0400390625
