0 0.3017578125 0.2666015625 0.080078125 0.080078125
0 0.89208984375 0.1044921875 0.0869140625 0.107421875
0 0.39892578125 0.28076171875 0.0947265625 0.1103515625
0 0.59375 0.49755859375 0.1328125 0.1591796875
0 0.6669921875 0.12646484375 0.1484375 0.1474609375
0 0.05224609375 0.669921875 0.0712890625 0.056640625
0 0.828125 0.25927734375 0.072265625 0.1103515625
0 0.30615234375 0.974609375 0.0849609375 0.05078125
0 0.1083984375 0.64453125 0.07421875 0.052734375
0 0.84765625 0.3271484375 0.0625 0.08984375
0 0.09326171875 0.78466796875 0.0791015625 0.1123046875
0 0.0224609375 0.49169921875 0.044921875 0.1044921875
0 0.244140625 0.04345703125 0.064453125 0.0830078125
0 0.97900390625 0.08203125 0.0419921875 0.099609375
0 0.49853515625 0.1796875 0.0908203125 0.1171875
