0 0.05078125 0.05078125 0.1015625 0.1015625
0 0.1826171875 0.0263671875 0.0546875 0.046875
0 0.16796875 0.0771484375 0.0625 0.064453125
0 0.31591796875 0.1171875 0.0322265625 0.056640625
0 0.31103515625 0.1591796875 0.0244140625 0.05859375
0 0.259765625 0.21923828125 0.05078125 0.0712890625
0 0.32421875 0.28369140625 0.0546875 0.0556640625
0 0.41943359375 0.23583984375 0.0927734375 0.1083984375
0 0.01513671875 0.1103515625 0.0302734375 0.09375
0 0.07568359375 0.1796875 0.0244140625 0.07421875
0 0.021484375 0.1884765625 0.03125 0.056640625
0 0.21484375 0.39111328125 0.0546875 0.0908203125
0 0.25830078125 0.40185546875 0.0556640625 0.0634765625
0 0.2138671875 0.45556640625 0.0390625 0.0576171875
0 0.25048828125 0.45849609375 0.0419921875 0.0556640625
0 0.21484375 0.5537109375 0.060546875 0.06640625
0 0.28515625 0.560546875 0.068359375 0.052734375
0 0.30517578125 0.509765625 0.0439453125 0.07421875
0 0.2421875 0.6708984375 0.05078125 0.041015625
0 0.30322265625 0.71923828125 0.0576171875 0.0771484375
0 0.13232421875 0.85546875 0.0517578125 0.04296875
0 0.28662109375 0.84716796875 0.0498046875 0.0439453125
0 0.1474609375 0.9580078125 0.09375 0.083984375
0 0.22705078125 0.94873046875 0.1005859375 0.0537109375
0 0.45166015625 0.93798828125 0.0830078125 0.0439453125
0 0.45361328125 0.98193359375 0.1162109375 0.0361328125
0 0.33349609375 0.9873046875 0.0478515625 0.025390625
0 0.408203125 0.56982421875 0.064453125 0.0595703125
0 0.5068359375 0.63330078125 0.048828125 0.0771484375
0 0.462890625 0.64208984375 0.048828125 0.0400390625
0 0.482421875 0.74951171875 0.0546875 0.0732421875
0 0.50537109375 0.7060546875 0.0380859375 0.041015625
0 0.51953125 0.73388671875 0.03125 0.0361328125
0 0.62646484375 0.83251953125 0.0380859375 0.0419921875
0 0.5810546875 0.90087890625 0.046875 0.0498046875
0 0.54833984375 0.8916015625 0.0263671875 0.044921875
0 0.52783203125 0.9443359375 0.0478515625 0.0390625
0 0.572265625 0.96044921875 0.048828125 0.0439453125
0 0.54052734375 0.98193359375 0.0439453125 0.0361328125
0 0.66748046875 0.7119140625 0.1201171875 0.109375
0 0.71435546875 0.720703125 0.0537109375 0.07421875
0 0.66162109375 0.4189453125 0.0576171875 0.048828125
0 0.50146484375 0.2607421875 0.0712890625 0.1171875
0 0.64501953125 0.32958984375 0.0478515625 0.0869140625
0 0.51708984375 0.03662109375 0.0439453125 0.0673828125
0 0.51123046875 0.0869140625 0.0634765625 0.060546875
0 0.57080078125 0.171875 0.0732421875 0.12109375
0 0.6669921875 0.197265625 0.0546875 0.078125
0 0.6162109375 0.06103515625 0.064453125 0.1220703125
0 0.712890625 0.02978515625 0.048828125 0.0595703125
0 0.7998046875 0.033203125 0.05078125 0.06640625
0 0.81689453125 0.19677734375 0.0380859375 0.0380859375
0 0.8974609375 0.04833984375 0.0546875 0.0966796875
0 0.8154296875 0.32421875 0.037109375 0.048828125
0 0.88818359375 0.15966796875 0.0380859375 0.0751953125
0 0.7958984375 0.4345703125 0.123046875 0.0625
0 0.9140625 0.3203125 0.04296875 0.04296875
0 0.95361328125 0.30029296875 0.0517578125 0.0478515625
0 0.9677734375 0.048828125 0.04296875 0.056640625
0 0.96435546875 0.12939453125 0.0439453125 0.0556640625
0 0.9580078125 0.1806640625 0.0625 0.07421875
0 0.96435546875 0.37890625 0.0693359375 0.044921875
0 0.97314453125 0.52783203125 0.0380859375 0.0478515625
0 0.9677734375 0.4619140625 0.060546875 0.111328125
0 0.85107421875 0.50927734375 0.0400390625 0.0498046875
0 0.833984375 0.5537109375 0.064453125 0.076171875
0 0.95068359375 0.654296875 0.0439453125 0.04296875
0 0.99169921875 0.72314453125 0.0166015625 0.0556640625
0 0.9013671875 0.67333984375 0.033203125 0.0712890625
0 0.86669921875 0.6279296875 0.0302734375 0.05859375
0 0.84033203125 0.67529296875 0.0380859375 0.0341796875
0 0.84814453125 0.7568359375 0.0537109375 0.0703125
0 0.86767578125 0.833984375 0.0380859375 0.0546875
0 0.95654296875 0.9375 0.0654296875 0.0390625
0 0.95751953125 0.97900390625 0.0400390625 0.0419921875
0 0.90478515625 0.96533203125 0.0478515625 0.0673828125
0 0.826171875 0.9580078125 0.03515625 0.044921875
0 0.8095703125 0.93212890625 0.0390625 0.0419921875
0 0.51123046875 0.337890625 0.0517578125 0.04296875
0 0.5625 0.45068359375 0.052734375 0.0634765625
0 0.3271484375 0.0390625 0.02734375 0.0390625
0 0.60986328125 0.728515625 0.0263671875 0.029296875
0 0.27734375 0.20849609375 0.05078125 0.0693359375
0 0.32958984375 0.70947265625 0.0380859375 0.0302734375
0 0.31591796875 0.84375 0.0341796875 0.0234375
0 0.236328125 0.50927734375 0.06640625 0.0458984375
0 0.20654296875 0.1044921875 0.0673828125 0.076171875
0 0.3818359375 0.97998046875 0.06640625 0.0400390625
