0 0.818359375 0.64208984375 0.095703125 0.1318359375
0 0.9873046875 0.54833984375 0.025390625 0.0341796875
0 0.44873046875 0.36669921875 0.0654296875 0.1513671875
0 0.548828125 0.68896484375 0.138671875 0.2744140625
0 0.85400390625 0.9560546875 0.1064453125 0.076171875
0 0.0341796875 0.87353515625 0.05859375 0.0322265625
0 0.16259765625 0.19970703125 0.0888671875 0.0751953125
0 0.3818359375 0.32080078125 0.12890625 0.1728515625
0 0.04443359375 0.12890625 0.0888671875 0.087890625
0 0.6201171875 0.49609375 0.087890625 0.115234375
0 0.97509765625 0.39990234375 0.0498046875 0.0634765625
0 0.1640625 0.02001953125 0.076171875 0.0400390625
0 0.02978515625 0.61572265625 0.0595703125 0.1123046875
0 0.44775390625 0.7783203125 0.1298828125 0.130859375
0 0.2490234375 0.50830078125 0.08984375 0.2216796875
0 0.94775390625 0.9228515625 0.0986328125 0.056640625
0 0.4482421875 0.48193359375 0.083984375 0.0634765625
0 0.28564453125 0.78515625 0.0986328125 0.162109375
0 0.42431640625 0.0283203125 0.0712890625 0.056640625
0 0.0302734375 0.2841796875 0.060546875 0.0546875
0 0.32421875 0.64306640625 0.126953125 0.1201171875
0 0.1044921875 0.85205078125 0.1015625 0.0615234375
0 0.939453125 0.65673828125 0.0625 0.1533203125
0 0.11474609375 0.40966796875 0.1962890625 0.0771484375
0 0.97705078125 0.48388671875 0.0419921875 0.0419921875
0 0.0634765625 0.94384765625 0.126953125 0.0732421875
0 0.72802734375 0.8125 0.1044921875 0.134765625
0 0.09228515625 0.75244140625 0.1083984375 0.0908203125
0 0.1044921875 0.5244140625 0.126953125 0.0703125
0 0.84326171875 0.36181640625 0.1240234375 0.0986328125
0 0.51416015625 0.927734375 0.0732421875 0.14453125
0 0.2333984375 0.15478515625 0.05859375 0.1162109375
