0 0.7451171875 0.03955078125 0.02734375 0.0791015625
0 0.8720703125 0.107421875 0.224609375 0.21484375
0 0.974609375 0.2109375 0.048828125 0.14453125
0 0.8251953125 0.45166015625 0.1953125 0.1533203125
0 0.90771484375 0.4736328125 0.1025390625 0.2265625
0 0.84228515625 0.56982421875 0.3056640625 0.3720703125
0 0.99072265625 0.6259765625 0.0166015625 0.095703125
0 0.96337890625 0.59765625 0.0712890625 0.203125
0 0.8330078125 0.72900390625 0.251953125 0.2431640625
0 0.74267578125 0.595703125 0.2626953125 0.28125
0 0.6650390625 0.6533203125 0.123046875 0.0546875
0 0.8974609375 0.6015625 0.04296875 0.029296875
0 0.68212890625 0.421875 0.0595703125 0.10546875
0 0.85546875 0.89794921875 0.2890625 0.0986328125
0 0.92041015625 0.970703125 0.1572265625 0.046875
0 0.6494140625 0.482421875 0.216796875 0.267578125
0 0.61376953125 0.43798828125 0.0869140625 0.4033203125
0 0.67822265625 0.09814453125 0.0712890625 0.1962890625
0 0.55517578125 0.7880859375 0.2314453125 0.314453125
0 0.21875 0.7041015625 0.349609375 0.111328125
0 0.04931640625 0.9609375 0.0673828125 0.076171875
0 0.10546875 0.89111328125 0.2109375 0.2158203125
0 0.4951171875 0.9765625 0.123046875 0.037109375
0 0.193359375 0.5966796875 0.38671875 0.07421875
0 0.2861328125 0.6220703125 0.171875 0.046875
0 0.0859375 0.57568359375 0.171875 0.0712890625
0 0.3125 0.521484375 0.25390625 0.10546875
0 0.15283203125 0.474609375 0.3056640625 0.09765625
0 0.060546875 0.18701171875 0.12109375 0.0830078125
0 0.29638671875 0.3525390625 0.1064453125 0.025390625
0 0.2197265625 0.30224609375 0.2890625 0.0791015625
0 0.1015625 0.2548828125 0.203125 0.154296875
0 0.474609375 0.34130859375 0.22265625 0.3134765625
0 0.46533203125 0.14501953125 0.0712890625 0.2822265625
0 0.3203125 0.1611328125 0.130859375 0.078125
0 0.3642578125 0.10595703125 0.166015625 0.0595703125
0 0.47412109375 0.1767578125 0.3291015625 0.2265625
0 0.3544921875 0.0087890625 0.130859375 0.017578125
0 0.98876953125 0.74951171875 0.0205078125 0.0986328125
0 0.7978515625 0.39111328125 0.029296875 0.0595703125
0 0.744140625 0.20361328125 0.1171875 0.2470703125
0 0.19287109375 0.26220703125 0.0634765625 0.0283203125
