0 0.07666015625 0.81201171875 0.0439453125 0.0712890625
0 0.13232421875 0.8583984375 0.0380859375 0.0546875
0 0.36669921875 0.50146484375 0.0537109375 0.0419921875
0 0.80029296875 0.1689453125 0.0458984375 0.05078125
0 0.1787109375 0.10986328125 0.033203125 0.0263671875
0 0.41064453125 0.26513671875 0.0302734375 0.0341796875
0 0.7294921875 0.9677734375 0.05078125 0.056640625
0 0.666015625 0.09765625 0.05078125 0.0390625
0 0.38720703125 0.37255859375 0.0537109375 0.0361328125
0 0.21533203125 0.59228515625 0.0322265625 0.0380859375
0 0.279296875 0.12451171875 0.03515625 0.0341796875
0 0.509765625 0.81787109375 0.064453125 0.0615234375
0 0.0166015625 0.5439453125 0.025390625 0.05078125
0 0.6123046875 0.35205078125 0.068359375 0.0380859375
0 0.90576171875 0.59423828125 0.0732421875 0.0380859375
0 0.42919921875 0.41064453125 0.0419921875 0.0322265625
0 0.43212890625 0.59814453125 0.0595703125 0.0537109375
0 0.41064453125 0.11376953125 0.0380859375 0.0361328125
0 0.50732421875 0.19189453125 0.0634765625 0.0322265625
0 0.2431640625 0.8818359375 0.0390625 0.0546875
0 0.95654296875 0.2177734375 0.0537109375 0.0390625
0 0.1787109375 0.48095703125 0.041015625 0.0361328125
0 0.30908203125 0.65625 0.0302734375 0.0390625
0 0.89306640625 0.1552734375 0.0224609375 0.01953125
0 0.36328125 0.79248046875 0.0234375 0.0322265625
0 0.0439453125 0.48974609375 0.021484375 0.0185546875
0 0.92724609375 0.064453125 0.0419921875 0.044921875
0 0.685546875 0.44873046875 0.0390625 0.0498046875
0 0.373046875 0.42431640625 0.03125 0.0419921875
0 0.5146484375 0.0341796875 0.076171875 0.029296875
0 0.40966796875 0.8681640625 0.0458984375 0.04296875
0 0.0712890625 0.228515625 0.033203125 0.033203125
0 0.4833984375 0.326171875 0.064453125 0.046875
0 0.75048828125 0.33837890625 0.0478515625 0.0634765625
0 0.60546875 0.076171875 0.0546875 0.033203125
0 0.82666015625 0.40283203125 0.0263671875 0.0556640625
0 0.076171875 0.21337890625 0.03515625 0.0302734375
0 0.5537109375 0.0517578125 0.037109375 0.037109375
0 0.58935546875 0.8642578125 0.0517578125 0.060546875
0 0.5078125 0.61279296875 0.037109375 0.0517578125
0 0.2578125 0.52685546875 0.046875 0.0341796875
0 0.154296875 0.3564453125 0.03125 0.029296875
0 0.04443359375 0.32080078125 0.0380859375 0.0439453125
0 0.95849609375 0.71044921875 0.0595703125 0.1005859375
0 0.9521484375 0.88623046875 0.046875 0.0302734375
