0 0.70458984375 0.517578125 0.0556640625 0.076171875
0 0.935546875 0.69873046875 0.078125 0.0712890625
0 0.78076171875 0.3955078125 0.0419921875 0.060546875
0 0.90283203125 0.12890625 0.0673828125 0.091796875
0 0.81396484375 0.0283203125 0.0556640625 0.056640625
0 0.97216796875 0.77197265625 0.0556640625 0.0673828125
0 0.8681640625 0.50537109375 0.072265625 0.1474609375
0 0.73291015625 0.6259765625 0.0576171875 0.052734375
0 0.90576171875 0.44970703125 0.0966796875 0.1044921875
0 0.97314453125 0.9853515625 0.0458984375 0.029296875
0 0.98046875 0.52197265625 0.0390625 0.0791015625
0 0.9052734375 0.65625 0.083984375 0.07421875
0 0.88232421875 0.33349609375 0.0498046875 0.1103515625
0 0.9658203125 0.18798828125 0.068359375 0.1611328125
0 0.95703125 0.5869140625 0.0859375 0.08984375
0 0.92529296875 0.052734375 0.0478515625 0.08984375
0 0.97998046875 0.0595703125 0.0400390625 0.115234375
0 0.96826171875 0.64013671875 0.0361328125 0.0439453125
0 0.95849609375 0.443359375 0.0830078125 0.203125
0 0.9267578125 0.91064453125 0.0625 0.0810546875
0 0.88818359375 0.0537109375 0.0478515625 0.103515625
0 0.82080078125 0.27685546875 0.0576171875 0.1748046875
0 0.78662109375 0.115234375 0.0400390625 0.080078125
0 0.69580078125 0.06396484375 0.0498046875 0.1201171875
0 0.71630859375 0.51220703125 0.0537109375 0.0869140625
0 0.810546875 0.134765625 0.033203125 0.05078125
0 0.85107421875 0.89501953125 0.0634765625 0.0634765625
