0 0.0498046875 0.6708984375 0.099609375 0.107421875
0 0.66259765625 0.029296875 0.0908203125 0.05859375
0 0.19921875 0.71484375 0.109375 0.11328125
0 0.05419921875 0.06396484375 0.0712890625 0.0654296875
0 0.23583984375 0.49462890625 0.0556640625 0.0595703125
0 0.7001953125 0.9755859375 0.0625 0.048828125
0 0.0185546875 0.06396484375 0.037109375 0.0576171875
0 0.0771484375 0.59521484375 0.103515625 0.0498046875
0 0.98193359375 0.783203125 0.0361328125 0.06640625
0 0.0517578125 0.14404296875 0.103515625 0.0732421875
0 0.2236328125 0.85107421875 0.099609375 0.0771484375
0 0.87646484375 0.908203125 0.0322265625 0.046875
0 0.10302734375 0.501953125 0.0732421875 0.046875
0 0.05908203125 0.5302734375 0.0693359375 0.080078125
0 0.20458984375 0.470703125 0.0908203125 0.09765625
0 0.29638671875 0.966796875 0.0908203125 0.064453125
0 0.07568359375 0.40234375 0.0751953125 0.05859375
0 0.38623046875 0.306640625 0.0732421875 0.072265625
0 0.19970703125 0.515625 0.1201171875 0.044921875
0 0.04931640625 0.32421875 0.0908203125 0.142578125
0 0.447265625 0.25244140625 0.1484375 0.0751953125
0 0.3115234375 0.2373046875 0.123046875 0.0625
0 0.923828125 0.953125 0.078125 0.083984375
0 0.705078125 0.4111328125 0.125 0.06640625
0 0.21044921875 0.3017578125 0.1220703125 0.095703125
0 0.27001953125 0.6953125 0.0927734375 0.09375
0 0.28564453125 0.28125 0.0966796875 0.0625
0 0.44580078125 0.67333984375 0.1279296875 0.0615234375
0 0.04052734375 0.443359375 0.0810546875 0.095703125
0 0.2783203125 0.52294921875 0.068359375 0.0537109375
0 0.13916015625 0.45361328125 0.0537109375 0.0771484375
0 0.3212890625 0.6708984375 0.056640625 0.05859375
0 0.30029296875 0.82080078125 0.0771484375 0.0869140625
0 0.96875 0.26513671875 0.0625 0.0498046875
