0 0.2470703125 0.1162109375 0.107421875 0.08984375
0 0.34716796875 0.1240234375 0.1513671875 0.078125
0 0.28173828125 0.181640625 0.0673828125 0.041015625
0 0.50341796875 0.666015625 0.1025390625 0.07421875
0 0.18017578125 0.0166015625 0.0595703125 0.033203125
0 0.169921875 0.28076171875 0.0546875 0.0791015625
0 0.380859375 0.53759765625 0.04296875 0.0439453125
0 0.20849609375 0.7568359375 0.0595703125 0.03125
0 0.17529296875 0.07568359375 0.0712890625 0.0830078125
0 0.0791015625 0.0419921875 0.0625 0.08203125
0 0.3310546875 0.21240234375 0.099609375 0.0791015625
0 0.310546875 0.2841796875 0.060546875 0.078125
0 0.2421875 0.34521484375 0.12109375 0.0986328125
0 0.0205078125 0.34814453125 0.041015625 0.0673828125
0 0.65283203125 0.0947265625 0.1044921875 0.056640625
0 0.72900390625 0.0244140625 0.0693359375 0.048828125
