0 0.27734375 0.380859375 0.064453125 0.044921875
0 0.65087890625 0.865234375 0.1279296875 0.078125
0 0.6884765625 0.38330078125 0.111328125 0.0478515625
0 0.41552734375 0.16259765625 0.0654296875 0.0458984375
0 0.8701171875 0.64892578125 0.04296875 0.0341796875
0 0.5146484375 0.18701171875 0.072265625 0.0537109375
0 0.4326171875 0.56298828125 0.0546875 0.0439453125
0 0.30810546875 0.2158203125 0.0615234375 0.037109375
0 0.26416015625 0.30322265625 0.0517578125 0.0458984375
0 0.16064453125 0.67529296875 0.0751953125 0.0537109375
0 0.396484375 0.03271484375 0.080078125 0.0419921875
0 0.49072265625 0.6640625 0.1435546875 0.08203125
0 0.3916015625 0.869140625 0.08203125 0.0625
0 0.4873046875 0.9775390625 0.15234375 0.04296875
0 0.65185546875 0.0244140625 0.0810546875 0.04296875
0 0.2080078125 0.22900390625 0.05859375 0.0478515625
0 0.529296875 0.87451171875 0.09375 0.0771484375
0 0.224609375 0.1455078125 0.05859375 0.0859375
0 0.453125 0.31884765625 0.0859375 0.0595703125
0 0.48583984375 0.0546875 0.1220703125 0.0703125
0 0.64453125 0.3076171875 0.15234375 0.05859375
0 0.52978515625 0.111328125 0.0986328125 0.041015625
0 0.2021484375 0.4990234375 0.052734375 0.056640625
