0 0.958984375 0.0537109375 0.068359375 0.056640625
0 0.88427734375 0.01708984375 0.0322265625 0.0341796875
0 0.7841796875 0.0263671875 0.126953125 0.052734375
0 0.80810546875 0.21240234375 0.0556640625 0.0712890625
0 0.8876953125 0.181640625 0.04296875 0.0625
0 0.89794921875 0.22509765625 0.0576171875 0.0771484375
0 0.583984375 0.18359375 0.0546875 0.078125
0 0.9873046875 0.236328125 0.025390625 0.08203125
0 0.986328125 0.3359375 0.02734375 0.04296875
0 0.93505859375 0.30615234375 0.0361328125 0.0576171875
0 0.86376953125 0.33203125 0.0283203125 0.0546875
0 0.8974609375 0.32177734375 0.037109375 0.0517578125
0 0.74609375 0.3642578125 0.080078125 0.072265625
0 0.9697265625 0.55224609375 0.044921875 0.0732421875
0 0.88525390625 0.505859375 0.0927734375 0.1015625
0 0.75341796875 0.46826171875 0.0439453125 0.0595703125
0 0.80078125 0.61865234375 0.0390625 0.0517578125
0 0.8408203125 0.6162109375 0.046875 0.0625
0 0.865234375 0.58056640625 0.041015625 0.0439453125
0 0.9853515625 0.705078125 0.029296875 0.0625
0 0.96435546875 0.9111328125 0.0693359375 0.087890625
0 0.904296875 0.79345703125 0.041015625 0.0478515625
0 0.7431640625 0.78076171875 0.095703125 0.0595703125
0 0.81298828125 0.7578125 0.0341796875 0.037109375
0 0.73828125 0.87451171875 0.154296875 0.0869140625
0 0.69482421875 0.61376953125 0.0595703125 0.0517578125
0 0.67724609375 0.73583984375 0.0693359375 0.0830078125
0 0.490234375 0.93115234375 0.033203125 0.0439453125
0 0.4287109375 0.88720703125 0.0625 0.0400390625
0 0.5009765625 0.83349609375 0.044921875 0.0478515625
0 0.48486328125 0.7880859375 0.0498046875 0.033203125
0 0.51416015625 0.73828125 0.0419921875 0.056640625
0 0.53076171875 0.67724609375 0.0244140625 0.0302734375
0 0.60498046875 0.64697265625 0.0634765625 0.0400390625
0 0.4482421875 0.6826171875 0.05078125 0.04296875
0 0.4384765625 0.70849609375 0.033203125 0.0166015625
0 0.36572265625 0.6884765625 0.0634765625 0.068359375
0 0.318359375 0.6748046875 0.05078125 0.037109375
0 0.35302734375 0.7734375 0.0791015625 0.056640625
0 0.37646484375 0.498046875 0.0966796875 0.06640625
0 0.59912109375 0.6015625 0.0400390625 0.048828125
0 0.484375 0.59716796875 0.05859375 0.0439453125
0 0.544921875 0.51953125 0.03515625 0.060546875
0 0.5166015625 0.53466796875 0.046875 0.0673828125
0 0.53076171875 0.59375 0.0341796875 0.037109375
0 0.55419921875 0.61962890625 0.0361328125 0.0419921875
0 0.53515625 0.85986328125 0.052734375 0.0341796875
0 0.94921875 0.6796875 0.0234375 0.025390625
0 0.91650390625 0.68505859375 0.0458984375 0.0517578125
0 0.87109375 0.7412109375 0.029296875 0.037109375
0 0.8701171875 0.68701171875 0.04296875 0.0322265625
0 0.9013671875 0.71728515625 0.04296875 0.0419921875
0 0.8173828125 0.93994140625 0.0234375 0.0458984375
0 0.97216796875 0.9794921875 0.0380859375 0.021484375
0 0.60546875 0.0595703125 0.056640625 0.119140625
0 0.5244140625 0.13134765625 0.0546875 0.1396484375
0 0.4375 0.01123046875 0.04296875 0.0224609375
0 0.337890625 0.02099609375 0.02734375 0.0419921875
0 0.2841796875 0.01806640625 0.037109375 0.0361328125
0 0.1787109375 0.015625 0.021484375 0.03125
0 0.150390625 0.02197265625 0.05859375 0.0439453125
0 0.40673828125 0.3681640625 0.0673828125 0.0625
0 0.49072265625 0.44921875 0.0439453125 0.041015625
0 0.59423828125 0.30517578125 0.0634765625 0.0458984375
0 0.568359375 0.3544921875 0.041015625 0.046875
0 0.43896484375 0.0986328125 0.0869140625 0.037109375
0 0.4140625 0.11376953125 0.078125 0.1318359375
0 0.41796875 0.041015625 0.046875 0.056640625
0 0.0947265625 0.564453125 0.087890625 0.06640625
0 0.0419921875 0.4951171875 0.083984375 0.07421875
0 0.091796875 0.4287109375 0.05078125 0.07421875
0 0.16357421875 0.3994140625 0.0400390625 0.05078125
0 0.2216796875 0.3583984375 0.044921875 0.06640625
0 0.15966796875 0.97412109375 0.0712890625 0.0517578125
0 0.0693359375 0.93359375 0.052734375 0.044921875
0 0.18017578125 0.7451171875 0.0244140625 0.021484375
0 0.22314453125 0.818359375 0.0498046875 0.0546875
0 0.17578125 0.5166015625 0.05078125 0.05078125
0 0.162109375 0.58154296875 0.041015625 0.0419921875
0 0.04052734375 0.02099609375 0.0810546875 0.0419921875
0 0.0263671875 0.037109375 0.052734375 0.052734375
0 0.10107421875 0.076171875 0.0654296875 0.091796875
0 0.22900390625 0.2353515625 0.0341796875 0.0625
0 0.08984375 0.361328125 0.0546875 0.041015625
0 0.19921875 0.8701171875 0.03515625 0.044921875
0 0.16357421875 0.849609375 0.0537109375 0.052734375
0 0.1728515625 0.8056640625 0.05859375 0.04296875
0 0.017578125 0.55810546875 0.033203125 0.0400390625
0 0.34912109375 0.45947265625 0.0595703125 0.0419921875
0 0.2900390625 0.45263671875 0.052734375 0.0888671875
0 0.11962890625 0.33984375 0.0419921875 0.041015625
0 0.12939453125 0.3251953125 0.0458984375 0.037109375
0 0.2607421875 0.35107421875 0.033203125 0.0517578125
0 0.25048828125 0.298828125 0.0224609375 0.05078125
0 0.21875 0.28369140625 0.029296875 0.0400390625
0 0.19189453125 0.26513671875 0.0322265625 0.0478515625
0 0.17138671875 0.2939453125 0.0498046875 0.068359375
0 0.146484375 0.1494140625 0.0546875 0.06640625
0 0.11865234375 0.18603515625 0.0400390625 0.0673828125
0 0.08837890625 0.2177734375 0.0615234375 0.052734375
0 0.08642578125 0.25390625 0.0439453125 0.037109375
0 0.0380859375 0.16162109375 0.076171875 0.0556640625
0 0.5341796875 0.990234375 0.03515625 0.01953125
0 0.9326171875 0.99462890625 0.03125 0.0107421875
0 0.310546875 0.015625 0.03125 0.03125
0 0.181640625 0.57177734375 0.04296875 0.0537109375
0 0.22119140625 0.609375 0.0205078125 0.029296875
0 0.0810546875 0.17236328125 0.041015625 0.0517578125
