0 0.189453125 0.83837890625 0.16796875 0.0908203125
0 0.23876953125 0.61083984375 0.1298828125 0.1044921875
0 0.78759765625 0.54443359375 0.1064453125 0.0869140625
0 0.09228515625 0.27294921875 0.1142578125 0.0517578125
0 0.1982421875 0.025390625 0.09765625 0.05078125
0 0.7744140625 0.97119140625 0.125 0.0576171875
0 0.9580078125 0.28369140625 0.083984375 0.0576171875
0 0.7998046875 0.24462890625 0.11328125 0.0966796875
0 0.09326171875 0.56640625 0.1162109375 0.064453125
0 0.18017578125 0.93115234375 0.1201171875 0.1376953125
0 0.96923828125 0.9560546875 0.0615234375 0.060546875
0 0.96435546875 0.46240234375 0.0712890625 0.0654296875
0 0.19140625 0.41357421875 0.091796875 0.1279296875
0 0.9033203125 0.79638671875 0.193359375 0.1103515625
0 0.90283203125 0.1865234375 0.1279296875 0.0546875
0 0.0458984375 0.02734375 0.091796875 0.048828125
