0 0.353515625 0.23583984375 0.046875 0.0458984375
0 0.94970703125 0.5419921875 0.1005859375 0.07421875
0 0.52294921875 0.38134765625 0.0830078125 0.0634765625
0 0.59375 0.94970703125 0.10546875 0.0830078125
0 0.3134765625 0.4111328125 0.04296875 0.060546875
0 0.76953125 0.68896484375 0.048828125 0.0458984375
0 0.57958984375 0.7021484375 0.1455078125 0.115234375
0 0.3916015625 0.1767578125 0.05859375 0.0703125
0 0.89453125 0.01611328125 0.1015625 0.0302734375
0 0.84716796875 0.6220703125 0.0986328125 0.12890625
0 0.44970703125 0.45751953125 0.0654296875 0.0986328125
0 0.296875 0.9013671875 0.056640625 0.05078125
0 0.31689453125 0.078125 0.0634765625 0.052734375
0 0.3740234375 0.63623046875 0.072265625 0.0556640625
0 0.0625 0.2939453125 0.056640625 0.041015625
0 0.73486328125 0.30078125 0.0810546875 0.0546875
