0 0.03125 0.0234375 0.0546875 0.037109375
0 0.0087890625 0.05224609375 0.017578125 0.0380859375
0 0.0693359375 0.0927734375 0.037109375 0.0625
0 0.29150390625 0.033203125 0.0771484375 0.06640625
0 0.11181640625 0.19970703125 0.0458984375 0.0556640625
0 0.14208984375 0.06005859375 0.0361328125 0.0732421875
0 0.3701171875 0.08154296875 0.044921875 0.1142578125
0 0.361328125 0.03564453125 0.041015625 0.0478515625
0 0.46875 0.04296875 0.021484375 0.056640625
0 0.439453125 0.0390625 0.037109375 0.078125
0 0.4208984375 0.08251953125 0.072265625 0.1064453125
0 0.5361328125 0.15771484375 0.04296875 0.0576171875
0 0.716796875 0.140625 0.0546875 0.078125
0 0.72412109375 0.015625 0.0498046875 0.03125
0 0.84814453125 0.0185546875 0.0400390625 0.037109375
0 0.76318359375 0.09033203125 0.0576171875 0.0830078125
0 0.84716796875 0.12890625 0.0576171875 0.07421875
0 0.8037109375 0.16064453125 0.05078125 0.0498046875
0 0.83740234375 0.1875 0.0478515625 0.044921875
0 0.701171875 0.216796875 0.068359375 0.046875
0 0.6728515625 0.25 0.052734375 0.0546875
0 0.79345703125 0.26611328125 0.0361328125 0.0458984375
0 0.873046875 0.21484375 0.06640625 0.080078125
0 0.861328125 0.28076171875 0.05078125 0.0634765625
0 0.80517578125 0.34619140625 0.0537109375 0.0498046875
0 0.74951171875 0.39794921875 0.0302734375 0.0361328125
0 0.69580078125 0.39599609375 0.0341796875 0.0498046875
0 0.62744140625 0.37109375 0.0478515625 0.056640625
0 0.57080078125 0.416015625 0.0400390625 0.06640625
0 0.52880859375 0.44482421875 0.0712890625 0.0341796875
0 0.51318359375 0.4892578125 0.0419921875 0.048828125
0 0.4990234375 0.46240234375 0.041015625 0.0322265625
0 0.50634765625 0.556640625 0.0380859375 0.072265625
0 0.4365234375 0.62548828125 0.048828125 0.0556640625
0 0.56298828125 0.587890625 0.0458984375 0.0546875
0 0.59716796875 0.595703125 0.0283203125 0.052734375
0 0.60302734375 0.56982421875 0.0283203125 0.0634765625
0 0.6396484375 0.5302734375 0.05078125 0.087890625
0 0.6572265625 0.56396484375 0.037109375 0.0380859375
0 0.65380859375 0.46240234375 0.0478515625 0.0439453125
0 0.7021484375 0.4384765625 0.037109375 0.0390625
0 0.830078125 0.44775390625 0.033203125 0.0419921875
0 0.89501953125 0.51611328125 0.0537109375 0.0732421875
0 0.9072265625 0.60400390625 0.056640625 0.0927734375
0 0.89404296875 0.64501953125 0.0478515625 0.0283203125
0 0.97119140625 0.5791015625 0.0576171875 0.10546875
0 0.63720703125 0.64990234375 0.0712890625 0.0537109375
0 0.65087890625 0.62353515625 0.0966796875 0.0634765625
0 0.7119140625 0.6982421875 0.162109375 0.078125
0 0.84033203125 0.734375 0.0537109375 0.03515625
0 0.76904296875 0.74462890625 0.0966796875 0.0361328125
0 0.90185546875 0.82958984375 0.0673828125 0.0458984375
0 0.818359375 0.84228515625 0.052734375 0.0595703125
0 0.693359375 0.8134765625 0.056640625 0.037109375
0 0.8310546875 0.9716796875 0.044921875 0.044921875
0 0.6884765625 0.955078125 0.0625 0.0390625
0 0.67822265625 0.98388671875 0.0615234375 0.0322265625
0 0.40673828125 0.9697265625 0.0556640625 0.060546875
0 0.462890625 0.892578125 0.0390625 0.0546875
0 0.41064453125 0.81494140625 0.0654296875 0.0498046875
0 0.37744140625 0.75927734375 0.0419921875 0.0439453125
0 0.3583984375 0.703125 0.03515625 0.02734375
0 0.29833984375 0.78173828125 0.0634765625 0.0595703125
0 0.11376953125 0.72216796875 0.0498046875 0.0419921875
0 0.04296875 0.86962890625 0.0859375 0.0517578125
0 0.02490234375 0.7294921875 0.0498046875 0.046875
0 0.10693359375 0.83203125 0.0458984375 0.046875
0 0.15087890625 0.89306640625 0.0302734375 0.0791015625
0 0.08154296875 0.77978515625 0.0615234375 0.0693359375
0 0.0439453125 0.8193359375 0.0859375 0.048828125
0 0.03369140625 0.7626953125 0.0673828125 0.05078125
0 0.17236328125 0.5576171875 0.0400390625 0.05078125
0 0.12109375 0.4482421875 0.04296875 0.078125
0 0.0341796875 0.43017578125 0.037109375 0.0576171875
0 0.0107421875 0.46533203125 0.021484375 0.0341796875
0 0.318359375 0.38525390625 0.068359375 0.0634765625
0 0.3720703125 0.2900390625 0.064453125 0.080078125
0 0.21826171875 0.2451171875 0.0322265625 0.041015625
0 0.03564453125 0.98388671875 0.0712890625 0.0302734375
0 0.40478515625 0.01416015625 0.0380859375 0.0283203125
0 0.52587890625 0.29296875 0.0498046875 0.044921875
0 0.525390625 0.23583984375 0.044921875 0.0634765625
0 0.8271484375 0.314453125 0.048828125 0.0390625
