0 0.60400390625 0.75244140625 0.1630859375 0.0986328125
0 0.27734375 0.63671875 0.08984375 0.16015625
0 0.43505859375 0.26513671875 0.0634765625 0.0771484375
0 0.04833984375 0.22998046875 0.0556640625 0.0927734375
0 0.76123046875 0.95458984375 0.0576171875 0.0908203125
0 0.404296875 0.083984375 0.083984375 0.166015625
0 0.48974609375 0.76416015625 0.0654296875 0.0634765625
0 0.2412109375 0.42919921875 0.12890625 0.2138671875
0 0.53662109375 0.21533203125 0.1220703125 0.0576171875
0 0.78515625 0.20849609375 0.0859375 0.0869140625
0 0.91650390625 0.9140625 0.0537109375 0.11328125
0 0.7138671875 0.08984375 0.1171875 0.166015625
0 0.7919921875 0.71484375 0.05859375 0.072265625
0 0.32763671875 0.30859375 0.0712890625 0.1171875
0 0.48046875 0.87060546875 0.080078125 0.0732421875
0 0.2353515625 0.91796875 0.16015625 0.0859375
0 0.349609375 0.408203125 0.1875 0.09765625
0 0.13916015625 0.74072265625 0.1513671875 0.0634765625
0 0.04296875 0.77392578125 0.0859375 0.0830078125
0 0.791015625 0.81298828125 0.048828125 0.0654296875
0 0.81884765625 0.2763671875 0.0615234375 0.05859375
0 0.93798828125 0.81982421875 0.0615234375 0.0869140625
0 0.3525390625 0.20751953125 0.099609375 0.0537109375
0 0.84521484375 0.22802734375 0.0732421875 0.0654296875
0 0.13623046875 0.82666015625 0.1044921875 0.0810546875
0 0.93505859375 0.17919921875 0.1298828125 0.1181640625
0 0.93505859375 0.7412109375 0.1298828125 0.14453125
0 0.64208984375 0.35888671875 0.0537109375 0.0576171875
0 0.83642578125 0.41650390625 0.1865234375 0.1064453125
0 0.603515625 0.25634765625 0.203125 0.0634765625
0 0.06103515625 0.365234375 0.1220703125 0.123046875
0 0.04541015625 0.68017578125 0.0615234375 0.1162109375
0 0.84619140625 0.8447265625 0.0791015625 0.208984375
0 0.35498046875 0.63525390625 0.0537109375 0.1708984375
0 0.11083984375 0.49072265625 0.0693359375 0.0947265625
0 0.44482421875 0.369140625 0.0712890625 0.111328125
0 0.24755859375 0.25634765625 0.0966796875 0.0673828125
0 0.5849609375 0.3076171875 0.052734375 0.125
0 0.26513671875 0.337890625 0.0908203125 0.0625
0 0.96142578125 0.67333984375 0.0771484375 0.0595703125
