0 0.46875 0.634765625 0.04296875 0.06640625
0 0.3369140625 0.02587890625 0.03515625 0.0380859375
0 0.5634765625 0.0380859375 0.072265625 0.052734375
0 0.65185546875 0.4375 0.0947265625 0.095703125
0 0.74755859375 0.70654296875 0.1103515625 0.0537109375
0 0.9658203125 0.58056640625 0.06640625 0.0419921875
0 0.26513671875 0.01513671875 0.0380859375 0.0302734375
0 0.0654296875 0.7666015625 0.037109375 0.033203125
0 0.927734375 0.56689453125 0.03125 0.0458984375
0 0.8173828125 0.50634765625 0.03125 0.0302734375
0 0.24755859375 0.2275390625 0.0947265625 0.0859375
0 0.24267578125 0.5966796875 0.0654296875 0.078125
0 0.95068359375 0.3173828125 0.0322265625 0.052734375
0 0.8662109375 0.95654296875 0.0625 0.0458984375
0 0.55908203125 0.64404296875 0.0869140625 0.0458984375
0 0.18701171875 0.6435546875 0.0341796875 0.041015625
0 0.69482421875 0.134765625 0.0849609375 0.080078125
0 0.6865234375 0.599609375 0.083984375 0.056640625
0 0.35546875 0.66796875 0.0625 0.0625
0 0.0419921875 0.701171875 0.041015625 0.033203125
0 0.10595703125 0.162109375 0.0830078125 0.099609375
0 0.78857421875 0.95458984375 0.0556640625 0.0517578125
0 0.48291015625 0.75927734375 0.0537109375 0.0341796875
