0 0.85693359375 0.037109375 0.0634765625 0.07421875
0 0.3271484375 0.0859375 0.181640625 0.146484375
0 0.921875 0.19921875 0.15625 0.099609375
0 0.13134765625 0.103515625 0.2626953125 0.072265625
0 0.22705078125 0.17578125 0.1220703125 0.3515625
0 0.2529296875 0.33251953125 0.15234375 0.3173828125
0 0.0185546875 0.38134765625 0.037109375 0.0439453125
0 0.4013671875 0.37548828125 0.11328125 0.1845703125
0 0.6689453125 0.44873046875 0.052734375 0.3017578125
0 0.6064453125 0.5009765625 0.205078125 0.130859375
0 0.5078125 0.603515625 0.138671875 0.05078125
0 0.689453125 0.50146484375 0.25390625 0.1962890625
0 0.15087890625 0.51806640625 0.3017578125 0.1337890625
0 0.27392578125 0.638671875 0.1923828125 0.265625
0 0.15576171875 0.6748046875 0.0830078125 0.107421875
0 0.3388671875 0.64697265625 0.357421875 0.1220703125
0 0.1015625 0.65283203125 0.1015625 0.1416015625
0 0.10986328125 0.7470703125 0.1220703125 0.142578125
0 0.05078125 0.7099609375 0.09375 0.11328125
0 0.0849609375 0.8291015625 0.16796875 0.115234375
0 0.01611328125 0.64697265625 0.0322265625 0.0556640625
0 0.0390625 0.93359375 0.078125 0.130859375
0 0.259765625 0.859375 0.109375 0.279296875
0 0.39111328125 0.93896484375 0.1064453125 0.1181640625
0 0.43603515625 0.958984375 0.0751953125 0.08203125
0 0.56103515625 0.859375 0.3134765625 0.255859375
0 0.61962890625 0.93994140625 0.0830078125 0.1181640625
0 0.75048828125 0.8720703125 0.2080078125 0.251953125
0 0.8759765625 0.974609375 0.212890625 0.05078125
0 0.98095703125 0.96484375 0.0361328125 0.0703125
0 0.9150390625 0.904296875 0.078125 0.19140625
0 0.640625 0.84765625 0.09765625 0.107421875
0 0.8984375 0.6875 0.203125 0.208984375
0 0.95654296875 0.6884765625 0.0830078125 0.4296875
0 0.77197265625 0.7314453125 0.2353515625 0.068359375
0 0.1240234375 0.1484375 0.037109375 0.029296875
