0 0.8349609375 0.91357421875 0.130859375 0.1728515625
0 0.9248046875 0.40771484375 0.078125 0.0498046875
0 0.8701171875 0.23095703125 0.048828125 0.0634765625
0 0.5478515625 0.86376953125 0.0546875 0.0712890625
0 0.45703125 0.89501953125 0.08203125 0.2099609375
0 0.1064453125 0.9853515625 0.046875 0.029296875
0 0.14453125 0.94970703125 0.029296875 0.0419921875
0 0.5341796875 0.76416015625 0.05078125 0.0751953125
0 0.568359375 0.7333984375 0.05078125 0.0859375
0 0.68896484375 0.64501953125 0.0634765625 0.0458984375
0 0.60302734375 0.67236328125 0.0771484375 0.0986328125
0 0.4140625 0.6572265625 0.05078125 0.037109375
0 0.44873046875 0.63525390625 0.0400390625 0.0556640625
0 0.41845703125 0.720703125 0.0693359375 0.078125
0 0.455078125 0.7060546875 0.0703125 0.076171875
0 0.50146484375 0.68115234375 0.0654296875 0.0849609375
0 0.52001953125 0.62744140625 0.0732421875 0.0927734375
0 0.37109375 0.72607421875 0.044921875 0.2216796875
0 0.412109375 0.59765625 0.0703125 0.06640625
0 0.36669921875 0.5751953125 0.0361328125 0.046875
0 0.4306640625 0.55517578125 0.048828125 0.0595703125
0 0.3837890625 0.5341796875 0.060546875 0.04296875
0 0.40478515625 0.486328125 0.0712890625 0.078125
0 0.44970703125 0.39013671875 0.0615234375 0.0712890625
0 0.5244140625 0.37109375 0.140625 0.1875
0 0.44921875 0.28564453125 0.048828125 0.0947265625
0 0.298828125 0.345703125 0.068359375 0.09765625
0 0.50927734375 0.14697265625 0.0380859375 0.0537109375
0 0.54638671875 0.15966796875 0.0361328125 0.0517578125
0 0.58056640625 0.13134765625 0.0634765625 0.0556640625
0 0.6279296875 0.111328125 0.05859375 0.08203125
0 0.5673828125 0.015625 0.05859375 0.029296875
0 0.5546875 0.0400390625 0.037109375 0.041015625
0 0.02685546875 0.8154296875 0.0537109375 0.052734375
0 0.0537109375 0.80126953125 0.064453125 0.0439453125
0 0.05126953125 0.72705078125 0.1025390625 0.0634765625
0 0.2333984375 0.7626953125 0.060546875 0.060546875
0 0.298828125 0.6708984375 0.05859375 0.052734375
0 0.2392578125 0.7158203125 0.06640625 0.05078125
0 0.2431640625 0.65966796875 0.095703125 0.0888671875
0 0.17333984375 0.673828125 0.0693359375 0.11328125
0 0.0361328125 0.57080078125 0.072265625 0.0849609375
0 0.0947265625 0.48681640625 0.05078125 0.0498046875
0 0.0693359375 0.45361328125 0.0546875 0.0458984375
0 0.0126953125 0.35986328125 0.025390625 0.0517578125
0 0.03076171875 0.4091796875 0.0615234375 0.044921875
0 0.05224609375 0.3896484375 0.0771484375 0.056640625
0 0.0703125 0.01513671875 0.0546875 0.0283203125
0 0.13134765625 0.19775390625 0.0380859375 0.0458984375
0 0.46337890625 0.583984375 0.0478515625 0.056640625
