0 0.4306640625 0.73046875 0.091796875 0.09765625
0 0.88330078125 0.26806640625 0.0947265625 0.0810546875
0 0.97705078125 0.7294921875 0.0458984375 0.1953125
0 0.1533203125 0.03466796875 0.193359375 0.0654296875
0 0.349609375 0.92724609375 0.10546875 0.1455078125
0 0.2216796875 0.884765625 0.115234375 0.099609375
0 0.880859375 0.67822265625 0.107421875 0.1220703125
0 0.111328125 0.73193359375 0.220703125 0.2177734375
0 0.91943359375 0.81103515625 0.1455078125 0.2177734375
0 0.2958984375 0.10302734375 0.125 0.1142578125
0 0.5107421875 0.7333984375 0.091796875 0.09765625
0 0.73828125 0.24365234375 0.20703125 0.1376953125
