0 0.5576171875 0.86474609375 0.0703125 0.1044921875
0 0.6064453125 0.845703125 0.060546875 0.130859375
0 0.87841796875 0.94091796875 0.0478515625 0.0927734375
0 0.736328125 0.66455078125 0.046875 0.0615234375
0 0.8037109375 0.685546875 0.060546875 0.041015625
0 0.873046875 0.8291015625 0.04296875 0.06640625
0 0.85107421875 0.5732421875 0.0615234375 0.056640625
0 0.84716796875 0.49658203125 0.0380859375 0.0556640625
0 0.91552734375 0.49658203125 0.0498046875 0.0400390625
0 0.41455078125 0.6142578125 0.0830078125 0.07421875
0 0.40673828125 0.53271484375 0.0498046875 0.0478515625
0 0.505859375 0.529296875 0.052734375 0.0703125
0 0.67919921875 0.4228515625 0.0478515625 0.0546875
0 0.77880859375 0.4189453125 0.0458984375 0.0703125
0 0.7255859375 0.384765625 0.060546875 0.06640625
0 0.54931640625 0.361328125 0.1181640625 0.060546875
0 0.44970703125 0.373046875 0.0517578125 0.0546875
0 0.4326171875 0.29931640625 0.05078125 0.0517578125
0 0.34912109375 0.36376953125 0.0517578125 0.0771484375
0 0.2822265625 0.56494140625 0.06640625 0.0439453125
0 0.2939453125 0.7158203125 0.05078125 0.052734375
0 0.28173828125 0.77294921875 0.0615234375 0.0458984375
0 0.15380859375 0.72998046875 0.0478515625 0.0517578125
0 0.205078125 0.9248046875 0.0625 0.068359375
0 0.2568359375 0.86865234375 0.076171875 0.1572265625
0 0.1220703125 0.220703125 0.052734375 0.056640625
0 0.1240234375 0.36474609375 0.048828125 0.0615234375
0 0.04345703125 0.50341796875 0.0634765625 0.0537109375
0 0.14599609375 0.59423828125 0.0595703125 0.0537109375
0 0.0625 0.57275390625 0.05078125 0.0439453125
0 0.1943359375 0.29833984375 0.060546875 0.0458984375
0 0.2529296875 0.25390625 0.056640625 0.0546875
0 0.31591796875 0.19287109375 0.0419921875 0.0478515625
0 0.3896484375 0.16943359375 0.076171875 0.0576171875
0 0.474609375 0.18359375 0.0703125 0.05859375
0 0.5302734375 0.10107421875 0.056640625 0.0712890625
0 0.6005859375 0.23388671875 0.060546875 0.0498046875
0 0.68798828125 0.30810546875 0.0537109375 0.0419921875
0 0.69921875 0.26416015625 0.044921875 0.0419921875
0 0.8671875 0.25244140625 0.078125 0.0341796875
0 0.85302734375 0.0888671875 0.0615234375 0.0546875
0 0.30615234375 0.2861328125 0.0341796875 0.05859375
0 0.75732421875 0.72705078125 0.0361328125 0.0380859375
0 0.07568359375 0.2138671875 0.0478515625 0.05078125
0 0.81982421875 0.92236328125 0.0439453125 0.0419921875
0 0.9013671875 0.21728515625 0.05078125 0.0322265625
0 0.21044921875 0.03173828125 0.0400390625 0.0322265625
0 0.87255859375 0.7451171875 0.0283203125 0.021484375
0 0.3544921875 0.4140625 0.07421875 0.060546875
0 0.259765625 0.20751953125 0.05078125 0.0419921875
0 0.09765625 0.1748046875 0.044921875 0.052734375
0 0.865234375 0.7861328125 0.046875 0.044921875
0 0.76611328125 0.66357421875 0.0341796875 0.0439453125
