0 0.7802734375 0.9638671875 0.080078125 0.068359375
0 0.6962890625 0.8916015625 0.05078125 0.046875
0 0.74853515625 0.79443359375 0.0439453125 0.0419921875
0 0.82275390625 0.7724609375 0.0888671875 0.05078125
0 0.65673828125 0.68798828125 0.0439453125 0.0341796875
0 0.78857421875 0.72607421875 0.0673828125 0.0380859375
0 0.67919921875 0.62841796875 0.0419921875 0.0673828125
0 0.748046875 0.61865234375 0.056640625 0.0615234375
0 0.8134765625 0.5986328125 0.048828125 0.052734375
0 0.73291015625 0.55322265625 0.0517578125 0.0361328125
0 0.64599609375 0.4990234375 0.0380859375 0.05078125
0 0.78857421875 0.51123046875 0.0615234375 0.0458984375
0 0.85205078125 0.5048828125 0.0556640625 0.04296875
0 0.6552734375 0.40869140625 0.06640625 0.0693359375
0 0.87890625 0.21484375 0.060546875 0.099609375
0 0.7763671875 0.1328125 0.02734375 0.037109375
0 0.67138671875 0.14453125 0.0263671875 0.041015625
0 0.89501953125 0.11181640625 0.0673828125 0.0830078125
0 0.76904296875 0.240234375 0.0302734375 0.025390625
0 0.71630859375 0.02392578125 0.0458984375 0.0478515625
0 0.63720703125 0.0458984375 0.0791015625 0.08984375
0 0.38134765625 0.94287109375 0.0712890625 0.0654296875
0 0.19482421875 0.87841796875 0.0380859375 0.0361328125
0 0.1376953125 0.72412109375 0.0703125 0.0498046875
0 0.04248046875 0.62255859375 0.0849609375 0.0693359375
0 0.18896484375 0.6279296875 0.0615234375 0.0546875
0 0.2626953125 0.58447265625 0.0546875 0.0849609375
0 0.197265625 0.51123046875 0.0625 0.0595703125
0 0.064453125 0.51171875 0.10546875 0.0625
0 0.11474609375 0.474609375 0.0634765625 0.080078125
0 0.025390625 0.36865234375 0.05078125 0.0810546875
0 0.1474609375 0.3330078125 0.06640625 0.05859375
0 0.15234375 0.29541015625 0.0546875 0.0498046875
0 0.287109375 0.17626953125 0.052734375 0.0634765625
0 0.30810546875 0.26123046875 0.0654296875 0.1396484375
0 0.08203125 0.0478515625 0.08984375 0.095703125
0 0.84814453125 0.19189453125 0.0439453125 0.0341796875
0 0.05126953125 0.25 0.1025390625 0.107421875
0 0.68798828125 0.96533203125 0.0537109375 0.0380859375
0 0.71533203125 0.984375 0.0439453125 0.03125
0 0.0185546875 0.0625 0.02734375 0.03125
0 0.80810546875 0.3056640625 0.0400390625 0.076171875
0 0.71044921875 0.091796875 0.0517578125 0.080078125
0 0.720703125 0.119140625 0.056640625 0.05078125
0 0.744140625 0.1875 0.044921875 0.056640625
