0 0.79736328125 0.3974609375 0.0361328125 0.037109375
0 0.58203125 0.75927734375 0.052734375 0.0341796875
0 0.41162109375 0.5927734375 0.0419921875 0.046875
0 0.720703125 0.41357421875 0.037109375 0.0361328125
0 0.96875 0.765625 0.0625 0.068359375
0 0.5810546875 0.064453125 0.044921875 0.05859375
0 0.111328125 0.2109375 0.041015625 0.048828125
0 0.9140625 0.2392578125 0.046875 0.048828125
0 0.693359375 0.52490234375 0.044921875 0.0341796875
0 0.84619140625 0.958984375 0.0654296875 0.05078125
0 0.35498046875 0.8349609375 0.0576171875 0.0390625
0 0.4296875 0.3388671875 0.03515625 0.03125
0 0.94384765625 0.9560546875 0.0576171875 0.04296875
0 0.11669921875 0.74951171875 0.0283203125 0.0302734375
0 0.59130859375 0.2578125 0.0439453125 0.0625
0 0.95166015625 0.02587890625 0.0517578125 0.0517578125
0 0.19970703125 0.078125 0.0439453125 0.05078125
0 0.67041015625 0.4443359375 0.0439453125 0.056640625
0 0.39599609375 0.75732421875 0.0517578125 0.0458984375
0 0.06396484375 0.27880859375 0.0498046875 0.0361328125
0 0.22021484375 0.220703125 0.0537109375 0.0546875
0 0.1162109375 0.35302734375 0.0390625 0.0400390625
0 0.74560546875 0.49609375 0.0615234375 0.0390625
0 0.5419921875 0.3525390625 0.041015625 0.046875
0 0.4150390625 0.2646484375 0.041015625 0.046875
0 0.83984375 0.62060546875 0.08203125 0.0693359375
0 0.0771484375 0.4501953125 0.03515625 0.080078125
0 0.625 0.54736328125 0.0546875 0.0361328125
0 0.53564453125 0.5390625 0.0419921875 0.03515625
0 0.052734375 0.04638671875 0.037109375 0.0361328125
0 0.54150390625 0.78564453125 0.0419921875 0.0419921875
0 0.2001953125 0.662109375 0.037109375 0.033203125
0 0.88916015625 0.0859375 0.0400390625 0.046875
0 0.5869140625 0.9228515625 0.041015625 0.03125
0 0.451171875 0.96728515625 0.0390625 0.0654296875
0 0.2470703125 0.4521484375 0.033203125 0.033203125
0 0.1357421875 0.81005859375 0.052734375 0.0380859375
0 0.51220703125 0.04931640625 0.0517578125 0.0615234375
0 0.2509765625 0.79638671875 0.046875 0.0341796875
0 0.623046875 0.22607421875 0.046875 0.0361328125
0 0.48974609375 0.423828125 0.0419921875 0.029296875
0 0.2587890625 0.38232421875 0.05078125 0.0595703125
0 0.85546875 0.60546875 0.11328125 0.099609375
0 0.2294921875 0.87158203125 0.041015625 0.0361328125
0 0.50634765625 0.31298828125 0.0341796875 0.0341796875
0 0.77294921875 0.29736328125 0.0576171875 0.0361328125
0 0.60107421875 0.8505859375 0.0517578125 0.056640625
0 0.6982421875 0.3017578125 0.046875 0.046875
0 0.3115234375 0.033203125 0.044921875 0.048828125
0 0.57568359375 0.978515625 0.0654296875 0.0390625
0 0.69677734375 0.02001953125 0.0361328125 0.0380859375
0 0.33837890625 0.9560546875 0.0419921875 0.03515625
0 0.97265625 0.46337890625 0.052734375 0.0419921875
0 0.4912109375 0.677734375 0.078125 0.044921875
0 0.02099609375 0.1455078125 0.0341796875 0.06640625
0 0.6611328125 0.6640625 0.0234375 0.068359375
0 0.67578125 0.84375 0.0390625 0.0546875
0 0.12109375 0.66796875 0.048828125 0.037109375
0 0.49853515625 0.25048828125 0.0576171875 0.0458984375
0 0.439453125 0.71728515625 0.0625 0.0419921875
0 0.8955078125 0.83544921875 0.048828125 0.0537109375
0 0.439453125 0.84228515625 0.037109375 0.0595703125
0 0.3876953125 0.61328125 0.037109375 0.04296875
0 0.0234375 0.54541015625 0.037109375 0.0283203125
0 0.66552734375 0.67431640625 0.0634765625 0.0771484375
0 0.3642578125 0.54736328125 0.041015625 0.0361328125
