0 0.783203125 0.6669921875 0.14453125 0.076171875
0 0.02734375 0.17236328125 0.0546875 0.0673828125
0 0.63037109375 0.77734375 0.0986328125 0.06640625
0 0.89453125 0.083984375 0.09765625 0.056640625
0 0.96533203125 0.36669921875 0.0673828125 0.0537109375
0 0.0224609375 0.27490234375 0.04296875 0.0576171875
0 0.3583984375 0.11328125 0.095703125 0.068359375
0 0.5068359375 0.32373046875 0.142578125 0.0712890625
0 0.3505859375 0.8740234375 0.111328125 0.07421875
0 0.71728515625 0.048828125 0.0849609375 0.048828125
0 0.8515625 0.013671875 0.060546875 0.02734375
0 0.06005859375 0.3193359375 0.0419921875 0.048828125
0 0.6552734375 0.4697265625 0.080078125 0.0625
0 0.38037109375 0.20947265625 0.0791015625 0.0654296875
0 0.345703125 0.400390625 0.06640625 0.078125
0 0.44482421875 0.97705078125 0.0634765625 0.0439453125
0 0.9638671875 0.28564453125 0.0625 0.0654296875
0 0.966796875 0.11865234375 0.06640625 0.0576171875
0 0.458984375 0.169921875 0.05078125 0.044921875
0 0.478515625 0.11669921875 0.12890625 0.0537109375
0 0.6953125 0.8984375 0.060546875 0.05078125
0 0.0966796875 0.53076171875 0.076171875 0.0849609375
0 0.1240234375 0.07861328125 0.052734375 0.0947265625
0 0.853515625 0.1689453125 0.087890625 0.080078125
0 0.564453125 0.8671875 0.13671875 0.09375
0 0.6025390625 0.2275390625 0.03125 0.048828125
0 0.052734375 0.57958984375 0.068359375 0.0673828125
0 0.546875 0.69189453125 0.0859375 0.0673828125
0 0.59228515625 0.39208984375 0.0830078125 0.0556640625
0 0.74755859375 0.74951171875 0.0830078125 0.0576171875
0 0.1064453125 0.4404296875 0.0625 0.107421875
0 0.15771484375 0.8603515625 0.0380859375 0.05078125
0 0.84326171875 0.8466796875 0.0537109375 0.076171875
0 0.548828125 0.78369140625 0.05859375 0.0771484375
0 0.02490234375 0.06201171875 0.0498046875 0.0634765625
0 0.64892578125 0.220703125 0.0791015625 0.08984375
0 0.1435546875 0.74951171875 0.119140625 0.0419921875
0 0.7294921875 0.34326171875 0.060546875 0.0673828125
0 0.55126953125 0.146484375 0.1005859375 0.05859375
0 0.7783203125 0.42236328125 0.06640625 0.0791015625
0 0.82177734375 0.9521484375 0.1142578125 0.07421875
0 0.3193359375 0.01904296875 0.087890625 0.0380859375
0 0.978515625 0.51904296875 0.041015625 0.0478515625
0 0.171875 0.10107421875 0.076171875 0.0791015625
0 0.7158203125 0.84765625 0.080078125 0.048828125
0 0.2060546875 0.64599609375 0.208984375 0.0634765625
0 0.9267578125 0.86376953125 0.048828125 0.0595703125
0 0.49853515625 0.271484375 0.0751953125 0.04296875
0 0.53564453125 0.4970703125 0.0869140625 0.10546875
0 0.4501953125 0.05126953125 0.0625 0.0712890625
0 0.37548828125 0.71875 0.0732421875 0.064453125
0 0.6845703125 0.5517578125 0.10546875 0.06640625
0 0.75830078125 0.28662109375 0.0771484375 0.0830078125
0 0.1953125 0.400390625 0.056640625 0.07421875
0 0.10009765625 0.802734375 0.0654296875 0.064453125
0 0.09814453125 0.96630859375 0.0556640625 0.0654296875
0 0.86572265625 0.28173828125 0.0869140625 0.0498046875
0 0.2021484375 0.20556640625 0.12109375 0.0537109375
0 0.63525390625 0.02294921875 0.1025390625 0.0458984375
0 0.9443359375 0.634765625 0.099609375 0.087890625
0 0.142578125 0.35302734375 0.080078125 0.0693359375
0 0.9814453125 0.86376953125 0.037109375 0.0361328125
0 0.28662109375 0.5185546875 0.1259765625 0.064453125
0 0.44677734375 0.498046875 0.1083984375 0.1015625
0 0.912109375 0.78857421875 0.05078125 0.0341796875
