0 0.20703125 0.27197265625 0.080078125 0.1357421875
0 0.103515625 0.09619140625 0.060546875 0.0654296875
0 0.55126953125 0.55078125 0.0751953125 0.08984375
0 0.86767578125 0.84716796875 0.0576171875 0.0830078125
0 0.6708984375 0.96533203125 0.080078125 0.0673828125
0 0.79296875 0.05615234375 0.056640625 0.0849609375
0 0.60107421875 0.80078125 0.0849609375 0.068359375
0 0.91650390625 0.54541015625 0.0869140625 0.1083984375
0 0.07275390625 0.7236328125 0.0791015625 0.11328125
0 0.65673828125 0.25341796875 0.0849609375 0.1376953125
0 0.28515625 0.5947265625 0.056640625 0.052734375
0 0.24951171875 0.82080078125 0.0732421875 0.1376953125
0 0.3017578125 0.208984375 0.05859375 0.083984375
0 0.0244140625 0.40478515625 0.044921875 0.0927734375
0 0.37939453125 0.68310546875 0.1201171875 0.1279296875
0 0.72705078125 0.28662109375 0.0673828125 0.1142578125
0 0.08447265625 0.85595703125 0.1103515625 0.0869140625
0 0.9267578125 0.30810546875 0.076171875 0.0830078125
0 0.82763671875 0.29052734375 0.0751953125 0.0947265625
