0 0.79248046875 0.9736328125 0.1611328125 0.052734375
0 0.8408203125 0.74951171875 0.052734375 0.0771484375
0 0.9326171875 0.63525390625 0.103515625 0.1591796875
0 0.58154296875 0.9501953125 0.2080078125 0.0859375
0 0.39111328125 0.7958984375 0.1044921875 0.1015625
0 0.5625 0.8671875 0.037109375 0.07421875
0 0.04541015625 0.80078125 0.0615234375 0.07421875
0 0.11181640625 0.9208984375 0.0498046875 0.052734375
0 0.23828125 0.66259765625 0.1171875 0.0322265625
0 0.2109375 0.650390625 0.134765625 0.068359375
0 0.10205078125 0.5830078125 0.0263671875 0.0546875
0 0.208984375 0.56103515625 0.06640625 0.0341796875
0 0.62744140625 0.52685546875 0.0927734375 0.0791015625
0 0.23291015625 0.46240234375 0.0498046875 0.0458984375
0 0.0810546875 0.44384765625 0.064453125 0.0380859375
0 0.06689453125 0.52978515625 0.0400390625 0.0810546875
0 0.45068359375 0.3828125 0.0341796875 0.056640625
0 0.57666015625 0.3642578125 0.0810546875 0.11328125
0 0.49169921875 0.4267578125 0.0361328125 0.080078125
0 0.23779296875 0.37451171875 0.0732421875 0.0849609375
0 0.79736328125 0.4248046875 0.1103515625 0.064453125
0 0.91748046875 0.357421875 0.1337890625 0.04296875
0 0.75830078125 0.30322265625 0.0439453125 0.0830078125
0 0.77099609375 0.25732421875 0.0419921875 0.0966796875
0 0.70361328125 0.212890625 0.0517578125 0.12890625
0 0.79931640625 0.21044921875 0.0380859375 0.0302734375
0 0.83642578125 0.13427734375 0.0361328125 0.0283203125
0 0.86376953125 0.08935546875 0.0419921875 0.0341796875
0 0.666015625 0.310546875 0.0546875 0.0625
0 0.525390625 0.205078125 0.0546875 0.140625
0 0.4326171875 0.2578125 0.107421875 0.12109375
0 0.26904296875 0.17578125 0.1025390625 0.123046875
0 0.13916015625 0.1259765625 0.1162109375 0.0625
0 0.06640625 0.22021484375 0.068359375 0.0830078125
0 0.3671875 0.916015625 0.052734375 0.0625
0 0.72705078125 0.05322265625 0.0947265625 0.1064453125
0 0.9541015625 0.02978515625 0.060546875 0.0595703125
0 0.3955078125 0.09814453125 0.068359375 0.0322265625
0 0.15625 0.193359375 0.05859375 0.056640625
0 0.71044921875 0.50341796875 0.0380859375 0.0361328125
0 0.251953125 0.759765625 0.048828125 0.056640625
0 0.2158203125 0.93603515625 0.048828125 0.0341796875
0 0.91357421875 0.24560546875 0.0322265625 0.0283203125
0 0.35791015625 0.87255859375 0.1357421875 0.0439453125
0 0.2890625 0.78515625 0.05078125 0.0546875
0 0.5966796875 0.89501953125 0.166015625 0.0322265625
0 0.63330078125 0.29248046875 0.0478515625 0.0341796875
0 0.5859375 0.447265625 0.05859375 0.044921875
0 0.3798828125 0.96533203125 0.0703125 0.0322265625
0 0.8173828125 0.24462890625 0.046875 0.0302734375
0 0.5302734375 0.43505859375 0.044921875 0.0244140625
0 0.4365234375 0.40234375 0.029296875 0.060546875
0 0.220703125 0.7001953125 0.05078125 0.0390625
0 0.4736328125 0.96435546875 0.076171875 0.0224609375
0 0.5869140625 0.56298828125 0.048828125 0.0302734375
0 0.3388671875 0.6416015625 0.076171875 0.0703125
0 0.23486328125 0.92431640625 0.0380859375 0.0341796875
0 0.431640625 0.11962890625 0.048828125 0.0341796875
0 0.79345703125 0.142578125 0.0419921875 0.080078125
0 0.53125 0.22119140625 0.0703125 0.1044921875
0 0.6201171875 0.4853515625 0.046875 0.048828125
0 0.2529296875 0.94775390625 0.05859375 0.0341796875
0 0.14501953125 0.4521484375 0.0439453125 0.0546875
0 0.6748046875 0.06591796875 0.05859375 0.0478515625
