0 0.291015625 0.48974609375 0.044921875 0.0458984375
0 0.12060546875 0.5634765625 0.1044921875 0.111328125
0 0.576171875 0.60400390625 0.072265625 0.0576171875
0 0.54296875 0.31103515625 0.115234375 0.0673828125
0 0.98388671875 0.115234375 0.0322265625 0.05859375
0 0.35009765625 0.14404296875 0.0966796875 0.0751953125
0 0.49072265625 0.42626953125 0.2177734375 0.1005859375
0 0.62451171875 0.689453125 0.0810546875 0.1875
0 0.5810546875 0.95654296875 0.091796875 0.0615234375
0 0.7666015625 0.05078125 0.037109375 0.05078125
0 0.232421875 0.328125 0.0703125 0.0546875
0 0.4599609375 0.34716796875 0.1015625 0.0615234375
0 0.04541015625 0.2099609375 0.0302734375 0.021484375
0 0.9521484375 0.9208984375 0.0703125 0.072265625
0 0.49853515625 0.142578125 0.0830078125 0.083984375
0 0.916015625 0.369140625 0.107421875 0.08984375
0 0.25439453125 0.2578125 0.1201171875 0.076171875
0 0.24560546875 0.15087890625 0.0849609375 0.0517578125
0 0.5888671875 0.5263671875 0.10546875 0.05078125
0 0.44970703125 0.744140625 0.0908203125 0.05859375
0 0.80859375 0.11767578125 0.0703125 0.0615234375
0 0.4580078125 0.96533203125 0.041015625 0.0673828125
0 0.68017578125 0.94189453125 0.0634765625 0.0576171875
0 0.9248046875 0.4794921875 0.064453125 0.060546875
0 0.89404296875 0.27734375 0.0654296875 0.076171875
0 0.35595703125 0.271484375 0.0830078125 0.048828125
0 0.22900390625 0.576171875 0.1162109375 0.0703125
0 0.49267578125 0.828125 0.0634765625 0.06640625
0 0.28369140625 0.44873046875 0.0517578125 0.0498046875
0 0.88037109375 0.107421875 0.0517578125 0.0703125
0 0.21142578125 0.3671875 0.1572265625 0.08984375
0 0.56494140625 0.2587890625 0.1142578125 0.087890625
0 0.67236328125 0.181640625 0.1162109375 0.0703125
0 0.7109375 0.67626953125 0.048828125 0.1181640625
0 0.78662109375 0.71484375 0.1162109375 0.2109375
0 0.79150390625 0.515625 0.0595703125 0.07421875
0 0.76904296875 0.41796875 0.0693359375 0.044921875
0 0.3681640625 0.822265625 0.072265625 0.078125
0 0.357421875 0.74951171875 0.072265625 0.0576171875
0 0.97509765625 0.478515625 0.0361328125 0.03515625
0 0.068359375 0.17822265625 0.080078125 0.0498046875
0 0.13671875 0.02392578125 0.072265625 0.0478515625
0 0.2890625 0.96044921875 0.103515625 0.0576171875
0 0.65966796875 0.41845703125 0.1220703125 0.0576171875
0 0.8671875 0.29443359375 0.06640625 0.1142578125
0 0.18212890625 0.1044921875 0.0908203125 0.05078125
0 0.59619140625 0.48388671875 0.0888671875 0.0537109375
0 0.79248046875 0.015625 0.0732421875 0.03125
0 0.1171875 0.44140625 0.05078125 0.0859375
0 0.41845703125 0.396484375 0.0732421875 0.041015625
0 0.1494140625 0.95703125 0.119140625 0.046875
0 0.8837890625 0.02490234375 0.109375 0.0498046875
