0 0.6162109375 0.9755859375 0.037109375 0.046875
0 0.23974609375 0.0302734375 0.0888671875 0.060546875
0 0.2294921875 0.48046875 0.111328125 0.083984375
0 0.49072265625 0.044921875 0.0654296875 0.087890625
0 0.2646484375 0.34619140625 0.111328125 0.0634765625
0 0.44091796875 0.9560546875 0.1123046875 0.087890625
0 0.52392578125 0.1953125 0.0927734375 0.109375
0 0.66552734375 0.19384765625 0.0615234375 0.0654296875
0 0.896484375 0.0556640625 0.048828125 0.048828125
0 0.39404296875 0.18017578125 0.0673828125 0.1669921875
0 0.70361328125 0.048828125 0.0556640625 0.09765625
0 0.873046875 0.57763671875 0.07421875 0.0673828125
0 0.09375 0.81005859375 0.1171875 0.0712890625
0 0.826171875 0.93994140625 0.068359375 0.0478515625
0 0.869140625 0.91015625 0.095703125 0.04296875
0 0.6103515625 0.08642578125 0.0625 0.0693359375
0 0.70654296875 0.189453125 0.0908203125 0.080078125
0 0.11328125 0.75 0.07421875 0.068359375
0 0.4208984375 0.1181640625 0.048828125 0.130859375
0 0.58056640625 0.71923828125 0.0732421875 0.1162109375
0 0.63037109375 0.74951171875 0.1181640625 0.0615234375
0 0.150390625 0.02392578125 0.091796875 0.0458984375
0 0.84912109375 0.72998046875 0.0634765625 0.0947265625
0 0.2265625 0.43408203125 0.130859375 0.0966796875
0 0.47900390625 0.5 0.1748046875 0.107421875
0 0.95361328125 0.697265625 0.0498046875 0.111328125
0 0.56005859375 0.421875 0.0615234375 0.0703125
0 0.75927734375 0.54833984375 0.0576171875 0.0615234375
0 0.49951171875 0.412109375 0.1162109375 0.08203125
0 0.7861328125 0.8955078125 0.06640625 0.068359375
0 0.72509765625 0.283203125 0.1201171875 0.09765625
0 0.2998046875 0.77490234375 0.0703125 0.1181640625
0 0.4521484375 0.82666015625 0.095703125 0.0498046875
0 0.95654296875 0.27001953125 0.0869140625 0.0791015625
0 0.16064453125 0.17529296875 0.0810546875 0.1044921875
0 0.607421875 0.29833984375 0.056640625 0.0556640625
0 0.70703125 0.8134765625 0.15234375 0.064453125
0 0.14990234375 0.935546875 0.1279296875 0.12890625
0 0.24853515625 0.8037109375 0.0693359375 0.068359375
0 0.85888671875 0.7783203125 0.1181640625 0.06640625
0 0.03564453125 0.72119140625 0.0595703125 0.0478515625
0 0.8544921875 0.66552734375 0.060546875 0.0556640625
0 0.06005859375 0.8916015625 0.0810546875 0.068359375
0 0.6904296875 0.9697265625 0.091796875 0.060546875
0 0.23095703125 0.71630859375 0.0478515625 0.0751953125
0 0.662109375 0.87255859375 0.099609375 0.0517578125
0 0.10400390625 0.4833984375 0.0927734375 0.099609375
0 0.88525390625 0.17724609375 0.0576171875 0.0380859375
0 0.04296875 0.583984375 0.0859375 0.109375
0 0.0283203125 0.0302734375 0.056640625 0.060546875
0 0.953125 0.056640625 0.060546875 0.111328125
0 0.78857421875 0.466796875 0.0634765625 0.087890625
0 0.69921875 0.5966796875 0.078125 0.099609375
