0 0.24072265625 0.630859375 0.0556640625 0.05078125
0 0.8603515625 0.88916015625 0.060546875 0.0419921875
0 0.3203125 0.07080078125 0.068359375 0.0556640625
0 0.4111328125 0.70703125 0.0703125 0.064453125
0 0.25341796875 0.751953125 0.0869140625 0.095703125
0 0.65673828125 0.68798828125 0.0517578125 0.0478515625
0 0.97265625 0.95263671875 0.052734375 0.0810546875
0 0.21337890625 0.0751953125 0.0634765625 0.087890625
0 0.94970703125 0.75341796875 0.1005859375 0.0927734375
0 0.96484375 0.1904296875 0.0703125 0.09765625
0 0.3359375 0.318359375 0.08203125 0.052734375
0 0.2919921875 0.68310546875 0.052734375 0.0556640625
0 0.24951171875 0.408203125 0.0732421875 0.107421875
0 0.9228515625 0.80224609375 0.0625 0.0947265625
0 0.06982421875 0.1240234375 0.0751953125 0.060546875
0 0.69189453125 0.5390625 0.1181640625 0.0625
0 0.978515625 0.4814453125 0.041015625 0.07421875
0 0.41064453125 0.32763671875 0.0556640625 0.0712890625
0 0.35009765625 0.5068359375 0.0712890625 0.064453125
0 0.36376953125 0.72802734375 0.0966796875 0.0986328125
0 0.060546875 0.69287109375 0.076171875 0.0693359375
0 0.2744140625 0.25390625 0.0546875 0.048828125
