0 0.923828125 0.3974609375 0.15234375 0.05078125
0 0.9755859375 0.0224609375 0.046875 0.04296875
0 0.81103515625 0.568359375 0.0654296875 0.08984375
0 0.3134765625 0.93408203125 0.0390625 0.0908203125
0 0.8291015625 0.2275390625 0.134765625 0.052734375
0 0.927734375 0.10302734375 0.142578125 0.0693359375
0 0.86962890625 0.138671875 0.1220703125 0.05859375
0 0.7421875 0.4111328125 0.087890625 0.0703125
0 0.68310546875 0.28515625 0.1044921875 0.052734375
0 0.73828125 0.0947265625 0.044921875 0.05078125
0 0.63916015625 0.45361328125 0.0927734375 0.0693359375
0 0.94921875 0.296875 0.099609375 0.0546875
0 0.7021484375 0.86279296875 0.064453125 0.0419921875
0 0.9013671875 0.24853515625 0.107421875 0.0537109375
0 0.953125 0.51123046875 0.09375 0.0576171875
