0 0.40478515625 0.1826171875 0.1376953125 0.126953125
0 0.01953125 0.4755859375 0.0390625 0.0546875
0 0.27490234375 0.322265625 0.0810546875 0.115234375
0 0.5966796875 0.73291015625 0.0625 0.0927734375
0 0.939453125 0.951171875 0.0625 0.048828125
0 0.15625 0.724609375 0.109375 0.142578125
0 0.8798828125 0.37060546875 0.060546875 0.0517578125
0 0.408203125 0.712890625 0.1015625 0.091796875
0 0.87255859375 0.4248046875 0.0947265625 0.068359375
0 0.1640625 0.1943359375 0.0703125 0.083984375
0 0.7373046875 0.423828125 0.083984375 0.046875
0 0.48095703125 0.6630859375 0.0771484375 0.12890625
0 0.3662109375 0.96533203125 0.068359375 0.0654296875
0 0.6240234375 0.66015625 0.0859375 0.076171875
0 0.30029296875 0.978515625 0.0654296875 0.04296875
0 0.0966796875 0.37353515625 0.064453125 0.1220703125
0 0.98291015625 0.2841796875 0.0341796875 0.064453125
0 0.93310546875 0.384765625 0.0634765625 0.0625
0 0.7412109375 0.66455078125 0.06640625 0.0966796875
0 0.54248046875 0.48193359375 0.0888671875 0.0771484375
0 0.6357421875 0.37255859375 0.09765625 0.0712890625
0 0.7978515625 0.595703125 0.08203125 0.103515625
0 0.7509765625 0.46630859375 0.078125 0.0439453125
0 0.0439453125 0.3818359375 0.087890625 0.083984375
0 0.72021484375 0.9794921875 0.1142578125 0.041015625
0 0.14013671875 0.38330078125 0.0595703125 0.0869140625
0 0.7978515625 0.42138671875 0.091796875 0.0556640625
0 0.6337890625 0.85107421875 0.08203125 0.0791015625
0 0.853515625 0.51416015625 0.08203125 0.0537109375
0 0.48876953125 0.4267578125 0.0556640625 0.068359375
0 0.2158203125 0.916015625 0.087890625 0.0625
0 0.35107421875 0.42041015625 0.1162109375 0.1455078125
