0 0.724609375 0.720703125 0.185546875 0.0625
0 0.38232421875 0.24169921875 0.0810546875 0.0830078125
0 0.1669921875 0.72119140625 0.095703125 0.0751953125
0 0.91162109375 0.2822265625 0.1767578125 0.087890625
0 0.74853515625 0.90673828125 0.1376953125 0.0732421875
0 0.36962890625 0.86328125 0.0751953125 0.08203125
0 0.7294921875 0.95703125 0.169921875 0.0703125
0 0.294921875 0.65185546875 0.06640625 0.1025390625
0 0.91845703125 0.94189453125 0.1572265625 0.0947265625
0 0.3837890625 0.79052734375 0.0625 0.0576171875
0 0.162109375 0.46142578125 0.1015625 0.0537109375
0 0.2578125 0.109375 0.05859375 0.04296875
0 0.07373046875 0.36669921875 0.0849609375 0.0576171875
0 0.52001953125 0.44287109375 0.0517578125 0.0498046875
0 0.0830078125 0.16552734375 0.048828125 0.0517578125
0 0.81494140625 0.521484375 0.1416015625 0.04296875
0 0.537109375 0.2890625 0.08203125 0.046875
0 0.0263671875 0.80322265625 0.048828125 0.1044921875
0 0.42578125 0.1044921875 0.234375 0.072265625
0 0.77880859375 0.41162109375 0.1923828125 0.0576171875
0 0.02734375 0.04248046875 0.0546875 0.0849609375
