0 0.142578125 0.85595703125 0.076171875 0.1865234375
0 0.61572265625 0.87060546875 0.0849609375 0.0634765625
0 0.94091796875 0.97998046875 0.0947265625 0.0400390625
0 0.05615234375 0.58203125 0.0986328125 0.09765625
0 0.89453125 0.541015625 0.056640625 0.03515625
0 0.65966796875 0.509765625 0.0751953125 0.1328125
0 0.1474609375 0.3486328125 0.05859375 0.072265625
0 0.14453125 0.18896484375 0.078125 0.0595703125
0 0.6005859375 0.05859375 0.12109375 0.056640625
0 0.98291015625 0.08544921875 0.0341796875 0.0986328125
0 0.48828125 0.65576171875 0.07421875 0.0595703125
0 0.77978515625 0.85009765625 0.0869140625 0.0869140625
0 0.95751953125 0.8193359375 0.0751953125 0.109375
0 0.42626953125 0.95556640625 0.0771484375 0.0654296875
0 0.01611328125 0.31982421875 0.0322265625 0.0869140625
0 0.064453125 0.30322265625 0.056640625 0.0634765625
0 0.9814453125 0.26904296875 0.037109375 0.0498046875
0 0.7626953125 0.97998046875 0.044921875 0.0400390625
0 0.14404296875 0.1064453125 0.0634765625 0.044921875
0 0.22314453125 0.64306640625 0.1025390625 0.0849609375
0 0.60498046875 0.62841796875 0.0849609375 0.0634765625
0 0.3056640625 0.7197265625 0.0625 0.080078125
0 0.04736328125 0.947265625 0.0947265625 0.072265625
0 0.3271484375 0.30810546875 0.064453125 0.0771484375
