0 0.96630859375 0.01806640625 0.0615234375 0.0361328125
0 0.9033203125 0.0087890625 0.0546875 0.017578125
0 0.8837890625 0.04541015625 0.052734375 0.0615234375
0 0.806640625 0.12255859375 0.029296875 0.0537109375
0 0.83349609375 0.10498046875 0.0458984375 0.0869140625
0 0.73779296875 0.12060546875 0.0439453125 0.0517578125
0 0.96630859375 0.14111328125 0.0673828125 0.0478515625
0 0.58447265625 0.0673828125 0.0263671875 0.021484375
0 0.517578125 0.033203125 0.03125 0.06640625
0 0.49853515625 0.0283203125 0.0283203125 0.0546875
0 0.56103515625 0.10791015625 0.0380859375 0.0439453125
0 0.322265625 0.0322265625 0.046875 0.033203125
0 0.3505859375 0.173828125 0.0390625 0.05078125
0 0.43896484375 0.0517578125 0.0302734375 0.03515625
0 0.37353515625 0.095703125 0.0537109375 0.0390625
0 0.50537109375 0.14306640625 0.0283203125 0.0341796875
0 0.57275390625 0.21142578125 0.0361328125 0.0458984375
0 0.42431640625 0.18359375 0.0244140625 0.03515625
0 0.38134765625 0.0107421875 0.0498046875 0.021484375
0 0.4228515625 0.00634765625 0.033203125 0.0126953125
0 0.08984375 0.01416015625 0.037109375 0.0283203125
0 0.1484375 0.1826171875 0.03515625 0.064453125
0 0.10400390625 0.140625 0.0302734375 0.080078125
0 0.0751953125 0.15283203125 0.0390625 0.0439453125
0 0.0341796875 0.25048828125 0.033203125 0.0400390625
0 0.1015625 0.2099609375 0.03515625 0.044921875
0 0.07470703125 0.23974609375 0.0458984375 0.0673828125
0 0.05615234375 0.21240234375 0.0380859375 0.0400390625
0 0.029296875 0.20703125 0.021484375 0.03125
0 0.296875 0.2470703125 0.052734375 0.056640625
0 0.29052734375 0.2119140625 0.0400390625 0.029296875
0 0.35693359375 0.26513671875 0.0322265625 0.0498046875
0 0.33349609375 0.255859375 0.0322265625 0.056640625
0 0.4833984375 0.33642578125 0.02734375 0.0380859375
0 0.49365234375 0.32861328125 0.0322265625 0.0341796875
0 0.44140625 0.328125 0.03125 0.03515625
0 0.31396484375 0.34765625 0.0439453125 0.0625
0 0.37841796875 0.3173828125 0.0615234375 0.078125
0 0.35498046875 0.35009765625 0.0400390625 0.0537109375
0 0.27734375 0.4619140625 0.03125 0.068359375
0 0.31640625 0.39404296875 0.0625 0.0400390625
0 0.3212890625 0.42138671875 0.06640625 0.0419921875
0 0.13818359375 0.39990234375 0.0419921875 0.0322265625
0 0.046875 0.32275390625 0.0546875 0.0556640625
0 0.00537109375 0.3330078125 0.0107421875 0.03125
0 0.01611328125 0.396484375 0.0322265625 0.04296875
0 0.1142578125 0.4130859375 0.025390625 0.02734375
0 0.3388671875 0.48486328125 0.029296875 0.0361328125
0 0.10986328125 0.609375 0.0400390625 0.048828125
0 0.05859375 0.52490234375 0.05859375 0.0986328125
0 0.05859375 0.60400390625 0.05078125 0.0458984375
0 0.08447265625 0.60107421875 0.0283203125 0.0361328125
0 0.0224609375 0.59228515625 0.03125 0.0341796875
0 0.07080078125 0.64599609375 0.0634765625 0.0400390625
0 0.419921875 0.607421875 0.04296875 0.03125
0 0.0537109375 0.72802734375 0.05859375 0.0322265625
0 0.22265625 0.73193359375 0.060546875 0.0576171875
0 0.2939453125 0.7451171875 0.03125 0.03125
0 0.2841796875 0.78271484375 0.029296875 0.0302734375
0 0.3466796875 0.82177734375 0.06640625 0.0810546875
0 0.2978515625 0.82666015625 0.046875 0.0498046875
0 0.37060546875 0.94580078125 0.0498046875 0.0927734375
0 0.4208984375 0.95166015625 0.05078125 0.0478515625
0 0.3271484375 0.8720703125 0.037109375 0.03125
0 0.107421875 0.89599609375 0.044921875 0.0458984375
0 0.02001953125 0.8896484375 0.0380859375 0.044921875
0 0.05615234375 0.93017578125 0.0498046875 0.0341796875
0 0.033203125 0.94140625 0.05078125 0.041015625
0 0.40673828125 0.89453125 0.0224609375 0.0234375
0 0.40966796875 0.916015625 0.0263671875 0.015625
0 0.978515625 0.89697265625 0.033203125 0.0244140625
0 0.8125 0.85791015625 0.03515625 0.0341796875
0 0.72265625 0.791015625 0.052734375 0.052734375
0 0.8388671875 0.806640625 0.0625 0.052734375
0 0.77001953125 0.80126953125 0.0361328125 0.0458984375
0 0.806640625 0.791015625 0.044921875 0.060546875
0 0.8125 0.88916015625 0.041015625 0.0263671875
0 0.77490234375 0.68115234375 0.0302734375 0.0244140625
0 0.6962890625 0.67431640625 0.03515625 0.0341796875
0 0.666015625 0.6650390625 0.02734375 0.0234375
0 0.76318359375 0.7431640625 0.0439453125 0.041015625
0 0.82470703125 0.62646484375 0.0673828125 0.1259765625
0 0.7333984375 0.63037109375 0.033203125 0.0498046875
0 0.71533203125 0.5615234375 0.0380859375 0.033203125
0 0.9296875 0.51220703125 0.037109375 0.0244140625
0 0.9580078125 0.47607421875 0.048828125 0.0263671875
0 0.8984375 0.44580078125 0.04296875 0.0380859375
0 0.8662109375 0.42919921875 0.029296875 0.0244140625
0 0.89599609375 0.431640625 0.0419921875 0.041015625
0 0.857421875 0.3896484375 0.02734375 0.037109375
0 0.8408203125 0.34814453125 0.02734375 0.0322265625
0 0.96142578125 0.38037109375 0.0205078125 0.0322265625
0 0.943359375 0.39501953125 0.025390625 0.0283203125
0 0.9892578125 0.3447265625 0.021484375 0.056640625
0 0.89794921875 0.3388671875 0.0400390625 0.05078125
0 0.91748046875 0.29150390625 0.0380859375 0.0439453125
0 0.8359375 0.255859375 0.033203125 0.02734375
0 0.8212890625 0.275390625 0.03125 0.033203125
0 0.71142578125 0.28955078125 0.0439453125 0.0419921875
0 0.76123046875 0.287109375 0.0458984375 0.060546875
0 0.78173828125 0.31298828125 0.0458984375 0.0556640625
0 0.77197265625 0.36572265625 0.0302734375 0.0283203125
0 0.703125 0.4619140625 0.048828125 0.08203125
0 0.32958984375 0.63720703125 0.0400390625 0.0263671875
0 0.45751953125 0.68212890625 0.0673828125 0.0849609375
0 0.07958984375 0.9697265625 0.0224609375 0.02734375
0 0.0205078125 0.98388671875 0.041015625 0.0322265625
0 0.767578125 0.888671875 0.025390625 0.021484375
0 0.81103515625 0.91064453125 0.0322265625 0.0361328125
0 0.763671875 0.119140625 0.025390625 0.033203125
0 0.8779296875 0.369140625 0.02734375 0.0390625
0 0.7841796875 0.71533203125 0.048828125 0.0322265625
0 0.03271484375 0.12548828125 0.0498046875 0.0673828125
0 0.02197265625 0.1298828125 0.0419921875 0.041015625
0 0.38525390625 0.03857421875 0.0419921875 0.0380859375
0 0.810546875 0.2177734375 0.02734375 0.041015625
0 0.14453125 0.33056640625 0.021484375 0.0166015625
