0 0.76708984375 0.8291015625 0.0458984375 0.048828125
0 0.91796875 0.9130859375 0.07421875 0.052734375
0 0.93701171875 0.7294921875 0.0791015625 0.05859375
0 0.12890625 0.939453125 0.126953125 0.080078125
0 0.96875 0.447265625 0.05078125 0.04296875
0 0.0244140625 0.6279296875 0.048828125 0.076171875
0 0.857421875 0.82080078125 0.09765625 0.0595703125
0 0.0546875 0.30078125 0.060546875 0.04296875
0 0.67431640625 0.33349609375 0.0654296875 0.0419921875
0 0.06201171875 0.68505859375 0.0458984375 0.0380859375
0 0.20068359375 0.62353515625 0.0400390625 0.0810546875
0 0.02685546875 0.7685546875 0.0537109375 0.091796875
0 0.89111328125 0.275390625 0.0791015625 0.04296875
0 0.9560546875 0.5224609375 0.060546875 0.052734375
0 0.03173828125 0.439453125 0.0498046875 0.076171875
