0 0.75927734375 0.26806640625 0.0712890625 0.1396484375
0 0.67822265625 0.28466796875 0.0751953125 0.0634765625
0 0.6044921875 0.2333984375 0.064453125 0.107421875
0 0.63330078125 0.49267578125 0.0478515625 0.0517578125
0 0.8349609375 0.59375 0.072265625 0.05859375
0 0.9755859375 0.40673828125 0.048828125 0.0751953125
0 0.55078125 0.91796875 0.068359375 0.07421875
0 0.6494140625 0.033203125 0.0546875 0.0625
0 0.6279296875 0.787109375 0.056640625 0.052734375
0 0.61328125 0.59814453125 0.087890625 0.1044921875
0 0.7626953125 0.0947265625 0.0703125 0.177734375
0 0.7646484375 0.70849609375 0.072265625 0.0478515625
0 0.98095703125 0.03369140625 0.0380859375 0.0537109375
0 0.96533203125 0.853515625 0.0693359375 0.0859375
0 0.65576171875 0.09814453125 0.0966796875 0.1123046875
0 0.5185546875 0.4501953125 0.087890625 0.12109375
0 0.9072265625 0.88916015625 0.0546875 0.0400390625
0 0.484375 0.10791015625 0.0703125 0.1376953125
0 0.52978515625 0.0341796875 0.0478515625 0.056640625
0 0.42138671875 0.10400390625 0.0869140625 0.0927734375
0 0.89990234375 0.34521484375 0.0908203125 0.0576171875
0 0.63134765625 0.404296875 0.0615234375 0.10546875
0 0.48193359375 0.4658203125 0.0673828125 0.0546875
0 0.65673828125 0.75634765625 0.0458984375 0.0595703125
0 0.9169921875 0.14208984375 0.08984375 0.1005859375
0 0.6728515625 0.97412109375 0.064453125 0.0517578125
0 0.89794921875 0.5712890625 0.0615234375 0.05078125
0 0.73095703125 0.609375 0.0869140625 0.0703125
0 0.5751953125 0.03857421875 0.064453125 0.0751953125
0 0.93603515625 0.22265625 0.0634765625 0.05859375
0 0.49560546875 0.8779296875 0.1181640625 0.0625
0 0.5341796875 0.2177734375 0.064453125 0.119140625
