0 0.83056640625 0.97265625 0.0673828125 0.0546875
0 0.88818359375 0.79736328125 0.1337890625 0.0751953125
0 0.9453125 0.869140625 0.107421875 0.0546875
0 0.50244140625 0.984375 0.0322265625 0.029296875
0 0.560546875 0.990234375 0.078125 0.01953125
0 0.70361328125 0.68359375 0.0947265625 0.1484375
0 0.6279296875 0.67431640625 0.04296875 0.1533203125
0 0.697265625 0.7607421875 0.111328125 0.111328125
0 0.3701171875 0.7548828125 0.095703125 0.158203125
0 0.8173828125 0.57275390625 0.169921875 0.0634765625
0 0.3203125 0.544921875 0.068359375 0.08984375
0 0.4873046875 0.62158203125 0.177734375 0.0556640625
0 0.1142578125 0.5478515625 0.0390625 0.029296875
0 0.091796875 0.53369140625 0.12890625 0.0947265625
0 0.185546875 0.810546875 0.072265625 0.09375
0 0.18359375 0.86962890625 0.06640625 0.0556640625
0 0.34716796875 0.87158203125 0.0908203125 0.1181640625
0 0.16015625 0.72412109375 0.125 0.0712890625
0 0.1083984375 0.79736328125 0.138671875 0.0869140625
0 0.21875 0.86083984375 0.140625 0.1181640625
0 0.029296875 0.67041015625 0.05859375 0.0478515625
0 0.0849609375 0.7421875 0.154296875 0.138671875
0 0.08642578125 0.91796875 0.1728515625 0.1640625
0 0.1650390625 0.13671875 0.076171875 0.05859375
0 0.02587890625 0.35546875 0.0517578125 0.078125
0 0.046875 0.3125 0.09375 0.037109375
0 0.0927734375 0.447265625 0.185546875 0.10546875
0 0.986328125 0.43798828125 0.025390625 0.0322265625
0 0.92822265625 0.4541015625 0.1259765625 0.083984375
0 0.7109375 0.53125 0.076171875 0.0859375
0 0.69287109375 0.50048828125 0.1416015625 0.1142578125
0 0.60400390625 0.51171875 0.0517578125 0.193359375
0 0.3642578125 0.470703125 0.044921875 0.10546875
0 0.43359375 0.4638671875 0.09765625 0.10546875
0 0.4716796875 0.3876953125 0.060546875 0.056640625
0 0.61083984375 0.31298828125 0.0712890625 0.0556640625
0 0.6572265625 0.3583984375 0.078125 0.115234375
0 0.787109375 0.228515625 0.11328125 0.087890625
0 0.974609375 0.302734375 0.05078125 0.109375
0 0.904296875 0.306640625 0.142578125 0.07421875
0 0.865234375 0.2607421875 0.189453125 0.09765625
0 0.97119140625 0.14111328125 0.0400390625 0.0400390625
0 0.96875 0.0478515625 0.060546875 0.0625
0 0.91259765625 0.0947265625 0.1728515625 0.056640625
0 0.46875 0.02197265625 0.044921875 0.0439453125
0 0.529296875 0.0576171875 0.103515625 0.115234375
0 0.38818359375 0.12451171875 0.0634765625 0.0595703125
0 0.53125 0.1396484375 0.076171875 0.041015625
0 0.3896484375 0.08984375 0.232421875 0.091796875
0 0.4736328125 0.12158203125 0.173828125 0.0712890625
0 0.44189453125 0.1728515625 0.1220703125 0.0625
0 0.630859375 0.2705078125 0.1796875 0.123046875
0 0.44140625 0.26171875 0.21484375 0.068359375
0 0.50830078125 0.39306640625 0.1103515625 0.0947265625
0 0.38720703125 0.36083984375 0.1650390625 0.1806640625
0 0.494140625 0.328125 0.12109375 0.05859375
0 0.5322265625 0.4736328125 0.224609375 0.099609375
0 0.30810546875 0.6611328125 0.1064453125 0.080078125
0 0.36962890625 0.607421875 0.0439453125 0.12890625
0 0.31494140625 0.65966796875 0.0830078125 0.1455078125
