0 0.2060546875 0.0078125 0.04296875 0.015625
0 0.0732421875 0.01171875 0.146484375 0.0234375
0 0.09228515625 0.0927734375 0.0947265625 0.11328125
0 0.09716796875 0.22119140625 0.1455078125 0.2314453125
0 0.6630859375 0.1787109375 0.072265625 0.166015625
0 0.587890625 0.17822265625 0.07421875 0.0517578125
0 0.5322265625 0.16162109375 0.078125 0.2587890625
0 0.45556640625 0.1025390625 0.1494140625 0.138671875
0 0.8134765625 0.04931640625 0.056640625 0.0986328125
0 0.56298828125 0.29931640625 0.2705078125 0.0751953125
0 0.560546875 0.46875 0.080078125 0.15234375
0 0.4970703125 0.58056640625 0.140625 0.1025390625
0 0.5224609375 0.68359375 0.134765625 0.076171875
0 0.77197265625 0.52001953125 0.0673828125 0.1455078125
0 0.71875 0.970703125 0.14453125 0.05859375
0 0.75732421875 0.873046875 0.0830078125 0.09765625
0 0.73876953125 0.90234375 0.1884765625 0.193359375
0 0.81640625 0.74072265625 0.3671875 0.1337890625
0 0.91796875 0.595703125 0.08203125 0.20703125
0 0.90771484375 0.71923828125 0.1416015625 0.2236328125
0 0.7373046875 0.66845703125 0.181640625 0.0673828125
0 0.65625 0.640625 0.115234375 0.2265625
0 0.6376953125 0.69677734375 0.115234375 0.1650390625
0 0.61962890625 0.93017578125 0.0791015625 0.1376953125
0 0.48974609375 0.7861328125 0.0947265625 0.134765625
0 0.44873046875 0.88671875 0.2158203125 0.2265625
0 0.30615234375 0.712890625 0.1962890625 0.150390625
0 0.279296875 0.869140625 0.1484375 0.09765625
0 0.0751953125 0.67431640625 0.150390625 0.0673828125
0 0.03955078125 0.720703125 0.0791015625 0.05859375
0 0.115234375 0.669921875 0.125 0.353515625
0 0.109375 0.912109375 0.078125 0.095703125
0 0.0224609375 0.85986328125 0.044921875 0.2626953125
0 0.0712890625 0.93603515625 0.109375 0.1259765625
0 0.71337890625 0.767578125 0.0791015625 0.14453125
