0 0.6455078125 0.6591796875 0.048828125 0.05859375
0 0.96044921875 0.0244140625 0.0751953125 0.048828125
0 0.67822265625 0.52880859375 0.0654296875 0.0576171875
0 0.4716796875 0.56689453125 0.052734375 0.0517578125
0 0.63916015625 0.03076171875 0.0693359375 0.0615234375
0 0.845703125 0.67333984375 0.0859375 0.0341796875
0 0.83837890625 0.4013671875 0.0556640625 0.0546875
0 0.84033203125 0.93359375 0.0478515625 0.072265625
0 0.64111328125 0.20654296875 0.0458984375 0.0400390625
0 0.83447265625 0.140625 0.0673828125 0.103515625
0 0.7421875 0.04150390625 0.0546875 0.0830078125
0 0.77099609375 0.2783203125 0.0712890625 0.060546875
0 0.6220703125 0.16015625 0.03125 0.03125
0 0.55615234375 0.43798828125 0.0439453125 0.0576171875
0 0.6787109375 0.912109375 0.0390625 0.07421875
0 0.560546875 0.60986328125 0.0625 0.1083984375
0 0.53173828125 0.8857421875 0.0869140625 0.064453125
0 0.9541015625 0.7783203125 0.08984375 0.056640625
0 0.46533203125 0.65234375 0.0576171875 0.056640625
0 0.79638671875 0.55224609375 0.0595703125 0.0478515625
0 0.93310546875 0.8212890625 0.0634765625 0.05078125
0 0.5751953125 0.71044921875 0.04296875 0.0654296875
0 0.7626953125 0.3876953125 0.0546875 0.0703125
0 0.66259765625 0.4443359375 0.0556640625 0.060546875
0 0.919921875 0.05224609375 0.05078125 0.0498046875
0 0.43701171875 0.4208984375 0.0537109375 0.068359375
