0 0.6474609375 0.50439453125 0.078125 0.0380859375
0 0.1630859375 0.30419921875 0.078125 0.0517578125
0 0.8828125 0.16064453125 0.05859375 0.0458984375
0 0.865234375 0.62255859375 0.080078125 0.0693359375
0 0.9873046875 0.02197265625 0.0234375 0.0439453125
0 0.24853515625 0.888671875 0.0380859375 0.046875
0 0.96826171875 0.46728515625 0.0615234375 0.0400390625
0 0.97265625 0.3662109375 0.052734375 0.041015625
0 0.3564453125 0.21923828125 0.0546875 0.0498046875
0 0.6611328125 0.97412109375 0.091796875 0.0498046875
0 0.8193359375 0.126953125 0.060546875 0.04296875
0 0.9111328125 0.763671875 0.056640625 0.03515625
0 0.07666015625 0.2724609375 0.0654296875 0.0625
0 0.02685546875 0.06689453125 0.0478515625 0.0556640625
0 0.18310546875 0.259765625 0.0537109375 0.044921875
0 0.5888671875 0.6376953125 0.060546875 0.1171875
0 0.54345703125 0.365234375 0.0966796875 0.0546875
0 0.32958984375 0.44287109375 0.0732421875 0.0537109375
0 0.3525390625 0.1455078125 0.046875 0.0390625
0 0.08203125 0.18701171875 0.060546875 0.0439453125
0 0.92529296875 0.31689453125 0.0537109375 0.0908203125
0 0.91845703125 0.685546875 0.0810546875 0.0390625
0 0.3251953125 0.02685546875 0.0703125 0.0361328125
0 0.5390625 0.2412109375 0.044921875 0.099609375
0 0.39990234375 0.14892578125 0.0458984375 0.0380859375
0 0.421875 0.47412109375 0.056640625 0.0400390625
0 0.37255859375 0.54248046875 0.0576171875 0.0615234375
0 0.41259765625 0.59228515625 0.0537109375 0.0595703125
0 0.75634765625 0.30859375 0.0888671875 0.083984375
0 0.19970703125 0.5322265625 0.0302734375 0.0625
0 0.236328125 0.23779296875 0.078125 0.0537109375
0 0.6162109375 0.10498046875 0.044921875 0.0595703125
0 0.35791015625 0.66796875 0.0517578125 0.03515625
0 0.8134765625 0.75439453125 0.0546875 0.0419921875
0 0.8583984375 0.53564453125 0.12890625 0.0380859375
0 0.73388671875 0.86767578125 0.0224609375 0.0263671875
0 0.25146484375 0.09326171875 0.0966796875 0.1123046875
0 0.52294921875 0.03076171875 0.0712890625 0.0556640625
0 0.75927734375 0.41748046875 0.0556640625 0.0263671875
0 0.05224609375 0.3515625 0.1044921875 0.0546875
0 0.29833984375 0.64013671875 0.0791015625 0.0517578125
0 0.80419921875 0.0556640625 0.0888671875 0.0546875
0 0.02587890625 0.5751953125 0.0517578125 0.033203125
0 0.95654296875 0.52978515625 0.0830078125 0.0673828125
0 0.248046875 0.34765625 0.115234375 0.060546875
0 0.3759765625 0.97705078125 0.052734375 0.0419921875
0 0.1455078125 0.453125 0.095703125 0.05078125
0 0.30810546875 0.8876953125 0.1025390625 0.05078125
0 0.97119140625 0.60400390625 0.0556640625 0.0400390625
0 0.97998046875 0.9052734375 0.0341796875 0.04296875
0 0.03076171875 0.1416015625 0.0322265625 0.0390625
0 0.12548828125 0.724609375 0.1201171875 0.07421875
0 0.064453125 0.482421875 0.10546875 0.087890625
0 0.068359375 0.537109375 0.04296875 0.033203125
0 0.64111328125 0.8037109375 0.0830078125 0.05078125
0 0.7197265625 0.91064453125 0.025390625 0.0205078125
0 0.58740234375 0.5625 0.0732421875 0.091796875
0 0.8671875 0.59033203125 0.03515625 0.0322265625
0 0.14892578125 0.63818359375 0.0556640625 0.0791015625
0 0.69140625 0.92626953125 0.033203125 0.0478515625
0 0.69970703125 0.8623046875 0.0458984375 0.041015625
0 0.8837890625 0.81103515625 0.056640625 0.0341796875
0 0.4951171875 0.95751953125 0.048828125 0.0419921875
0 0.70263671875 0.34521484375 0.0556640625 0.0595703125
0 0.4619140625 0.4130859375 0.09765625 0.05859375
0 0.810546875 0.45654296875 0.13671875 0.0830078125
0 0.779296875 0.2265625 0.076171875 0.076171875
0 0.04443359375 0.98095703125 0.0673828125 0.0361328125
