0 0.4580078125 0.62451171875 0.056640625 0.0458984375
0 0.9873046875 0.13330078125 0.0234375 0.0361328125
0 0.009765625 0.6298828125 0.01953125 0.05078125
0 0.69482421875 0.966796875 0.0888671875 0.06640625
0 0.36962890625 0.431640625 0.0400390625 0.078125
0 0.296875 0.59228515625 0.109375 0.0458984375
0 0.2939453125 0.1328125 0.044921875 0.0625
0 0.970703125 0.0185546875 0.048828125 0.033203125
0 0.53857421875 0.03662109375 0.0302734375 0.0341796875
0 0.5439453125 0.08544921875 0.044921875 0.0419921875
0 0.95947265625 0.720703125 0.0791015625 0.033203125
0 0.806640625 0.1416015625 0.04296875 0.05859375
0 0.73681640625 0.15869140625 0.0361328125 0.0341796875
0 0.81396484375 0.77294921875 0.0439453125 0.0224609375
0 0.25537109375 0.296875 0.0439453125 0.033203125
0 0.345703125 0.671875 0.03515625 0.033203125
0 0.11474609375 0.818359375 0.0283203125 0.03125
0 0.04638671875 0.6591796875 0.0400390625 0.0390625
0 0.28955078125 0.720703125 0.0537109375 0.03515625
0 0.8916015625 0.53076171875 0.072265625 0.0615234375
0 0.25390625 0.10693359375 0.03125 0.0341796875
0 0.580078125 0.06103515625 0.046875 0.0537109375
0 0.52880859375 0.6162109375 0.0615234375 0.037109375
0 0.10888671875 0.72900390625 0.0400390625 0.0517578125
0 0.5947265625 0.02587890625 0.05859375 0.0283203125
0 0.2880859375 0.68603515625 0.064453125 0.0419921875
0 0.65673828125 0.66845703125 0.0380859375 0.0322265625
0 0.4990234375 0.24169921875 0.060546875 0.0439453125
0 0.02734375 0.9326171875 0.03515625 0.06640625
0 0.2099609375 0.20751953125 0.046875 0.0380859375
0 0.23291015625 0.15771484375 0.0400390625 0.0537109375
0 0.5927734375 0.60400390625 0.048828125 0.0283203125
0 0.82470703125 0.06884765625 0.0400390625 0.0380859375
0 0.01025390625 0.29052734375 0.0205078125 0.0302734375
0 0.4912109375 0.15869140625 0.08203125 0.0400390625
0 0.861328125 0.6826171875 0.046875 0.03125
0 0.48974609375 0.48486328125 0.0966796875 0.0458984375
0 0.630859375 0.09375 0.07421875 0.064453125
0 0.583984375 0.8994140625 0.14453125 0.076171875
0 0.50244140625 0.71484375 0.0517578125 0.029296875
0 0.72509765625 0.1064453125 0.0517578125 0.068359375
0 0.10009765625 0.16748046875 0.0712890625 0.0439453125
0 0.2353515625 0.75341796875 0.0390625 0.0380859375
0 0.24169921875 0.5234375 0.0361328125 0.044921875
0 0.15087890625 0.875 0.0517578125 0.046875
0 0.5546875 0.56591796875 0.0390625 0.0380859375
0 0.56982421875 0.7060546875 0.0302734375 0.03515625
0 0.89111328125 0.01416015625 0.0439453125 0.0283203125
0 0.20166015625 0.12353515625 0.0595703125 0.0400390625
0 0.80859375 0.6416015625 0.1484375 0.05859375
0 0.154296875 0.21533203125 0.060546875 0.0595703125
0 0.759765625 0.05712890625 0.048828125 0.0556640625
0 0.6220703125 0.13427734375 0.080078125 0.0615234375
0 0.70361328125 0.26806640625 0.0458984375 0.0517578125
0 0.431640625 0.7861328125 0.0546875 0.05078125
0 0.4697265625 0.52197265625 0.05859375 0.0400390625
0 0.72314453125 0.58935546875 0.0478515625 0.0498046875
0 0.8740234375 0.5185546875 0.033203125 0.0546875
0 0.8935546875 0.4814453125 0.091796875 0.07421875
0 0.68798828125 0.8671875 0.0654296875 0.041015625
0 0.857421875 0.4541015625 0.078125 0.0859375
0 0.96875 0.18408203125 0.060546875 0.0400390625
0 0.40087890625 0.58544921875 0.0966796875 0.0751953125
0 0.87060546875 0.73388671875 0.0576171875 0.0302734375
0 0.05712890625 0.6884765625 0.0380859375 0.01953125
0 0.46533203125 0.56103515625 0.0556640625 0.0341796875
0 0.337890625 0.171875 0.048828125 0.02734375
0 0.75146484375 0.5400390625 0.0830078125 0.046875
0 0.912109375 0.5498046875 0.044921875 0.072265625
0 0.63916015625 0.2275390625 0.0517578125 0.037109375
0 0.31005859375 0.4580078125 0.0380859375 0.0859375
0 0.3544921875 0.080078125 0.0625 0.05078125
0 0.8974609375 0.09716796875 0.0859375 0.0791015625
0 0.64794921875 0.18896484375 0.0361328125 0.0361328125
0 0.08935546875 0.11083984375 0.0537109375 0.0380859375
0 0.021484375 0.5634765625 0.041015625 0.05859375
0 0.80859375 0.71875 0.060546875 0.056640625
0 0.16259765625 0.74169921875 0.0634765625 0.0283203125
