0 0.052734375 0.3994140625 0.072265625 0.19921875
0 0.4619140625 0.771484375 0.05859375 0.119140625
0 0.22900390625 0.970703125 0.0830078125 0.05859375
0 0.09619140625 0.953125 0.0888671875 0.09375
0 0.11962890625 0.7626953125 0.0537109375 0.169921875
0 0.84423828125 0.3974609375 0.2099609375 0.078125
0 0.6376953125 0.05078125 0.056640625 0.1015625
0 0.181640625 0.88916015625 0.0703125 0.1162109375
0 0.20751953125 0.71240234375 0.1005859375 0.2470703125
0 0.0712890625 0.244140625 0.05859375 0.05859375
0 0.18505859375 0.9482421875 0.0634765625 0.103515625
0 0.04541015625 0.75439453125 0.0908203125 0.1494140625
0 0.24755859375 0.8955078125 0.0458984375 0.138671875
0 0.57177734375 0.96044921875 0.0654296875 0.0791015625
0 0.6591796875 0.1533203125 0.068359375 0.171875
0 0.44384765625 0.02587890625 0.0595703125 0.0517578125
