0 0.78466796875 0.61865234375 0.0673828125 0.0556640625
0 0.6171875 0.75537109375 0.109375 0.0830078125
0 0.29931640625 0.6982421875 0.0947265625 0.078125
0 0.50244140625 0.0595703125 0.0810546875 0.060546875
0 0.3427734375 0.8330078125 0.078125 0.060546875
0 0.5380859375 0.20751953125 0.103515625 0.0791015625
0 0.26904296875 0.1923828125 0.0615234375 0.041015625
0 0.22900390625 0.0908203125 0.0576171875 0.0703125
0 0.28759765625 0.6337890625 0.0576171875 0.052734375
0 0.20166015625 0.29443359375 0.0751953125 0.0537109375
0 0.4833984375 0.7900390625 0.0859375 0.052734375
0 0.603515625 0.97119140625 0.087890625 0.0576171875
0 0.7177734375 0.13525390625 0.1640625 0.1240234375
0 0.2880859375 0.14208984375 0.072265625 0.0380859375
0 0.33642578125 0.46630859375 0.0712890625 0.0615234375
0 0.37451171875 0.02685546875 0.0751953125 0.0498046875
0 0.68310546875 0.97021484375 0.1279296875 0.0595703125
0 0.97021484375 0.81640625 0.0595703125 0.072265625
0 0.345703125 0.9697265625 0.09765625 0.060546875
0 0.9765625 0.47216796875 0.046875 0.0673828125
