0 0.6650390625 0.5224609375 0.083984375 0.0546875
0 0.6298828125 0.0673828125 0.044921875 0.064453125
0 0.43310546875 0.01953125 0.0791015625 0.037109375
0 0.80908203125 0.689453125 0.0869140625 0.109375
0 0.64404296875 0.58642578125 0.0751953125 0.0673828125
0 0.96875 0.6181640625 0.0625 0.1171875
0 0.82568359375 0.3681640625 0.0595703125 0.0625
0 0.45751953125 0.15478515625 0.0673828125 0.0810546875
0 0.095703125 0.076171875 0.09375 0.048828125
0 0.76318359375 0.68408203125 0.0791015625 0.1162109375
0 0.53466796875 0.49267578125 0.0615234375 0.0615234375
0 0.60595703125 0.431640625 0.0517578125 0.068359375
0 0.744140625 0.3203125 0.068359375 0.07421875
0 0.693359375 0.03369140625 0.04296875 0.0673828125
0 0.74462890625 0.39404296875 0.0751953125 0.0654296875
0 0.63525390625 0.04052734375 0.0986328125 0.0810546875
0 0.62451171875 0.31005859375 0.0986328125 0.1044921875
0 0.685546875 0.26220703125 0.07421875 0.0537109375
0 0.88623046875 0.48046875 0.0634765625 0.0859375
0 0.56005859375 0.568359375 0.0400390625 0.078125
0 0.51025390625 0.587890625 0.0400390625 0.03515625
0 0.8896484375 0.23193359375 0.109375 0.1142578125
0 0.544921875 0.65087890625 0.0625 0.0634765625
0 0.80615234375 0.0634765625 0.0810546875 0.083984375
0 0.107421875 0.10107421875 0.09375 0.0419921875
0 0.85546875 0.57275390625 0.080078125 0.0498046875
