0 0.35595703125 0.4638671875 0.2158203125 0.060546875
0 0.31689453125 0.28955078125 0.0556640625 0.0830078125
0 0.39404296875 0.140625 0.1455078125 0.0703125
0 0.2490234375 0.2685546875 0.072265625 0.17578125
0 0.36328125 0.2060546875 0.109375 0.091796875
0 0.376953125 0.2060546875 0.06640625 0.119140625
0 0.16162109375 0.0791015625 0.1806640625 0.083984375
0 0.419921875 0.08203125 0.158203125 0.052734375
0 0.50244140625 0.2470703125 0.1533203125 0.1328125
0 0.052734375 0.3818359375 0.10546875 0.10546875
0 0.1533203125 0.55517578125 0.041015625 0.0478515625
0 0.1689453125 0.61328125 0.0234375 0.0234375
0 0.21484375 0.5380859375 0.05078125 0.19921875
0 0.09326171875 0.6005859375 0.0517578125 0.05078125
0 0.123046875 0.60693359375 0.0859375 0.0791015625
0 0.11328125 0.443359375 0.15625 0.16796875
0 0.5869140625 0.626953125 0.115234375 0.09375
0 0.6005859375 0.47509765625 0.05078125 0.1572265625
0 0.658203125 0.3974609375 0.171875 0.072265625
0 0.65283203125 0.2880859375 0.2001953125 0.091796875
0 0.71484375 0.31689453125 0.130859375 0.0712890625
0 0.513671875 0.365234375 0.05859375 0.1640625
0 0.5537109375 0.37841796875 0.048828125 0.1455078125
0 0.78759765625 0.3994140625 0.0517578125 0.15625
0 0.98046875 0.1494140625 0.037109375 0.037109375
0 0.95947265625 0.3037109375 0.0791015625 0.033203125
0 0.94970703125 0.35986328125 0.0986328125 0.0947265625
0 0.90234375 0.55078125 0.1953125 0.115234375
0 0.1494140625 0.01025390625 0.048828125 0.0205078125
0 0.35205078125 0.01611328125 0.0478515625 0.0322265625
0 0.078125 0.54541015625 0.13671875 0.0556640625
0 0.0576171875 0.47607421875 0.115234375 0.0751953125
0 0.65673828125 0.11328125 0.0791015625 0.08203125
0 0.583984375 0.173828125 0.0859375 0.181640625
0 0.51611328125 0.1591796875 0.0712890625 0.11328125
0 0.8125 0.1865234375 0.068359375 0.087890625
0 0.724609375 0.1376953125 0.1484375 0.142578125
0 0.73828125 0.2373046875 0.171875 0.20703125
0 0.822265625 0.1005859375 0.140625 0.16796875
0 0.802734375 0.0341796875 0.0546875 0.068359375
0 0.5224609375 0.056640625 0.056640625 0.11328125
0 0.63720703125 0.693359375 0.1259765625 0.21875
0 0.64599609375 0.7724609375 0.1650390625 0.126953125
0 0.52001953125 0.82275390625 0.0908203125 0.0869140625
0 0.65478515625 0.0263671875 0.0400390625 0.052734375
0 0.63671875 0.04345703125 0.15234375 0.0869140625
0 0.8916015625 0.71484375 0.052734375 0.15625
0 0.794921875 0.7666015625 0.150390625 0.154296875
0 0.98486328125 0.85400390625 0.0283203125 0.0439453125
0 0.8193359375 0.8310546875 0.228515625 0.091796875
0 0.6435546875 0.974609375 0.044921875 0.048828125
0 0.60009765625 0.97314453125 0.0400390625 0.0517578125
0 0.716796875 0.990234375 0.03125 0.01953125
0 0.533203125 0.931640625 0.0546875 0.13671875
0 0.4091796875 0.939453125 0.208984375 0.078125
0 0.66259765625 0.93017578125 0.2783203125 0.0712890625
0 0.97314453125 0.978515625 0.0517578125 0.041015625
0 0.93359375 0.94970703125 0.130859375 0.0986328125
0 0.822265625 0.9609375 0.09765625 0.078125
0 0.876953125 0.96435546875 0.046875 0.0361328125
0 0.833984375 0.8935546875 0.056640625 0.08984375
0 0.890625 0.8857421875 0.05859375 0.044921875
0 0.978515625 0.87890625 0.04296875 0.029296875
0 0.0732421875 0.8203125 0.146484375 0.05078125
0 0.201171875 0.8017578125 0.1328125 0.048828125
0 0.16552734375 0.78466796875 0.2119140625 0.1220703125
0 0.0498046875 0.87353515625 0.099609375 0.0712890625
0 0.2529296875 0.984375 0.029296875 0.029296875
0 0.25244140625 0.8935546875 0.1220703125 0.158203125
0 0.2861328125 0.94384765625 0.0546875 0.1103515625
0 0.0400390625 0.984375 0.076171875 0.03125
0 0.078125 0.955078125 0.146484375 0.087890625
