0 0.93603515625 0.22216796875 0.0400390625 0.0556640625
0 0.64501953125 0.29736328125 0.1201171875 0.0751953125
0 0.40234375 0.11083984375 0.08984375 0.0830078125
0 0.0947265625 0.88427734375 0.078125 0.0537109375
0 0.02099609375 0.41015625 0.0419921875 0.072265625
0 0.48486328125 0.5439453125 0.0771484375 0.068359375
0 0.46337890625 0.6748046875 0.0927734375 0.07421875
0 0.98046875 0.201171875 0.037109375 0.04296875
0 0.4521484375 0.8798828125 0.06640625 0.06640625
0 0.46337890625 0.24072265625 0.0771484375 0.0732421875
0 0.412109375 0.466796875 0.060546875 0.0546875
0 0.25830078125 0.9716796875 0.1748046875 0.0546875
0 0.169921875 0.2294921875 0.16015625 0.10546875
0 0.6767578125 0.05615234375 0.1640625 0.0810546875
0 0.50732421875 0.31689453125 0.0830078125 0.0595703125
0 0.4794921875 0.14990234375 0.115234375 0.0849609375
0 0.61328125 0.24365234375 0.0625 0.0556640625
0 0.61328125 0.724609375 0.10546875 0.068359375
