0 0.259765625 0.74365234375 0.1015625 0.1181640625
0 0.3515625 0.04638671875 0.060546875 0.0830078125
0 0.70703125 0.63623046875 0.06640625 0.0986328125
0 0.4287109375 0.13134765625 0.0703125 0.0517578125
0 0.69482421875 0.1435546875 0.0302734375 0.060546875
0 0.7529296875 0.794921875 0.056640625 0.041015625
0 0.89501953125 0.73095703125 0.0595703125 0.0810546875
0 0.634765625 0.486328125 0.083984375 0.060546875
0 0.369140625 0.771484375 0.087890625 0.076171875
0 0.07373046875 0.09716796875 0.1064453125 0.0498046875
0 0.20166015625 0.02392578125 0.0478515625 0.0478515625
0 0.09130859375 0.9365234375 0.0732421875 0.052734375
0 0.8232421875 0.34521484375 0.029296875 0.0322265625
0 0.75048828125 0.8623046875 0.0341796875 0.0390625
0 0.57373046875 0.1904296875 0.0419921875 0.0546875
0 0.76025390625 0.33154296875 0.0732421875 0.0576171875
0 0.10791015625 0.75 0.0693359375 0.07421875
0 0.69775390625 0.85595703125 0.0498046875 0.0419921875
0 0.5244140625 0.0556640625 0.056640625 0.05078125
0 0.5859375 0.15283203125 0.052734375 0.0322265625
0 0.1787109375 0.32373046875 0.072265625 0.1181640625
0 0.4013671875 0.0576171875 0.05078125 0.04296875
0 0.080078125 0.2861328125 0.08203125 0.083984375
0 0.72607421875 0.984375 0.0849609375 0.03125
0 0.8681640625 0.021484375 0.056640625 0.04296875
0 0.4833984375 0.880859375 0.03125 0.021484375
0 0.56591796875 0.66357421875 0.0498046875 0.0732421875
0 0.74658203125 0.5283203125 0.0517578125 0.044921875
0 0.7197265625 0.0576171875 0.06640625 0.05078125
0 0.8076171875 0.48193359375 0.076171875 0.0556640625
0 0.8349609375 0.13134765625 0.072265625 0.0478515625
0 0.29443359375 0.92529296875 0.0498046875 0.0478515625
0 0.71484375 0.2470703125 0.044921875 0.03515625
0 0.470703125 0.806640625 0.064453125 0.044921875
0 0.056640625 0.0673828125 0.072265625 0.072265625
0 0.2255859375 0.63134765625 0.087890625 0.0830078125
0 0.970703125 0.37451171875 0.056640625 0.0576171875
0 0.28271484375 0.02783203125 0.0498046875 0.0498046875
