0 0.9765625 0.55078125 0.044921875 0.0859375
0 0.93505859375 0.79052734375 0.1201171875 0.1083984375
0 0.8583984375 0.62548828125 0.16796875 0.1220703125
0 0.93115234375 0.38232421875 0.1376953125 0.0791015625
0 0.90380859375 0.3388671875 0.1162109375 0.109375
0 0.97412109375 0.2041015625 0.0517578125 0.068359375
0 0.78759765625 0.41748046875 0.1455078125 0.1533203125
0 0.71337890625 0.47314453125 0.1259765625 0.1083984375
0 0.63818359375 0.412109375 0.1865234375 0.048828125
0 0.517578125 0.48583984375 0.083984375 0.0908203125
0 0.60546875 0.58154296875 0.056640625 0.0595703125
0 0.65576171875 0.6708984375 0.0810546875 0.10546875
0 0.59521484375 0.75732421875 0.1220703125 0.0634765625
0 0.52001953125 0.6845703125 0.0380859375 0.041015625
0 0.57275390625 0.95751953125 0.0673828125 0.0615234375
0 0.39794921875 0.89892578125 0.0771484375 0.0498046875
0 0.4443359375 0.83154296875 0.052734375 0.0400390625
0 0.1904296875 0.9814453125 0.037109375 0.033203125
0 0.1767578125 0.9375 0.138671875 0.125
0 0.07080078125 0.89990234375 0.0439453125 0.1083984375
0 0.02978515625 0.98828125 0.0185546875 0.0234375
0 0.021484375 0.67041015625 0.04296875 0.2275390625
0 0.021484375 0.7548828125 0.04296875 0.033203125
0 0.1005859375 0.705078125 0.037109375 0.12890625
0 0.2607421875 0.5859375 0.087890625 0.07421875
0 0.23095703125 0.66845703125 0.0615234375 0.0830078125
0 0.3134765625 0.591796875 0.12890625 0.212890625
0 0.34326171875 0.630859375 0.1044921875 0.15234375
0 0.419921875 0.576171875 0.03515625 0.0234375
0 0.22509765625 0.7890625 0.0849609375 0.12890625
0 0.2890625 0.8212890625 0.17578125 0.064453125
0 0.287109375 0.7646484375 0.203125 0.2421875
0 0.41943359375 0.76123046875 0.1220703125 0.1005859375
0 0.3330078125 0.861328125 0.169921875 0.09375
0 0.4052734375 0.3984375 0.025390625 0.033203125
0 0.455078125 0.38427734375 0.0234375 0.0302734375
0 0.5634765625 0.29736328125 0.08203125 0.1787109375
0 0.52392578125 0.267578125 0.0712890625 0.150390625
0 0.75927734375 0.11572265625 0.2021484375 0.1337890625
0 0.736328125 0.09326171875 0.138671875 0.0869140625
0 0.93115234375 0.10595703125 0.0517578125 0.0634765625
0 0.97216796875 0.03759765625 0.0556640625 0.0751953125
0 0.91748046875 0.044921875 0.1123046875 0.08984375
0 0.8349609375 0.017578125 0.20703125 0.03515625
0 0.6328125 0.126953125 0.087890625 0.087890625
0 0.5712890625 0.1474609375 0.09765625 0.1328125
0 0.6611328125 0.01806640625 0.08203125 0.0361328125
0 0.525390625 0.13330078125 0.09765625 0.1650390625
0 0.58349609375 0.0400390625 0.1005859375 0.080078125
0 0.50439453125 0.115234375 0.0439453125 0.072265625
0 0.42236328125 0.20751953125 0.0302734375 0.0517578125
0 0.3828125 0.373046875 0.09375 0.115234375
0 0.3193359375 0.373046875 0.029296875 0.041015625
0 0.28515625 0.44873046875 0.0390625 0.1767578125
0 0.2021484375 0.53271484375 0.123046875 0.1220703125
0 0.06884765625 0.54638671875 0.1376953125 0.0673828125
0 0.06787109375 0.45458984375 0.0654296875 0.1298828125
0 0.09033203125 0.47314453125 0.1630859375 0.1240234375
0 0.2373046875 0.3271484375 0.068359375 0.09765625
0 0.248046875 0.4189453125 0.197265625 0.060546875
0 0.330078125 0.259765625 0.0390625 0.041015625
0 0.32861328125 0.11376953125 0.0478515625 0.1396484375
0 0.283203125 0.11669921875 0.04296875 0.1337890625
0 0.3994140625 0.03564453125 0.044921875 0.0712890625
0 0.4375 0.02001953125 0.03515625 0.0400390625
0 0.140625 0.01416015625 0.0390625 0.0283203125
0 0.013671875 0.02294921875 0.0234375 0.0458984375
0 0.18408203125 0.060546875 0.0693359375 0.12109375
0 0.23828125 0.1044921875 0.05078125 0.078125
0 0.0419921875 0.1044921875 0.083984375 0.07421875
0 0.12744140625 0.12109375 0.0634765625 0.154296875
0 0.060546875 0.1484375 0.1171875 0.146484375
0 0.18896484375 0.27099609375 0.2197265625 0.1005859375
0 0.63720703125 0.5751953125 0.0712890625 0.08984375
0 0.34326171875 0.9853515625 0.0244140625 0.029296875
0 0.548828125 0.6640625 0.03515625 0.0625
0 0.2373046875 0.37548828125 0.060546875 0.0322265625
0 0.44775390625 0.2275390625 0.0517578125 0.13671875
0 0.7568359375 0.0361328125 0.0703125 0.03515625
0 0.60986328125 0.09326171875 0.0615234375 0.0263671875
0 0.119140625 0.25341796875 0.193359375 0.0771484375
0 0.1015625 0.216796875 0.1328125 0.099609375
0 0.0546875 0.33984375 0.109375 0.12109375
0 0.03759765625 0.2294921875 0.0751953125 0.09765625
0 0.26416015625 0.705078125 0.0380859375 0.056640625
