0 0.54833984375 0.228515625 0.0615234375 0.064453125
0 0.9736328125 0.291015625 0.052734375 0.052734375
0 0.03369140625 0.41357421875 0.0673828125 0.0966796875
0 0.705078125 0.10693359375 0.0546875 0.0556640625
0 0.68359375 0.47119140625 0.0703125 0.0869140625
0 0.76318359375 0.150390625 0.1279296875 0.048828125
0 0.7802734375 0.189453125 0.072265625 0.0546875
0 0.90576171875 0.978515625 0.1201171875 0.0390625
0 0.9609375 0.21923828125 0.076171875 0.0888671875
0 0.51318359375 0.08642578125 0.0595703125 0.0458984375
0 0.77392578125 0.4990234375 0.0595703125 0.080078125
0 0.546875 0.5380859375 0.052734375 0.087890625
0 0.06591796875 0.68701171875 0.1005859375 0.0810546875
0 0.7939453125 0.0751953125 0.07421875 0.0546875
0 0.7431640625 0.70849609375 0.0546875 0.0673828125
0 0.02734375 0.12353515625 0.0546875 0.0654296875
0 0.65283203125 0.05078125 0.0615234375 0.05859375
0 0.81787109375 0.02734375 0.1416015625 0.0546875
0 0.63818359375 0.32666015625 0.0654296875 0.0478515625
0 0.6748046875 0.96533203125 0.09375 0.0693359375
0 0.07373046875 0.40234375 0.0673828125 0.095703125
0 0.53564453125 0.9482421875 0.0791015625 0.05078125
