0 0.0576171875 0.2314453125 0.064453125 0.080078125
0 0.2587890625 0.2294921875 0.189453125 0.095703125
0 0.048828125 0.390625 0.09765625 0.125
0 0.056640625 0.2294921875 0.0625 0.076171875
0 0.080078125 0.09765625 0.078125 0.15625
0 0.392578125 0.0361328125 0.11328125 0.072265625
0 0.80078125 0.1142578125 0.078125 0.111328125
0 0.8427734375 0.4296875 0.076171875 0.11328125
0 0.7646484375 0.4052734375 0.080078125 0.138671875
0 0.5126953125 0.48828125 0.076171875 0.13671875
0 0.3701171875 0.3466796875 0.107421875 0.056640625
0 0.146484375 0.1259765625 0.05859375 0.134765625
0 0.369140625 0.5751953125 0.0859375 0.193359375
0 0.1748046875 0.6689453125 0.064453125 0.076171875
0 0.5654296875 0.7119140625 0.095703125 0.068359375
0 0.8271484375 0.6826171875 0.087890625 0.173828125
0 0.7548828125 0.88671875 0.103515625 0.078125
0 0.47265625 0.89453125 0.07421875 0.0859375
0 0.7080078125 0.83203125 0.115234375 0.07421875
0 0.2255859375 0.892578125 0.080078125 0.07421875
0 0.078125 0.90625 0.04296875 0.05859375
0 0.0224609375 0.837890625 0.041015625 0.078125
0 0.822265625 0.3896484375 0.078125 0.115234375
0 0.0263671875 0.306640625 0.052734375 0.06640625
0 0.9921875 0.10546875 0.015625 0.03515625
