0 0.05224609375 0.076171875 0.0576171875 0.134765625
0 0.84228515625 0.28173828125 0.0810546875 0.0849609375
0 0.7470703125 0.2431640625 0.05859375 0.0546875
0 0.28515625 0.25390625 0.06640625 0.076171875
0 0.85009765625 0.181640625 0.0712890625 0.1015625
0 0.71484375 0.05419921875 0.044921875 0.1083984375
0 0.86328125 0.80810546875 0.05078125 0.0673828125
0 0.27880859375 0.62890625 0.0693359375 0.091796875
0 0.07177734375 0.55712890625 0.0791015625 0.0732421875
0 0.0302734375 0.734375 0.060546875 0.083984375
0 0.15576171875 0.703125 0.0517578125 0.06640625
0 0.6181640625 0.6650390625 0.0703125 0.080078125
0 0.7119140625 0.70849609375 0.080078125 0.0986328125
0 0.54345703125 0.5732421875 0.1005859375 0.099609375
0 0.24609375 0.43505859375 0.056640625 0.0556640625
0 0.6015625 0.09033203125 0.052734375 0.0732421875
0 0.71875 0.38134765625 0.064453125 0.0634765625
0 0.2119140625 0.08642578125 0.0625 0.1240234375
0 0.5927734375 0.04736328125 0.048828125 0.0439453125
0 0.58642578125 0.20703125 0.0693359375 0.07421875
0 0.14404296875 0.08349609375 0.0771484375 0.1376953125
0 0.83203125 0.61669921875 0.05859375 0.0615234375
0 0.39990234375 0.56884765625 0.0537109375 0.0908203125
0 0.3115234375 0.693359375 0.0546875 0.056640625
0 0.83447265625 0.7158203125 0.0478515625 0.0546875
0 0.23828125 0.22314453125 0.052734375 0.0732421875
0 0.79150390625 0.41552734375 0.0732421875 0.0791015625
0 0.263671875 0.70068359375 0.0625 0.1025390625
0 0.0791015625 0.0654296875 0.09375 0.107421875
0 0.51025390625 0.734375 0.0947265625 0.07421875
0 0.85302734375 0.962890625 0.0810546875 0.07421875
0 0.48779296875 0.11767578125 0.0654296875 0.0986328125
0 0.623046875 0.33154296875 0.0546875 0.0732421875
0 0.4755859375 0.8837890625 0.0625 0.0625
0 0.57666015625 0.8544921875 0.0634765625 0.07421875
0 0.73583984375 0.740234375 0.0576171875 0.072265625
0 0.65576171875 0.02734375 0.0810546875 0.0546875
0 0.82275390625 0.080078125 0.0849609375 0.103515625
0 0.74072265625 0.27001953125 0.0595703125 0.0595703125
