0 0.2109375 0.37255859375 0.09765625 0.0869140625
0 0.54638671875 0.70556640625 0.1142578125 0.0966796875
0 0.84716796875 0.69287109375 0.1220703125 0.0810546875
0 0.40283203125 0.427734375 0.0693359375 0.0859375
0 0.4677734375 0.3369140625 0.095703125 0.181640625
0 0.39599609375 0.22314453125 0.2080078125 0.2626953125
0 0.3876953125 0.0390625 0.111328125 0.07421875
0 0.0810546875 0.6494140625 0.0625 0.060546875
0 0.71240234375 0.06591796875 0.1494140625 0.1298828125
0 0.95263671875 0.6650390625 0.0888671875 0.08984375
0 0.3798828125 0.36083984375 0.123046875 0.1103515625
0 0.53955078125 0.64306640625 0.2431640625 0.1083984375
0 0.77685546875 0.587890625 0.0830078125 0.0703125
0 0.390625 0.14306640625 0.087890625 0.1220703125
