0 0.2509765625 0.2978515625 0.072265625 0.189453125
0 0.498046875 0.720703125 0.16796875 0.10546875
0 0.1181640625 0.900390625 0.056640625 0.130859375
0 0.30810546875 0.97021484375 0.0556640625 0.0595703125
0 0.962890625 0.90478515625 0.07421875 0.1630859375
0 0.70068359375 0.36865234375 0.1708984375 0.0986328125
0 0.29541015625 0.4765625 0.0673828125 0.1484375
0 0.78662109375 0.529296875 0.1689453125 0.107421875
0 0.83837890625 0.19091796875 0.0576171875 0.1494140625
0 0.626953125 0.169921875 0.03515625 0.064453125
0 0.10693359375 0.5625 0.1044921875 0.1015625
0 0.33984375 0.04736328125 0.17578125 0.0869140625
0 0.27294921875 0.21923828125 0.0439453125 0.0595703125
0 0.810546875 0.19189453125 0.125 0.0654296875
0 0.44921875 0.1650390625 0.08203125 0.107421875
0 0.525390625 0.58642578125 0.154296875 0.0654296875
0 0.4794921875 0.3427734375 0.103515625 0.111328125
0 0.36474609375 0.93798828125 0.0966796875 0.1044921875
0 0.29248046875 0.73583984375 0.0888671875 0.1005859375
0 0.03369140625 0.109375 0.0673828125 0.064453125
0 0.67333984375 0.068359375 0.1826171875 0.060546875
0 0.80419921875 0.92529296875 0.0810546875 0.1494140625
0 0.38330078125 0.50927734375 0.0849609375 0.1611328125
0 0.03515625 0.5205078125 0.0703125 0.099609375
0 0.17529296875 0.56982421875 0.1123046875 0.0654296875
0 0.11083984375 0.40478515625 0.1064453125 0.0810546875
0 0.9833984375 0.1748046875 0.033203125 0.09765625
0 0.1689453125 0.17724609375 0.111328125 0.0830078125
0 0.103515625 0.845703125 0.06640625 0.14453125
0 0.9716796875 0.7333984375 0.052734375 0.064453125
0 0.84375 0.03759765625 0.06640625 0.0751953125
0 0.1962890625 0.931640625 0.05859375 0.130859375
