0 0.19873046875 0.90625 0.0595703125 0.07421875
0 0.75732421875 0.1728515625 0.0615234375 0.0625
0 0.98046875 0.09716796875 0.0390625 0.0478515625
0 0.94921875 0.80029296875 0.087890625 0.0830078125
0 0.87548828125 0.20263671875 0.0732421875 0.1083984375
0 0.55810546875 0.55029296875 0.0595703125 0.0654296875
0 0.50048828125 0.21630859375 0.0810546875 0.0634765625
0 0.36669921875 0.4736328125 0.0576171875 0.052734375
0 0.8193359375 0.2216796875 0.0625 0.05859375
0 0.77197265625 0.98095703125 0.0517578125 0.0361328125
0 0.02490234375 0.92626953125 0.0498046875 0.0654296875
0 0.0712890625 0.68310546875 0.12109375 0.0576171875
0 0.798828125 0.43212890625 0.0625 0.0693359375
0 0.9697265625 0.03369140625 0.060546875 0.0673828125
0 0.43115234375 0.97216796875 0.0634765625 0.0556640625
0 0.0283203125 0.0244140625 0.056640625 0.048828125
0 0.5361328125 0.35009765625 0.0703125 0.0673828125
0 0.0341796875 0.42919921875 0.068359375 0.0654296875
0 0.59423828125 0.9853515625 0.0576171875 0.02734375
0 0.43408203125 0.9296875 0.0595703125 0.048828125
0 0.0888671875 0.515625 0.091796875 0.05859375
0 0.97509765625 0.40478515625 0.0498046875 0.0673828125
0 0.23388671875 0.15087890625 0.0654296875 0.0830078125
0 0.23876953125 0.93212890625 0.0517578125 0.0478515625
0 0.7861328125 0.068359375 0.0546875 0.06640625
0 0.82080078125 0.95751953125 0.0869140625 0.0361328125
0 0.935546875 0.14892578125 0.0703125 0.0654296875
0 0.439453125 0.837890625 0.064453125 0.07421875
0 0.76318359375 0.89111328125 0.1240234375 0.0595703125
0 0.771484375 0.61962890625 0.06640625 0.0751953125
0 0.0322265625 0.9775390625 0.064453125 0.044921875
0 0.533203125 0.85888671875 0.0546875 0.0517578125
0 0.49462890625 0.8779296875 0.0537109375 0.0625
0 0.04443359375 0.5966796875 0.0615234375 0.0703125
0 0.22607421875 0.05712890625 0.0888671875 0.1044921875
0 0.20263671875 0.83984375 0.1103515625 0.0703125
0 0.14208984375 0.921875 0.0634765625 0.07421875
0 0.48291015625 0.42626953125 0.0693359375 0.0615234375
0 0.95947265625 0.85546875 0.0576171875 0.05078125
0 0.66455078125 0.2158203125 0.0576171875 0.060546875
0 0.19921875 0.17333984375 0.052734375 0.0576171875
0 0.33544921875 0.24072265625 0.0751953125 0.0771484375
0 0.41015625 0.40771484375 0.05078125 0.0498046875
0 0.75 0.47412109375 0.052734375 0.0576171875
0 0.80322265625 0.50732421875 0.0634765625 0.0654296875
0 0.978515625 0.9716796875 0.041015625 0.048828125
0 0.57373046875 0.447265625 0.0556640625 0.068359375
0 0.62939453125 0.9755859375 0.0478515625 0.048828125
0 0.87353515625 0.0986328125 0.0693359375 0.076171875
0 0.0966796875 0.6357421875 0.06640625 0.099609375
0 0.0703125 0.9150390625 0.0625 0.072265625
0 0.34619140625 0.126953125 0.0654296875 0.072265625
0 0.3095703125 0.94091796875 0.068359375 0.0654296875
0 0.88037109375 0.45068359375 0.0712890625 0.0615234375
0 0.6806640625 0.13232421875 0.072265625 0.0595703125
