0 0.6123046875 0.15234375 0.07421875 0.08203125
0 0.8134765625 0.87451171875 0.091796875 0.0693359375
0 0.3740234375 0.97314453125 0.103515625 0.0537109375
0 0.1416015625 0.25341796875 0.046875 0.1337890625
0 0.88037109375 0.966796875 0.0615234375 0.064453125
0 0.18310546875 0.03955078125 0.0693359375 0.0771484375
0 0.25439453125 0.95654296875 0.0908203125 0.0537109375
0 0.95849609375 0.61572265625 0.0576171875 0.0654296875
0 0.634765625 0.712890625 0.095703125 0.04296875
0 0.0546875 0.62939453125 0.064453125 0.0693359375
0 0.97216796875 0.806640625 0.0478515625 0.0625
0 0.96337890625 0.3681640625 0.0732421875 0.087890625
0 0.93212890625 0.26220703125 0.0888671875 0.0849609375
0 0.77685546875 0.04736328125 0.1044921875 0.0849609375
0 0.92724609375 0.6962890625 0.1240234375 0.060546875
0 0.77783203125 0.4140625 0.0771484375 0.087890625
0 0.595703125 0.36474609375 0.0625 0.0595703125
0 0.24951171875 0.8515625 0.0947265625 0.1015625
0 0.03466796875 0.51318359375 0.0693359375 0.0830078125
