0 0.4951171875 0.33154296875 0.05859375 0.0732421875
0 0.0322265625 0.3046875 0.060546875 0.064453125
0 0.095703125 0.591796875 0.140625 0.08984375
0 0.9755859375 0.84326171875 0.046875 0.0556640625
0 0.36767578125 0.732421875 0.1181640625 0.099609375
0 0.5712890625 0.96875 0.06640625 0.0625
0 0.44775390625 0.0966796875 0.0869140625 0.142578125
0 0.14306640625 0.455078125 0.0498046875 0.037109375
0 0.35498046875 0.28271484375 0.0771484375 0.0576171875
0 0.2275390625 0.89404296875 0.162109375 0.1591796875
0 0.24853515625 0.4443359375 0.0693359375 0.072265625
0 0.72509765625 0.1201171875 0.0791015625 0.0703125
0 0.18115234375 0.068359375 0.0810546875 0.134765625
0 0.03662109375 0.44482421875 0.0732421875 0.0869140625
0 0.57861328125 0.841796875 0.1005859375 0.068359375
0 0.705078125 0.685546875 0.044921875 0.05078125
0 0.474609375 0.27587890625 0.0625 0.0615234375
0 0.39306640625 0.8310546875 0.0576171875 0.041015625
0 0.7568359375 0.869140625 0.072265625 0.080078125
0 0.58203125 0.14404296875 0.142578125 0.1611328125
0 0.02783203125 0.05029296875 0.0556640625 0.0595703125
0 0.72998046875 0.61865234375 0.1552734375 0.1123046875
0 0.19580078125 0.81884765625 0.1494140625 0.1201171875
0 0.90234375 0.75390625 0.109375 0.150390625
0 0.3486328125 0.96533203125 0.103515625 0.0673828125
0 0.8388671875 0.04541015625 0.076171875 0.0712890625
0 0.50244140625 0.7001953125 0.1689453125 0.12890625
0 0.27978515625 0.166015625 0.1103515625 0.076171875
0 0.3798828125 0.4619140625 0.06640625 0.064453125
0 0.51123046875 0.50244140625 0.1689453125 0.0673828125
0 0.3193359375 0.42578125 0.072265625 0.068359375
0 0.79150390625 0.36865234375 0.0986328125 0.1435546875
0 0.5732421875 0.56689453125 0.125 0.0751953125
