0 0.02099609375 0.896484375 0.0419921875 0.052734375
0 0.380859375 0.607421875 0.09375 0.048828125
0 0.16943359375 0.60791015625 0.0693359375 0.1201171875
0 0.3984375 0.150390625 0.1171875 0.048828125
0 0.0986328125 0.5966796875 0.05078125 0.107421875
0 0.275390625 0.896484375 0.095703125 0.046875
0 0.1669921875 0.0166015625 0.12109375 0.033203125
0 0.39990234375 0.44580078125 0.0537109375 0.0341796875
0 0.2431640625 0.48046875 0.080078125 0.072265625
0 0.93359375 0.76953125 0.103515625 0.0703125
0 0.4619140625 0.8486328125 0.056640625 0.033203125
0 0.5595703125 0.990234375 0.04296875 0.017578125
0 0.43212890625 0.234375 0.0712890625 0.041015625
0 0.35009765625 0.33935546875 0.0673828125 0.0458984375
0 0.681640625 0.50634765625 0.052734375 0.1884765625
0 0.64990234375 0.6064453125 0.0283203125 0.029296875
0 0.6611328125 0.64599609375 0.0703125 0.0517578125
0 0.90478515625 0.87451171875 0.0478515625 0.0673828125
0 0.52294921875 0.572265625 0.1220703125 0.08203125
0 0.15625 0.87890625 0.06640625 0.09375
0 0.337890625 0.0419921875 0.0625 0.080078125
0 0.9677734375 0.15625 0.064453125 0.0546875
0 0.4912109375 0.43994140625 0.1328125 0.0849609375
0 0.85107421875 0.765625 0.0673828125 0.0703125
0 0.3994140625 0.93896484375 0.076171875 0.0693359375
0 0.65625 0.35595703125 0.05078125 0.0595703125
0 0.96630859375 0.0380859375 0.0673828125 0.076171875
0 0.11376953125 0.71923828125 0.0498046875 0.0771484375
0 0.19580078125 0.17578125 0.0439453125 0.04296875
0 0.025390625 0.04443359375 0.05078125 0.0537109375
0 0.14697265625 0.8212890625 0.0751953125 0.07421875
0 0.40234375 0.8095703125 0.0703125 0.037109375
0 0.068359375 0.45166015625 0.080078125 0.0517578125
0 0.34375 0.24609375 0.076171875 0.06640625
0 0.15234375 0.4267578125 0.0625 0.05078125
0 0.2216796875 0.96142578125 0.08203125 0.0439453125
0 0.015625 0.52734375 0.03125 0.048828125
0 0.41015625 0.685546875 0.09375 0.06640625
0 0.97607421875 0.83642578125 0.0458984375 0.0537109375
0 0.96875 0.640625 0.060546875 0.056640625
0 0.142578125 0.9716796875 0.05859375 0.03515625
0 0.8125 0.69189453125 0.060546875 0.0517578125
0 0.26220703125 0.83935546875 0.0927734375 0.0400390625
