0 0.7431640625 0.67138671875 0.23046875 0.0517578125
0 0.3037109375 0.05029296875 0.1015625 0.1005859375
0 0.32763671875 0.95361328125 0.0771484375 0.0732421875
0 0.1591796875 0.98388671875 0.08984375 0.0302734375
0 0.59130859375 0.423828125 0.1376953125 0.056640625
0 0.1015625 0.3681640625 0.046875 0.056640625
0 0.9814453125 0.5234375 0.03125 0.09375
0 0.85498046875 0.4921875 0.0302734375 0.078125
0 0.13134765625 0.033203125 0.0458984375 0.05859375
0 0.837890625 0.47509765625 0.037109375 0.0693359375
0 0.22705078125 0.83935546875 0.0517578125 0.1220703125
0 0.4423828125 0.49755859375 0.072265625 0.0361328125
0 0.48828125 0.9599609375 0.0546875 0.080078125
0 0.51513671875 0.060546875 0.0478515625 0.076171875
0 0.43896484375 0.34765625 0.0791015625 0.056640625
0 0.7412109375 0.87451171875 0.130859375 0.0517578125
0 0.28857421875 0.71875 0.0830078125 0.08203125
0 0.33154296875 0.16552734375 0.0419921875 0.0751953125
0 0.71533203125 0.52587890625 0.0537109375 0.0263671875
0 0.81591796875 0.31396484375 0.0302734375 0.0361328125
0 0.03564453125 0.908203125 0.0693359375 0.0390625
0 0.529296875 0.7099609375 0.044921875 0.107421875
0 0.83349609375 0.84814453125 0.0673828125 0.1435546875
0 0.96826171875 0.54296875 0.0595703125 0.091796875
0 0.6142578125 0.28759765625 0.052734375 0.0537109375
0 0.4599609375 0.42578125 0.068359375 0.033203125
0 0.50537109375 0.81591796875 0.0732421875 0.0576171875
0 0.580078125 0.7373046875 0.099609375 0.09765625
0 0.69677734375 0.28125 0.0673828125 0.0859375
0 0.1875 0.3798828125 0.109375 0.142578125
0 0.041015625 0.69140625 0.08203125 0.02734375
0 0.3046875 0.4140625 0.05078125 0.08203125
0 0.04931640625 0.3515625 0.0986328125 0.0546875
0 0.9716796875 0.01904296875 0.056640625 0.0361328125
0 0.35693359375 0.41015625 0.0830078125 0.14453125
0 0.24658203125 0.5771484375 0.1201171875 0.04296875
0 0.19873046875 0.1669921875 0.1240234375 0.140625
0 0.92236328125 0.017578125 0.0537109375 0.03515625
0 0.2119140625 0.1376953125 0.095703125 0.08203125
0 0.38818359375 0.12255859375 0.0380859375 0.0478515625
0 0.35595703125 0.32568359375 0.0498046875 0.0380859375
0 0.83935546875 0.58544921875 0.0732421875 0.0908203125
0 0.2724609375 0.70263671875 0.115234375 0.1376953125
0 0.6748046875 0.55859375 0.0859375 0.126953125
0 0.56396484375 0.853515625 0.0380859375 0.08984375
0 0.24755859375 0.27587890625 0.0927734375 0.0693359375
0 0.91748046875 0.59765625 0.0732421875 0.0703125
0 0.57421875 0.94384765625 0.111328125 0.0576171875
0 0.20068359375 0.22314453125 0.0537109375 0.0263671875
0 0.05859375 0.9775390625 0.109375 0.03515625
0 0.04296875 0.4658203125 0.0859375 0.109375
0 0.14892578125 0.57568359375 0.0927734375 0.0439453125
0 0.86572265625 0.8779296875 0.0888671875 0.037109375
0 0.701171875 0.375 0.203125 0.12109375
0 0.2734375 0.8642578125 0.169921875 0.041015625
0 0.37060546875 0.89404296875 0.0869140625 0.0537109375
0 0.30615234375 0.451171875 0.1005859375 0.072265625
0 0.96240234375 0.41357421875 0.0751953125 0.0595703125
0 0.697265625 0.10595703125 0.0625 0.0830078125
0 0.099609375 0.92431640625 0.087890625 0.0498046875
0 0.8134765625 0.59521484375 0.095703125 0.0634765625
0 0.19091796875 0.05078125 0.0302734375 0.0703125
0 0.07470703125 0.8271484375 0.0439453125 0.041015625
0 0.9775390625 0.32861328125 0.044921875 0.1357421875
0 0.16455078125 0.0966796875 0.0751953125 0.03125
