0 0.02783203125 0.41748046875 0.0556640625 0.0830078125
0 0.7529296875 0.48486328125 0.0625 0.0751953125
0 0.53857421875 0.21923828125 0.1123046875 0.0751953125
0 0.63330078125 0.2744140625 0.0927734375 0.080078125
0 0.60595703125 0.13671875 0.0927734375 0.0703125
0 0.1181640625 0.20703125 0.107421875 0.095703125
0 0.63671875 0.3046875 0.115234375 0.08984375
0 0.6357421875 0.01953125 0.09765625 0.0390625
0 0.0361328125 0.46728515625 0.072265625 0.0966796875
0 0.6669921875 0.15576171875 0.064453125 0.0927734375
0 0.9345703125 0.2802734375 0.052734375 0.0703125
0 0.5009765625 0.26708984375 0.072265625 0.0849609375
0 0.5703125 0.5908203125 0.11328125 0.123046875
0 0.37646484375 0.2978515625 0.1220703125 0.095703125
0 0.44091796875 0.0146484375 0.0927734375 0.029296875
0 0.92724609375 0.5947265625 0.1142578125 0.091796875
0 0.05126953125 0.07568359375 0.0791015625 0.0537109375
0 0.43994140625 0.1767578125 0.0849609375 0.099609375
0 0.978515625 0.45068359375 0.04296875 0.1220703125
0 0.34326171875 0.0224609375 0.0869140625 0.044921875
0 0.05224609375 0.150390625 0.1025390625 0.10546875
0 0.0947265625 0.26708984375 0.10546875 0.0693359375
0 0.64599609375 0.51318359375 0.0810546875 0.1435546875
0 0.11083984375 0.37841796875 0.1123046875 0.0771484375
0 0.1640625 0.130859375 0.0703125 0.060546875
0 0.0859375 0.32080078125 0.087890625 0.1318359375
0 0.2060546875 0.40380859375 0.0859375 0.1396484375
0 0.029296875 0.2607421875 0.05859375 0.08203125
0 0.1142578125 0.01611328125 0.08203125 0.0322265625
0 0.47705078125 0.375 0.1396484375 0.125
0 0.564453125 0.4443359375 0.080078125 0.10546875
0 0.689453125 0.20947265625 0.060546875 0.1103515625
