0 0.88427734375 0.84423828125 0.1455078125 0.0712890625
0 0.2548828125 0.29833984375 0.044921875 0.0849609375
0 0.53125 0.4169921875 0.205078125 0.181640625
0 0.07373046875 0.81005859375 0.1416015625 0.1162109375
0 0.8388671875 0.11572265625 0.09765625 0.1044921875
0 0.9501953125 0.84130859375 0.099609375 0.0458984375
0 0.71337890625 0.97265625 0.1298828125 0.05078125
0 0.19091796875 0.24169921875 0.0537109375 0.0908203125
0 0.38427734375 0.8212890625 0.1826171875 0.099609375
0 0.40625 0.60595703125 0.09375 0.3603515625
0 0.30712890625 0.89013671875 0.0712890625 0.0595703125
0 0.91748046875 0.08642578125 0.1162109375 0.0771484375
0 0.01513671875 0.115234375 0.0302734375 0.0390625
0 0.79345703125 0.279296875 0.1474609375 0.048828125
0 0.0859375 0.19384765625 0.0625 0.0908203125
0 0.46044921875 0.30810546875 0.1611328125 0.0908203125
0 0.80908203125 0.91162109375 0.0849609375 0.0771484375
0 0.27001953125 0.4638671875 0.0654296875 0.185546875
0 0.123046875 0.1357421875 0.12890625 0.05078125
0 0.7080078125 0.12451171875 0.05078125 0.0927734375
0 0.65576171875 0.29736328125 0.1025390625 0.0693359375
0 0.98095703125 0.95068359375 0.0380859375 0.0517578125
0 0.8232421875 0.03857421875 0.099609375 0.0771484375
0 0.89208984375 0.361328125 0.1767578125 0.119140625
0 0.6611328125 0.23974609375 0.171875 0.1806640625
0 0.33935546875 0.22998046875 0.0693359375 0.0595703125
0 0.57568359375 0.7265625 0.2861328125 0.15625
0 0.5029296875 0.41162109375 0.126953125 0.0810546875
0 0.162109375 0.0361328125 0.060546875 0.072265625
0 0.86279296875 0.18994140625 0.0791015625 0.0654296875
0 0.28662109375 0.96533203125 0.0400390625 0.0556640625
0 0.79443359375 0.294921875 0.1630859375 0.189453125
0 0.09375 0.060546875 0.125 0.12109375
0 0.54052734375 0.23486328125 0.2021484375 0.0927734375
0 0.3974609375 0.1513671875 0.1171875 0.19921875
0 0.77783203125 0.50634765625 0.1162109375 0.0576171875
0 0.375 0.66259765625 0.05859375 0.1650390625
0 0.57373046875 0.46044921875 0.1396484375 0.0810546875
0 0.97119140625 0.03173828125 0.0576171875 0.0634765625
0 0.8798828125 0.2783203125 0.146484375 0.0703125
0 0.13427734375 0.2470703125 0.0634765625 0.19921875
0 0.900390625 0.59619140625 0.19921875 0.1513671875
0 0.0361328125 0.56591796875 0.072265625 0.0693359375
0 0.2109375 0.9638671875 0.171875 0.0703125
0 0.6318359375 0.95849609375 0.234375 0.0830078125
0 0.0166015625 0.291015625 0.033203125 0.14453125
0 0.947265625 0.349609375 0.10546875 0.09375
0 0.9609375 0.650390625 0.07421875 0.08984375
0 0.87255859375 0.8125 0.1923828125 0.083984375
0 0.7734375 0.69921875 0.064453125 0.052734375
0 0.1845703125 0.89892578125 0.068359375 0.1806640625
0 0.67529296875 0.31494140625 0.0634765625 0.1357421875
0 0.1181640625 0.294921875 0.142578125 0.07421875
0 0.134765625 0.81787109375 0.033203125 0.0654296875
0 0.83935546875 0.4482421875 0.1748046875 0.064453125
0 0.919921875 0.02490234375 0.099609375 0.0498046875
