0 0.21044921875 0.04296875 0.0361328125 0.0859375
0 0.20556640625 0.130859375 0.0634765625 0.142578125
0 0.150390625 0.2763671875 0.072265625 0.154296875
0 0.0498046875 0.3408203125 0.099609375 0.095703125
0 0.0849609375 0.509765625 0.166015625 0.431640625
0 0.1865234375 0.484375 0.169921875 0.216796875
0 0.28955078125 0.611328125 0.3095703125 0.12109375
0 0.30029296875 0.5302734375 0.1298828125 0.05078125
0 0.03515625 0.775390625 0.0703125 0.134765625
0 0.0556640625 0.97119140625 0.052734375 0.0556640625
0 0.21875 0.97314453125 0.08203125 0.0517578125
0 0.2587890625 0.79248046875 0.126953125 0.2861328125
0 0.3310546875 0.9140625 0.06640625 0.169921875
0 0.40771484375 0.927734375 0.1259765625 0.142578125
0 0.453125 0.92578125 0.1171875 0.1484375
0 0.517578125 0.7353515625 0.291015625 0.1796875
0 0.44775390625 0.767578125 0.2509765625 0.212890625
0 0.5146484375 0.73291015625 0.173828125 0.2900390625
0 0.5283203125 0.982421875 0.087890625 0.033203125
0 0.6142578125 0.90234375 0.107421875 0.1953125
0 0.4599609375 0.2685546875 0.216796875 0.17578125
0 0.47412109375 0.4580078125 0.1572265625 0.224609375
0 0.37451171875 0.3203125 0.2392578125 0.1953125
0 0.5283203125 0.421875 0.330078125 0.046875
0 0.4853515625 0.55712890625 0.056640625 0.1259765625
0 0.6259765625 0.47412109375 0.197265625 0.1103515625
0 0.77587890625 0.44873046875 0.1494140625 0.2548828125
0 0.87109375 0.60400390625 0.234375 0.0634765625
0 0.677734375 0.783203125 0.23046875 0.0625
0 0.7177734375 0.88525390625 0.166015625 0.2275390625
0 0.8154296875 0.865234375 0.318359375 0.12890625
0 0.98291015625 0.9140625 0.0322265625 0.068359375
0 0.875 0.7783203125 0.25 0.1484375
0 0.96875 0.80029296875 0.0625 0.1298828125
0 0.95751953125 0.5625 0.0830078125 0.060546875
0 0.57421875 0.29345703125 0.14453125 0.0673828125
0 0.63134765625 0.22509765625 0.3486328125 0.2705078125
0 0.6611328125 0.15625 0.1328125 0.05078125
0 0.57080078125 0.095703125 0.1728515625 0.09765625
0 0.650390625 0.09814453125 0.171875 0.0400390625
0 0.4697265625 0.03369140625 0.0859375 0.0673828125
0 0.56201171875 0.021484375 0.0673828125 0.04296875
0 0.689453125 0.048828125 0.09375 0.09765625
0 0.82861328125 0.111328125 0.1103515625 0.06640625
0 0.986328125 0.04736328125 0.025390625 0.0947265625
0 0.939453125 0.029296875 0.0703125 0.05859375
0 0.9453125 0.15087890625 0.09765625 0.0673828125
0 0.96337890625 0.20458984375 0.0712890625 0.0634765625
0 0.955078125 0.30322265625 0.08984375 0.1923828125
0 0.01416015625 0.6455078125 0.0283203125 0.091796875
0 0.2587890625 0.23828125 0.236328125 0.06640625
0 0.35595703125 0.0185546875 0.0478515625 0.037109375
