0 0.861328125 0.056640625 0.275390625 0.080078125
0 0.859375 0.107421875 0.08984375 0.1640625
0 0.94921875 0.2412109375 0.099609375 0.138671875
0 0.8662109375 0.28173828125 0.119140625 0.0439453125
0 0.837890625 0.22705078125 0.17578125 0.2119140625
0 0.9609375 0.361328125 0.078125 0.103515625
0 0.96728515625 0.41845703125 0.0634765625 0.1025390625
0 0.96337890625 0.4619140625 0.0400390625 0.03125
0 0.89111328125 0.546875 0.0830078125 0.171875
0 0.8173828125 0.64306640625 0.244140625 0.1025390625
0 0.955078125 0.787109375 0.087890625 0.087890625
0 0.951171875 0.7490234375 0.095703125 0.072265625
0 0.9248046875 0.962890625 0.091796875 0.07421875
0 0.7802734375 0.982421875 0.048828125 0.03515625
0 0.83447265625 0.958984375 0.0673828125 0.080078125
0 0.697265625 0.978515625 0.056640625 0.041015625
0 0.6103515625 0.978515625 0.064453125 0.041015625
0 0.6787109375 0.90478515625 0.353515625 0.1220703125
0 0.630859375 0.7802734375 0.087890625 0.205078125
0 0.57177734375 0.78369140625 0.1259765625 0.1845703125
0 0.67041015625 0.716796875 0.0908203125 0.080078125
0 0.48486328125 0.830078125 0.1533203125 0.0625
0 0.419921875 0.990234375 0.11328125 0.017578125
0 0.4931640625 0.6259765625 0.080078125 0.130859375
0 0.3388671875 0.58251953125 0.06640625 0.0986328125
0 0.07080078125 0.5869140625 0.0751953125 0.078125
0 0.0322265625 0.61328125 0.064453125 0.052734375
0 0.0556640625 0.76318359375 0.111328125 0.2119140625
0 0.052734375 0.91796875 0.09375 0.1640625
0 0.1259765625 0.689453125 0.052734375 0.134765625
0 0.224609375 0.7470703125 0.095703125 0.224609375
0 0.1796875 0.888671875 0.060546875 0.189453125
0 0.296875 0.841796875 0.091796875 0.1484375
0 0.01025390625 0.13671875 0.0205078125 0.03125
0 0.4853515625 0.0205078125 0.109375 0.041015625
0 0.58349609375 0.07470703125 0.1806640625 0.1298828125
0 0.482421875 0.20654296875 0.1796875 0.0986328125
0 0.3759765625 0.18603515625 0.0859375 0.2392578125
0 0.4326171875 0.14111328125 0.052734375 0.0673828125
0 0.29736328125 0.12255859375 0.0908203125 0.1181640625
0 0.19189453125 0.1796875 0.1533203125 0.1484375
0 0.189453125 0.2646484375 0.07421875 0.115234375
0 0.1435546875 0.31103515625 0.091796875 0.0478515625
0 0.11376953125 0.2626953125 0.0595703125 0.044921875
0 0.43896484375 0.353515625 0.0869140625 0.078125
0 0.02587890625 0.4599609375 0.0517578125 0.048828125
0 0.1259765625 0.4306640625 0.171875 0.134765625
0 0.064453125 0.40380859375 0.12890625 0.2197265625
0 0.30859375 0.3212890625 0.154296875 0.095703125
0 0.31494140625 0.39013671875 0.1103515625 0.0595703125
0 0.373046875 0.45947265625 0.158203125 0.0595703125
0 0.58154296875 0.37646484375 0.1142578125 0.1416015625
0 0.55078125 0.451171875 0.12109375 0.1953125
0 0.6533203125 0.4833984375 0.041015625 0.087890625
0 0.97119140625 0.4052734375 0.0556640625 0.142578125
0 0.0732421875 0.76416015625 0.064453125 0.0439453125
