0 0.462890625 0.6630859375 0.06640625 0.04296875
0 0.2490234375 0.13525390625 0.06640625 0.0712890625
0 0.884765625 0.037109375 0.10546875 0.0703125
0 0.4638671875 0.3974609375 0.076171875 0.083984375
0 0.291015625 0.65771484375 0.07421875 0.0615234375
0 0.93212890625 0.27587890625 0.1103515625 0.1025390625
0 0.9365234375 0.46630859375 0.126953125 0.1044921875
0 0.7919921875 0.8642578125 0.078125 0.0625
0 0.4384765625 0.8876953125 0.080078125 0.056640625
0 0.59814453125 0.2607421875 0.1123046875 0.091796875
0 0.94677734375 0.72509765625 0.1064453125 0.0654296875
0 0.16015625 0.15966796875 0.056640625 0.0849609375
0 0.21826171875 0.08935546875 0.0634765625 0.0830078125
0 0.8857421875 0.57080078125 0.123046875 0.0771484375
0 0.50048828125 0.4814453125 0.0693359375 0.0625
0 0.38916015625 0.16650390625 0.0615234375 0.0654296875
0 0.2919921875 0.4833984375 0.06640625 0.05078125
0 0.4716796875 0.1357421875 0.0703125 0.09765625
0 0.966796875 0.67431640625 0.064453125 0.0380859375
0 0.80859375 0.45556640625 0.05078125 0.0419921875
0 0.89599609375 0.177734375 0.0771484375 0.08984375
0 0.958984375 0.3203125 0.080078125 0.044921875
0 0.7333984375 0.57958984375 0.078125 0.0849609375
