0 0.27783203125 0.029296875 0.0693359375 0.05859375
0 0.49951171875 0.021484375 0.0517578125 0.041015625
0 0.56640625 0.7529296875 0.04296875 0.046875
0 0.5625 0.1064453125 0.0703125 0.078125
0 0.70166015625 0.8291015625 0.0673828125 0.0546875
0 0.79736328125 0.0703125 0.0947265625 0.072265625
0 0.28271484375 0.2138671875 0.0732421875 0.109375
0 0.35400390625 0.7744140625 0.1005859375 0.05859375
0 0.98388671875 0.1474609375 0.0302734375 0.056640625
0 0.712890625 0.193359375 0.083984375 0.05859375
0 0.82568359375 0.234375 0.0927734375 0.064453125
0 0.046875 0.0849609375 0.0703125 0.0546875
0 0.42138671875 0.73974609375 0.0693359375 0.1083984375
0 0.46142578125 0.98095703125 0.0517578125 0.0322265625
0 0.74951171875 0.474609375 0.0751953125 0.06640625
0 0.1318359375 0.28564453125 0.0625 0.0537109375
0 0.10546875 0.34375 0.060546875 0.0546875
0 0.96240234375 0.61181640625 0.0439453125 0.0654296875
0 0.19482421875 0.21826171875 0.0537109375 0.0498046875
0 0.900390625 0.79248046875 0.0703125 0.0673828125
0 0.56396484375 0.31689453125 0.0791015625 0.0673828125
0 0.20849609375 0.623046875 0.0615234375 0.068359375
0 0.19677734375 0.1298828125 0.0712890625 0.08203125
0 0.76513671875 0.30029296875 0.0498046875 0.0498046875
0 0.65869140625 0.6591796875 0.0498046875 0.044921875
0 0.966796875 0.04443359375 0.064453125 0.0849609375
0 0.19921875 0.30517578125 0.046875 0.0537109375
0 0.5986328125 0.7080078125 0.041015625 0.0390625
0 0.90185546875 0.47021484375 0.0830078125 0.0751953125
0 0.9619140625 0.55859375 0.072265625 0.060546875
0 0.64599609375 0.70849609375 0.0537109375 0.0595703125
0 0.8046875 0.6884765625 0.056640625 0.06640625
0 0.97314453125 0.96435546875 0.0517578125 0.0693359375
0 0.3271484375 0.228515625 0.095703125 0.076171875
0 0.3232421875 0.38818359375 0.0546875 0.0732421875
0 0.0234375 0.24462890625 0.041015625 0.0400390625
0 0.443359375 0.1611328125 0.111328125 0.078125
0 0.8125 0.810546875 0.076171875 0.06640625
0 0.548828125 0.66748046875 0.0703125 0.0576171875
0 0.85986328125 0.67236328125 0.0751953125 0.0693359375
