0 0.9501953125 0.0625 0.064453125 0.087890625
0 0.87939453125 0.16796875 0.0458984375 0.0859375
0 0.75830078125 0.0693359375 0.0517578125 0.01953125
0 0.9345703125 0.13818359375 0.0234375 0.0419921875
0 0.908203125 0.21337890625 0.041015625 0.0400390625
0 0.96044921875 0.18017578125 0.0361328125 0.0576171875
0 0.98486328125 0.2158203125 0.0283203125 0.052734375
0 0.98828125 0.16796875 0.021484375 0.041015625
0 0.859375 0.384765625 0.046875 0.064453125
0 0.80224609375 0.38525390625 0.0615234375 0.0791015625
0 0.9287109375 0.40869140625 0.072265625 0.1416015625
0 0.87548828125 0.56982421875 0.0458984375 0.0498046875
0 0.98388671875 0.48828125 0.0283203125 0.05078125
0 0.9716796875 0.5537109375 0.052734375 0.1015625
0 0.982421875 0.6220703125 0.03515625 0.05078125
0 0.884765625 0.64111328125 0.06640625 0.0830078125
0 0.94140625 0.62841796875 0.044921875 0.0380859375
0 0.94677734375 0.66845703125 0.0673828125 0.0654296875
0 0.9130859375 0.7265625 0.052734375 0.048828125
0 0.84130859375 0.73828125 0.0576171875 0.04296875
0 0.82568359375 0.68505859375 0.0439453125 0.0771484375
0 0.70751953125 0.58447265625 0.0458984375 0.0830078125
0 0.76806640625 0.6181640625 0.0478515625 0.046875
0 0.75341796875 0.56396484375 0.0458984375 0.0849609375
0 0.7470703125 0.48974609375 0.0703125 0.0791015625
0 0.7890625 0.50341796875 0.060546875 0.1494140625
0 0.86279296875 0.4765625 0.0166015625 0.025390625
0 0.61962890625 0.71533203125 0.0537109375 0.0693359375
0 0.6923828125 0.81005859375 0.0625 0.0537109375
0 0.73046875 0.7548828125 0.0390625 0.068359375
0 0.78857421875 0.73486328125 0.0458984375 0.0458984375
0 0.76025390625 0.76171875 0.0400390625 0.05859375
0 0.4501953125 0.70751953125 0.0625 0.0927734375
0 0.50634765625 0.64892578125 0.0478515625 0.1044921875
0 0.74267578125 0.84912109375 0.0361328125 0.0517578125
0 0.97216796875 0.810546875 0.0556640625 0.052734375
0 0.98046875 0.94677734375 0.0390625 0.0419921875
0 0.87109375 0.9873046875 0.041015625 0.025390625
0 0.884765625 0.95458984375 0.05859375 0.0615234375
0 0.75927734375 0.96826171875 0.0439453125 0.0634765625
0 0.6025390625 0.0439453125 0.056640625 0.087890625
0 0.5546875 0.05126953125 0.05859375 0.0654296875
0 0.57666015625 0.11279296875 0.0634765625 0.0732421875
0 0.6064453125 0.1455078125 0.06640625 0.10546875
0 0.57861328125 0.203125 0.0419921875 0.04296875
0 0.53955078125 0.16552734375 0.0634765625 0.0537109375
0 0.47216796875 0.12255859375 0.0849609375 0.1123046875
0 0.5048828125 0.04248046875 0.064453125 0.0634765625
0 0.44775390625 0.0390625 0.0556640625 0.078125
0 0.56396484375 0.29296875 0.0537109375 0.064453125
0 0.6005859375 0.30078125 0.072265625 0.068359375
0 0.54248046875 0.392578125 0.0419921875 0.072265625
0 0.5859375 0.4052734375 0.03515625 0.0546875
0 0.57861328125 0.3486328125 0.0244140625 0.037109375
0 0.5537109375 0.4306640625 0.0234375 0.052734375
0 0.51220703125 0.32763671875 0.0439453125 0.0517578125
0 0.490234375 0.3515625 0.076171875 0.0625
0 0.412109375 0.26953125 0.044921875 0.041015625
0 0.4931640625 0.52880859375 0.060546875 0.1201171875
0 0.4375 0.54638671875 0.052734375 0.0380859375
0 0.5419921875 0.60693359375 0.05078125 0.0732421875
0 0.40185546875 0.6044921875 0.0634765625 0.07421875
0 0.3349609375 0.56689453125 0.046875 0.0478515625
0 0.43701171875 0.86474609375 0.0673828125 0.0634765625
0 0.37646484375 0.9189453125 0.0595703125 0.052734375
0 0.5185546875 0.9453125 0.056640625 0.064453125
0 0.6123046875 0.9833984375 0.076171875 0.033203125
0 0.51123046875 0.98828125 0.0537109375 0.0234375
0 0.27587890625 0.046875 0.0537109375 0.09375
0 0.17333984375 0.01220703125 0.0458984375 0.0244140625
0 0.328125 0.06640625 0.05859375 0.12109375
0 0.0546875 0.11962890625 0.08203125 0.0810546875
0 0.146484375 0.17626953125 0.060546875 0.0966796875
0 0.138671875 0.095703125 0.146484375 0.05859375
0 0.34375 0.19091796875 0.0625 0.0888671875
0 0.1875 0.14990234375 0.0390625 0.0810546875
0 0.2880859375 0.2119140625 0.029296875 0.04296875
0 0.2392578125 0.16552734375 0.05078125 0.1259765625
0 0.23388671875 0.251953125 0.0380859375 0.056640625
0 0.26220703125 0.2412109375 0.0185546875 0.060546875
0 0.21875 0.3017578125 0.048828125 0.080078125
0 0.02685546875 0.25 0.0537109375 0.05859375
0 0.31103515625 0.32958984375 0.0673828125 0.0615234375
0 0.02099609375 0.396484375 0.0419921875 0.03515625
0 0.0263671875 0.447265625 0.052734375 0.064453125
0 0.12158203125 0.26025390625 0.0986328125 0.1142578125
0 0.09765625 0.28076171875 0.041015625 0.0400390625
0 0.16943359375 0.34912109375 0.0556640625 0.0673828125
0 0.103515625 0.400390625 0.0859375 0.09375
0 0.15234375 0.4560546875 0.056640625 0.064453125
0 0.13671875 0.5 0.076171875 0.060546875
0 0.13671875 0.54736328125 0.041015625 0.0361328125
0 0.01904296875 0.58544921875 0.0380859375 0.0439453125
0 0.20703125 0.58154296875 0.033203125 0.0458984375
0 0.216796875 0.70849609375 0.08203125 0.0947265625
0 0.2822265625 0.75390625 0.06640625 0.052734375
0 0.06005859375 0.6435546875 0.0830078125 0.048828125
0 0.07275390625 0.69775390625 0.0712890625 0.1083984375
0 0.0478515625 0.73046875 0.095703125 0.1328125
0 0.07421875 0.81494140625 0.06640625 0.0341796875
0 0.044921875 0.9580078125 0.046875 0.056640625
0 0.07568359375 0.92822265625 0.0751953125 0.0771484375
0 0.02783203125 0.87744140625 0.0556640625 0.0771484375
0 0.2841796875 0.9404296875 0.083984375 0.05859375
0 0.2333984375 0.91943359375 0.056640625 0.0556640625
0 0.0087890625 0.767578125 0.017578125 0.048828125
0 0.9853515625 0.029296875 0.029296875 0.05859375
0 0.69189453125 0.18408203125 0.0478515625 0.0361328125
0 0.32421875 0.125 0.03515625 0.037109375
0 0.50439453125 0.09423828125 0.0556640625 0.0439453125
0 0.486328125 0.65283203125 0.03515625 0.0888671875
0 0.73828125 0.63037109375 0.03515625 0.0439453125
0 0.18896484375 0.71728515625 0.0341796875 0.0361328125
0 0.77734375 0.78369140625 0.05078125 0.0537109375
0 0.12255859375 0.55908203125 0.0615234375 0.0537109375
