0 0.92578125 0.97998046875 0.03125 0.0341796875
0 0.8095703125 0.046875 0.10546875 0.08984375
0 0.85595703125 0.955078125 0.0478515625 0.060546875
0 0.94482421875 0.033203125 0.0693359375 0.06640625
0 0.95361328125 0.96435546875 0.0478515625 0.0615234375
0 0.77587890625 0.27197265625 0.1025390625 0.1044921875
0 0.7822265625 0.970703125 0.0546875 0.05859375
0 0.93115234375 0.0537109375 0.0830078125 0.107421875
0 0.70068359375 0.8583984375 0.0771484375 0.0625
0 0.8857421875 0.7919921875 0.0625 0.064453125
0 0.97998046875 0.2177734375 0.0400390625 0.078125
0 0.6826171875 0.49072265625 0.072265625 0.0908203125
0 0.94775390625 0.1455078125 0.0830078125 0.1484375
0 0.93994140625 0.87939453125 0.1201171875 0.0693359375
0 0.93310546875 0.46875 0.0615234375 0.044921875
0 0.9853515625 0.03466796875 0.029296875 0.0693359375
0 0.8701171875 0.15771484375 0.095703125 0.1123046875
0 0.05224609375 0.681640625 0.0849609375 0.0703125
0 0.8583984375 0.11474609375 0.091796875 0.1103515625
0 0.98681640625 0.1162109375 0.0244140625 0.08984375
0 0.5830078125 0.79541015625 0.068359375 0.0751953125
0 0.88037109375 0.4052734375 0.0712890625 0.095703125
0 0.8544921875 0.259765625 0.080078125 0.099609375
0 0.93212890625 0.7978515625 0.0595703125 0.091796875
0 0.767578125 0.68896484375 0.06640625 0.0791015625
0 0.6884765625 0.783203125 0.08203125 0.08203125
0 0.74560546875 0.6552734375 0.0400390625 0.037109375
0 0.9892578125 0.11572265625 0.021484375 0.0888671875
0 0.78076171875 0.96826171875 0.0673828125 0.0615234375
0 0.9404296875 0.73486328125 0.107421875 0.0947265625
0 0.91015625 0.9404296875 0.056640625 0.0625
0 0.9619140625 0.96337890625 0.04296875 0.0673828125
