0 0.59765625 0.43994140625 0.109375 0.1025390625
0 0.908203125 0.5478515625 0.123046875 0.091796875
0 0.8447265625 0.05224609375 0.1171875 0.0595703125
0 0.9130859375 0.11865234375 0.09375 0.0673828125
0 0.6103515625 0.6611328125 0.083984375 0.052734375
0 0.5322265625 0.84375 0.064453125 0.046875
0 0.82373046875 0.27685546875 0.0830078125 0.0517578125
0 0.365234375 0.94775390625 0.05859375 0.0771484375
0 0.57470703125 0.87646484375 0.0947265625 0.0400390625
0 0.60888671875 0.30810546875 0.0595703125 0.0693359375
0 0.60107421875 0.0634765625 0.0810546875 0.12109375
0 0.42333984375 0.0888671875 0.0615234375 0.123046875
0 0.63330078125 0.81884765625 0.0634765625 0.0556640625
0 0.79833984375 0.95947265625 0.1123046875 0.0810546875
0 0.81201171875 0.59765625 0.0556640625 0.041015625
0 0.55712890625 0.16552734375 0.0556640625 0.0673828125
0 0.90771484375 0.693359375 0.1337890625 0.041015625
0 0.88671875 0.77978515625 0.119140625 0.0791015625
0 0.5087890625 0.2841796875 0.119140625 0.111328125
0 0.61865234375 0.72216796875 0.1513671875 0.1083984375
0 0.96923828125 0.58935546875 0.0595703125 0.0556640625
0 0.447265625 0.14306640625 0.044921875 0.0947265625
0 0.33837890625 0.8203125 0.0478515625 0.052734375
0 0.357421875 0.18359375 0.0625 0.07421875
0 0.51904296875 0.58447265625 0.0771484375 0.0888671875
0 0.595703125 0.90283203125 0.080078125 0.0771484375
0 0.7470703125 0.28271484375 0.099609375 0.0751953125
0 0.943359375 0.88720703125 0.11328125 0.1025390625
0 0.4501953125 0.5439453125 0.060546875 0.083984375
0 0.47021484375 0.75927734375 0.0615234375 0.0732421875
