0 0.1904296875 0.07958984375 0.361328125 0.1181640625
0 0.4248046875 0.041015625 0.177734375 0.08203125
0 0.3447265625 0.0693359375 0.150390625 0.138671875
0 0.841796875 0.095703125 0.080078125 0.19140625
0 0.2470703125 0.15478515625 0.0625 0.0595703125
0 0.15576171875 0.140625 0.0673828125 0.076171875
0 0.494140625 0.3134765625 0.1171875 0.189453125
0 0.30517578125 0.27392578125 0.1494140625 0.2939453125
0 0.037109375 0.50390625 0.07421875 0.19921875
0 0.765625 0.220703125 0.115234375 0.19140625
0 0.06103515625 0.7158203125 0.1220703125 0.189453125
0 0.865234375 0.2001953125 0.16796875 0.078125
0 0.85302734375 0.2509765625 0.1259765625 0.095703125
0 0.978515625 0.37939453125 0.041015625 0.0869140625
0 0.84423828125 0.44140625 0.2158203125 0.16015625
0 0.8818359375 0.8515625 0.173828125 0.2109375
0 0.58203125 0.4228515625 0.17578125 0.109375
0 0.46533203125 0.4150390625 0.1103515625 0.078125
0 0.4375 0.609375 0.15234375 0.20703125
0 0.4765625 0.48291015625 0.27734375 0.0673828125
0 0.6953125 0.49951171875 0.396484375 0.1220703125
0 0.87109375 0.7802734375 0.15625 0.181640625
0 0.763671875 0.8505859375 0.0703125 0.25390625
0 0.7978515625 0.97705078125 0.046875 0.0439453125
0 0.6484375 0.97900390625 0.0703125 0.0400390625
0 0.5517578125 0.95751953125 0.052734375 0.0830078125
0 0.365234375 0.931640625 0.056640625 0.10546875
0 0.25537109375 0.89892578125 0.1181640625 0.2001953125
0 0.763671875 0.7802734375 0.30078125 0.06640625
0 0.60986328125 0.75390625 0.2744140625 0.333984375
0 0.2919921875 0.80810546875 0.083984375 0.2783203125
0 0.76025390625 0.453125 0.0517578125 0.0390625
0 0.7119140625 0.01025390625 0.029296875 0.0205078125
0 0.98681640625 0.677734375 0.0244140625 0.0390625
0 0.71923828125 0.0654296875 0.1845703125 0.08203125
0 0.650390625 0.01611328125 0.05078125 0.0322265625
0 0.376953125 0.2421875 0.03125 0.05078125
0 0.984375 0.9296875 0.03125 0.060546875
