0 0.13427734375 0.3740234375 0.0498046875 0.08984375
0 0.470703125 0.81298828125 0.072265625 0.0693359375
0 0.90576171875 0.43994140625 0.0771484375 0.0810546875
0 0.02734375 0.1201171875 0.0546875 0.06640625
0 0.75390625 0.859375 0.0625 0.0625
0 0.5224609375 0.4140625 0.052734375 0.048828125
0 0.68408203125 0.2412109375 0.1044921875 0.0625
0 0.072265625 0.10986328125 0.068359375 0.0693359375
0 0.30029296875 0.771484375 0.0654296875 0.068359375
0 0.15478515625 0.685546875 0.0458984375 0.111328125
0 0.4169921875 0.14453125 0.060546875 0.064453125
0 0.35693359375 0.83251953125 0.1279296875 0.1064453125
0 0.02392578125 0.07275390625 0.0478515625 0.0498046875
0 0.86962890625 0.041015625 0.0732421875 0.08203125
0 0.35302734375 0.4306640625 0.0712890625 0.0625
0 0.82421875 0.8740234375 0.107421875 0.052734375
0 0.40087890625 0.26171875 0.0673828125 0.064453125
0 0.6298828125 0.61376953125 0.068359375 0.0634765625
0 0.14697265625 0.59130859375 0.0947265625 0.0849609375
0 0.23095703125 0.59326171875 0.0576171875 0.1181640625
0 0.677734375 0.92041015625 0.064453125 0.0595703125
0 0.025390625 0.2353515625 0.05078125 0.05078125
0 0.19482421875 0.42236328125 0.0615234375 0.0595703125
0 0.95947265625 0.8876953125 0.0810546875 0.109375
0 0.85546875 0.11083984375 0.05078125 0.0556640625
0 0.71630859375 0.29443359375 0.0654296875 0.0732421875
0 0.44921875 0.083984375 0.12890625 0.099609375
0 0.6845703125 0.06298828125 0.078125 0.0712890625
0 0.04052734375 0.857421875 0.0810546875 0.09375
0 0.1103515625 0.80322265625 0.0625 0.1669921875
0 0.560546875 0.26904296875 0.0390625 0.0537109375
0 0.955078125 0.63232421875 0.0546875 0.0498046875
0 0.49951171875 0.533203125 0.0634765625 0.0625
0 0.23779296875 0.24609375 0.1005859375 0.05078125
0 0.64501953125 0.9208984375 0.0361328125 0.076171875
0 0.45556640625 0.27685546875 0.0478515625 0.0615234375
0 0.9345703125 0.5244140625 0.109375 0.05859375
0 0.31201171875 0.099609375 0.0849609375 0.080078125
0 0.77099609375 0.8291015625 0.0615234375 0.10546875
0 0.17724609375 0.357421875 0.0615234375 0.07421875
0 0.86669921875 0.9814453125 0.0673828125 0.037109375
0 0.658203125 0.84912109375 0.072265625 0.0947265625
0 0.0283203125 0.36572265625 0.056640625 0.1103515625
0 0.48388671875 0.94140625 0.1005859375 0.115234375
0 0.76953125 0.0166015625 0.0859375 0.033203125
0 0.333984375 0.37255859375 0.052734375 0.0498046875
0 0.94677734375 0.52099609375 0.1064453125 0.1201171875
0 0.21826171875 0.85498046875 0.0537109375 0.0732421875
