0 0.6533203125 0.8154296875 0.044921875 0.0390625
0 0.67919921875 0.47412109375 0.0478515625 0.0361328125
0 0.845703125 0.32177734375 0.044921875 0.0517578125
0 0.80859375 0.37744140625 0.048828125 0.0400390625
0 0.81884765625 0.24169921875 0.0693359375 0.0439453125
0 0.90283203125 0.142578125 0.0380859375 0.029296875
0 0.814453125 0.02294921875 0.052734375 0.0458984375
0 0.35546875 0.990234375 0.0546875 0.01953125
0 0.4609375 0.98681640625 0.064453125 0.0244140625
0 0.49951171875 0.91748046875 0.0263671875 0.0263671875
0 0.4189453125 0.8857421875 0.015625 0.015625
0 0.39111328125 0.8466796875 0.0615234375 0.0546875
0 0.423828125 0.771484375 0.03125 0.048828125
0 0.4443359375 0.5361328125 0.0625 0.044921875
0 0.57666015625 0.55517578125 0.0751953125 0.0693359375
0 0.4873046875 0.2919921875 0.0625 0.0234375
0 0.3349609375 0.07421875 0.052734375 0.056640625
0 0.3994140625 0.11376953125 0.029296875 0.0283203125
0 0.5654296875 0.01123046875 0.046875 0.0224609375
0 0.060546875 0.9267578125 0.02734375 0.021484375
0 0.0625 0.8896484375 0.04296875 0.0390625
0 0.0361328125 0.84619140625 0.041015625 0.0439453125
0 0.0439453125 0.62548828125 0.03125 0.0341796875
0 0.49462890625 0.25244140625 0.0439453125 0.0517578125
0 0.92919921875 0.05126953125 0.0400390625 0.0517578125
0 0.82666015625 0.109375 0.0400390625 0.046875
0 0.79541015625 0.10400390625 0.0322265625 0.0263671875
0 0.76318359375 0.20947265625 0.0439453125 0.0595703125
0 0.7529296875 0.25146484375 0.021484375 0.0224609375
0 0.76220703125 0.27001953125 0.0244140625 0.0205078125
0 0.76318359375 0.63525390625 0.0556640625 0.0595703125
0 0.50048828125 0.6328125 0.0322265625 0.02734375
0 0.65869140625 0.92041015625 0.0263671875 0.0263671875
0 0.66162109375 0.8876953125 0.0146484375 0.017578125
0 0.013671875 0.650390625 0.02734375 0.025390625
0 0.06298828125 0.47021484375 0.0283203125 0.0478515625
0 0.45556640625 0.955078125 0.0439453125 0.03515625
0 0.3818359375 0.787109375 0.037109375 0.03515625
0 0.41357421875 0.423828125 0.0654296875 0.0703125
0 0.47802734375 0.28662109375 0.0458984375 0.0595703125
0 0.38818359375 0.04248046875 0.0634765625 0.0634765625
0 0.51025390625 0.96240234375 0.0185546875 0.0146484375
0 0.3505859375 0.86865234375 0.025390625 0.0224609375
0 0.68505859375 0.7841796875 0.0361328125 0.02734375
0 0.0029296875 0.27783203125 0.005859375 0.0166015625
0 0.04541015625 0.64990234375 0.0380859375 0.0302734375
0 0.35302734375 0.982421875 0.0341796875 0.03515625
0 0.02978515625 0.01904296875 0.0537109375 0.0380859375
0 0.234375 0.01318359375 0.05078125 0.0263671875
0 0.1474609375 0.16357421875 0.0390625 0.0361328125
0 0.10791015625 0.15771484375 0.0302734375 0.0341796875
0 0.072265625 0.2548828125 0.037109375 0.037109375
0 0.05859375 0.2021484375 0.068359375 0.07421875
0 0.01806640625 0.2041015625 0.0361328125 0.046875
0 0.0185546875 0.2373046875 0.037109375 0.0390625
0 0.013671875 0.400390625 0.02734375 0.056640625
0 0.02734375 0.359375 0.0546875 0.05859375
0 0.0732421875 0.40478515625 0.04296875 0.0439453125
0 0.0625 0.517578125 0.041015625 0.033203125
0 0.04833984375 0.72607421875 0.0556640625 0.0419921875
0 0.10546875 0.71875 0.037109375 0.03515625
0 0.314453125 0.67431640625 0.044921875 0.0400390625
0 0.33203125 0.6416015625 0.0546875 0.044921875
0 0.357421875 0.6171875 0.04296875 0.041015625
0 0.49853515625 0.59912109375 0.0576171875 0.0458984375
0 0.8525390625 0.44384765625 0.044921875 0.0478515625
0 0.826171875 0.48486328125 0.0703125 0.0576171875
0 0.77978515625 0.52978515625 0.0634765625 0.0615234375
0 0.77490234375 0.46337890625 0.0439453125 0.0673828125
0 0.7451171875 0.46923828125 0.02734375 0.0576171875
0 0.6845703125 0.68994140625 0.044921875 0.0517578125
0 0.64599609375 0.673828125 0.0400390625 0.046875
0 0.619140625 0.70361328125 0.0546875 0.0478515625
0 0.80712890625 0.779296875 0.0654296875 0.046875
0 0.7568359375 0.76513671875 0.037109375 0.0478515625
0 0.712890625 0.7470703125 0.0546875 0.041015625
0 0.67724609375 0.9580078125 0.0341796875 0.0390625
0 0.640625 0.9326171875 0.041015625 0.041015625
0 0.30322265625 0.73388671875 0.0615234375 0.0595703125
0 0.36181640625 0.736328125 0.0576171875 0.06640625
0 0.3349609375 0.8212890625 0.044921875 0.04296875
0 0.44775390625 0.8232421875 0.0615234375 0.060546875
0 0.4619140625 0.86767578125 0.048828125 0.0322265625
0 0.33544921875 0.92529296875 0.0400390625 0.0439453125
0 0.40966796875 0.9501953125 0.0439453125 0.048828125
0 0.67578125 0.89892578125 0.0234375 0.0224609375
