0 0.84423828125 0.88720703125 0.0576171875 0.0888671875
0 0.8525390625 0.73291015625 0.052734375 0.0595703125
0 0.9365234375 0.7529296875 0.029296875 0.044921875
0 0.87548828125 0.62548828125 0.0634765625 0.0615234375
0 0.81884765625 0.59228515625 0.0615234375 0.0380859375
0 0.7626953125 0.52734375 0.080078125 0.046875
0 0.685546875 0.603515625 0.078125 0.05078125
0 0.76806640625 0.38330078125 0.0869140625 0.1142578125
0 0.84521484375 0.3515625 0.1181640625 0.046875
0 0.8154296875 0.46044921875 0.09765625 0.0576171875
0 0.7490234375 0.1455078125 0.08203125 0.046875
0 0.837890625 0.07666015625 0.095703125 0.0693359375
0 0.921875 0.15966796875 0.119140625 0.1123046875
0 0.88037109375 0.142578125 0.0908203125 0.07421875
0 0.4619140625 0.08740234375 0.09765625 0.1201171875
0 0.4970703125 0.318359375 0.12109375 0.048828125
0 0.59228515625 0.3828125 0.0439453125 0.046875
0 0.21630859375 0.357421875 0.0341796875 0.046875
0 0.36865234375 0.369140625 0.0595703125 0.048828125
0 0.42041015625 0.365234375 0.0576171875 0.052734375
0 0.48828125 0.41259765625 0.07421875 0.0341796875
0 0.36669921875 0.4814453125 0.1142578125 0.078125
0 0.525390625 0.52490234375 0.072265625 0.0771484375
0 0.37744140625 0.6044921875 0.0673828125 0.044921875
0 0.19921875 0.59814453125 0.05078125 0.0439453125
0 0.2236328125 0.79296875 0.044921875 0.06640625
0 0.291015625 0.734375 0.048828125 0.046875
0 0.34375 0.640625 0.05078125 0.044921875
0 0.1591796875 0.744140625 0.05078125 0.056640625
0 0.0712890625 0.64599609375 0.052734375 0.0341796875
0 0.06201171875 0.6025390625 0.0888671875 0.048828125
0 0.0595703125 0.546875 0.083984375 0.052734375
0 0.05419921875 0.369140625 0.0732421875 0.041015625
0 0.05126953125 0.28564453125 0.0673828125 0.0419921875
0 0.12451171875 0.93701171875 0.0615234375 0.0654296875
0 0.1708984375 0.93212890625 0.048828125 0.0380859375
0 0.34228515625 0.943359375 0.0400390625 0.03515625
0 0.93505859375 0.5693359375 0.0361328125 0.0546875
0 0.072265625 0.04833984375 0.109375 0.0205078125
0 0.9033203125 0.41552734375 0.052734375 0.0400390625
0 0.30078125 0.3037109375 0.04296875 0.03125
0 0.47021484375 0.56103515625 0.0673828125 0.0556640625
0 0.24169921875 0.6435546875 0.0341796875 0.029296875
