0 0.498046875 0.01904296875 0.138671875 0.0380859375
0 0.470703125 0.451171875 0.03125 0.083984375
0 0.60009765625 0.857421875 0.0595703125 0.076171875
0 0.9287109375 0.8935546875 0.037109375 0.048828125
0 0.0576171875 0.572265625 0.0703125 0.08984375
0 0.88427734375 0.91748046875 0.0947265625 0.0498046875
0 0.94140625 0.55810546875 0.041015625 0.1044921875
0 0.25048828125 0.6474609375 0.0654296875 0.046875
0 0.88427734375 0.83544921875 0.0361328125 0.0927734375
0 0.63818359375 0.62841796875 0.0537109375 0.0341796875
0 0.4052734375 0.30078125 0.05859375 0.03125
0 0.68017578125 0.3671875 0.0380859375 0.15625
0 0.54833984375 0.427734375 0.0322265625 0.125
0 0.31298828125 0.12744140625 0.0458984375 0.1005859375
0 0.453125 0.36962890625 0.09375 0.0673828125
0 0.205078125 0.56298828125 0.09375 0.0849609375
0 0.08544921875 0.197265625 0.1416015625 0.046875
0 0.404296875 0.41162109375 0.0546875 0.0380859375
0 0.90380859375 0.517578125 0.0537109375 0.099609375
0 0.154296875 0.150390625 0.072265625 0.1328125
0 0.4423828125 0.44287109375 0.03515625 0.0927734375
0 0.29931640625 0.0322265625 0.0908203125 0.025390625
0 0.75048828125 0.90283203125 0.0439453125 0.0419921875
0 0.38330078125 0.57470703125 0.0849609375 0.0380859375
0 0.80322265625 0.8037109375 0.0263671875 0.1171875
0 0.5263671875 0.50048828125 0.04296875 0.0615234375
0 0.2685546875 0.5400390625 0.072265625 0.056640625
0 0.146484375 0.46923828125 0.05859375 0.0654296875
0 0.23388671875 0.314453125 0.0478515625 0.072265625
0 0.2119140625 0.52197265625 0.064453125 0.0615234375
0 0.75634765625 0.65625 0.0517578125 0.08203125
0 0.96240234375 0.97412109375 0.0654296875 0.0283203125
0 0.60791015625 0.19482421875 0.0283203125 0.1259765625
0 0.3115234375 0.064453125 0.0234375 0.080078125
0 0.64599609375 0.13623046875 0.0693359375 0.1220703125
0 0.17138671875 0.24755859375 0.0537109375 0.1044921875
0 0.91748046875 0.14794921875 0.0439453125 0.0888671875
0 0.14453125 0.5107421875 0.064453125 0.04296875
0 0.7490234375 0.0771484375 0.05859375 0.095703125
0 0.02197265625 0.82275390625 0.0439453125 0.0595703125
0 0.0205078125 0.29541015625 0.041015625 0.0634765625
0 0.23974609375 0.8330078125 0.0634765625 0.080078125
0 0.6240234375 0.81005859375 0.0625 0.0673828125
0 0.84423828125 0.38232421875 0.0498046875 0.0458984375
0 0.55126953125 0.2568359375 0.0576171875 0.05859375
0 0.06591796875 0.03759765625 0.1220703125 0.0361328125
0 0.716796875 0.49609375 0.044921875 0.0625
0 0.26904296875 0.8232421875 0.0634765625 0.11328125
0 0.1884765625 0.587890625 0.0546875 0.0546875
0 0.65576171875 0.71142578125 0.0693359375 0.0556640625
0 0.2734375 0.2509765625 0.0625 0.076171875
0 0.5029296875 0.58251953125 0.052734375 0.0283203125
0 0.2744140625 0.9140625 0.05078125 0.05078125
0 0.73974609375 0.17529296875 0.0400390625 0.1416015625
0 0.18505859375 0.62548828125 0.0556640625 0.0615234375
0 0.47265625 0.5107421875 0.109375 0.0546875
0 0.9306640625 0.86083984375 0.083984375 0.0283203125
0 0.900390625 0.6923828125 0.048828125 0.0703125
0 0.49951171875 0.70751953125 0.0537109375 0.0322265625
0 0.48388671875 0.98046875 0.0361328125 0.03515625
0 0.05029296875 0.841796875 0.0322265625 0.041015625
