0 0.87109375 0.38134765625 0.125 0.1494140625
0 0.923828125 0.2763671875 0.15234375 0.056640625
0 0.0439453125 0.0673828125 0.087890625 0.109375
0 0.3583984375 0.060546875 0.07421875 0.12109375
0 0.54296875 0.2421875 0.13671875 0.0859375
0 0.85595703125 0.82568359375 0.1025390625 0.1181640625
0 0.92578125 0.6181640625 0.1484375 0.130859375
0 0.71728515625 0.97509765625 0.0869140625 0.0478515625
0 0.7392578125 0.73388671875 0.091796875 0.1533203125
0 0.68310546875 0.8154296875 0.1767578125 0.12890625
0 0.501953125 0.6982421875 0.15234375 0.14453125
0 0.67822265625 0.58642578125 0.0751953125 0.2705078125
0 0.951171875 0.79248046875 0.095703125 0.1845703125
0 0.501953125 0.8349609375 0.166015625 0.11328125
0 0.8642578125 0.90625 0.216796875 0.18359375
0 0.982421875 0.95361328125 0.03515625 0.0908203125
0 0.38916015625 0.986328125 0.0634765625 0.025390625
0 0.5009765625 0.990234375 0.060546875 0.017578125
0 0.3154296875 0.95556640625 0.06640625 0.0869140625
0 0.5537109375 0.5947265625 0.19140625 0.068359375
0 0.58935546875 0.40771484375 0.2548828125 0.1025390625
0 0.4287109375 0.49609375 0.220703125 0.17578125
0 0.51318359375 0.49853515625 0.0869140625 0.1806640625
0 0.400390625 0.38916015625 0.14453125 0.0556640625
0 0.1630859375 0.857421875 0.20703125 0.205078125
0 0.0517578125 0.7890625 0.068359375 0.068359375
0 0.0224609375 0.79736328125 0.044921875 0.0947265625
0 0.23828125 0.767578125 0.203125 0.111328125
0 0.1904296875 0.61962890625 0.12109375 0.0830078125
0 0.0556640625 0.3896484375 0.1015625 0.072265625
0 0.05908203125 0.4423828125 0.1181640625 0.083984375
0 0.4072265625 0.341796875 0.259765625 0.056640625
0 0.54345703125 0.1591796875 0.2314453125 0.169921875
0 0.24609375 0.13330078125 0.2421875 0.1181640625
0 0.3408203125 0.28466796875 0.111328125 0.0830078125
0 0.27294921875 0.4619140625 0.0517578125 0.095703125
0 0.1650390625 0.2529296875 0.0390625 0.048828125
0 0.1474609375 0.1884765625 0.083984375 0.078125
0 0.267578125 0.380859375 0.142578125 0.197265625
0 0.7236328125 0.07470703125 0.0546875 0.1416015625
0 0.75439453125 0.1484375 0.1025390625 0.25390625
0 0.6318359375 0.1513671875 0.05859375 0.041015625
0 0.58349609375 0.0283203125 0.0791015625 0.056640625
0 0.66796875 0.0615234375 0.0703125 0.123046875
0 0.1044921875 0.1689453125 0.060546875 0.21875
0 0.822265625 0.025390625 0.1328125 0.05078125
0 0.1708984375 0.0390625 0.095703125 0.078125
0 0.2060546875 0.0546875 0.076171875 0.05859375
0 0.10498046875 0.3212890625 0.0283203125 0.064453125
0 0.13134765625 0.7626953125 0.0791015625 0.041015625
0 0.2490234375 0.77197265625 0.07421875 0.2158203125
0 0.1982421875 0.7353515625 0.04296875 0.1484375
0 0.84912109375 0.08984375 0.1025390625 0.12109375
0 0.3193359375 0.1923828125 0.15234375 0.158203125
0 0.43408203125 0.27001953125 0.0712890625 0.1142578125
0 0.22412109375 0.6064453125 0.1962890625 0.076171875
0 0.2080078125 0.18603515625 0.103515625 0.1220703125
0 0.96484375 0.095703125 0.0703125 0.046875
0 0.93359375 0.03759765625 0.1328125 0.0751953125
0 0.353515625 0.0263671875 0.220703125 0.052734375
0 0.5107421875 0.11328125 0.23046875 0.0703125
