0 0.8515625 0.6123046875 0.05078125 0.052734375
0 0.70947265625 0.8310546875 0.0810546875 0.068359375
0 0.1669921875 0.80517578125 0.072265625 0.0517578125
0 0.37451171875 0.7841796875 0.0751953125 0.087890625
0 0.76708984375 0.1572265625 0.1376953125 0.087890625
0 0.27783203125 0.5908203125 0.0419921875 0.052734375
0 0.37548828125 0.6455078125 0.0869140625 0.0625
0 0.97607421875 0.82373046875 0.0478515625 0.0693359375
0 0.86474609375 0.849609375 0.0927734375 0.06640625
0 0.78173828125 0.2578125 0.0751953125 0.064453125
0 0.32177734375 0.6650390625 0.0947265625 0.064453125
0 0.13525390625 0.20849609375 0.0751953125 0.0830078125
0 0.7060546875 0.26025390625 0.072265625 0.0869140625
0 0.97021484375 0.673828125 0.0595703125 0.146484375
0 0.35009765625 0.3125 0.0810546875 0.107421875
0 0.2373046875 0.63720703125 0.080078125 0.1201171875
0 0.4423828125 0.18017578125 0.109375 0.0673828125
0 0.87451171875 0.544921875 0.0771484375 0.078125
0 0.96533203125 0.298828125 0.0537109375 0.0546875
0 0.20751953125 0.751953125 0.0908203125 0.095703125
0 0.81689453125 0.8642578125 0.0693359375 0.064453125
0 0.49951171875 0.5224609375 0.0966796875 0.095703125
0 0.28515625 0.26416015625 0.068359375 0.1044921875
0 0.2705078125 0.7548828125 0.056640625 0.0703125
0 0.296875 0.798828125 0.072265625 0.046875
0 0.92041015625 0.2890625 0.0830078125 0.130859375
0 0.740234375 0.69677734375 0.05859375 0.0634765625
0 0.34423828125 0.0439453125 0.1025390625 0.080078125
0 0.2109375 0.3896484375 0.091796875 0.080078125
