0 0.9111328125 0.0400390625 0.064453125 0.080078125
0 0.86669921875 0.02001953125 0.0341796875 0.0380859375
0 0.81298828125 0.07080078125 0.0458984375 0.0634765625
0 0.94921875 0.16259765625 0.080078125 0.0771484375
0 0.62353515625 0.0595703125 0.0751953125 0.107421875
0 0.62158203125 0.10888671875 0.0478515625 0.0712890625
0 0.51123046875 0.05029296875 0.1259765625 0.1005859375
0 0.427734375 0.05810546875 0.056640625 0.1162109375
0 0.3154296875 0.0791015625 0.103515625 0.076171875
0 0.251953125 0.0244140625 0.083984375 0.048828125
0 0.197265625 0.03759765625 0.025390625 0.0302734375
0 0.18701171875 0.01708984375 0.0458984375 0.0322265625
0 0.16943359375 0.0634765625 0.0537109375 0.056640625
0 0.1240234375 0.08349609375 0.06640625 0.0634765625
0 0.39111328125 0.166015625 0.0458984375 0.07421875
0 0.5244140625 0.13623046875 0.041015625 0.0771484375
0 0.64892578125 0.205078125 0.0458984375 0.046875
0 0.8076171875 0.26904296875 0.08203125 0.1435546875
0 0.71240234375 0.3515625 0.0439453125 0.0625
0 0.6787109375 0.32470703125 0.06640625 0.0537109375
0 0.64599609375 0.29052734375 0.0654296875 0.0478515625
0 0.60498046875 0.341796875 0.0498046875 0.0546875
0 0.65185546875 0.36669921875 0.0595703125 0.0654296875
0 0.84765625 0.3955078125 0.044921875 0.05859375
0 0.64013671875 0.4482421875 0.0263671875 0.0546875
0 0.6650390625 0.45166015625 0.03125 0.0458984375
0 0.705078125 0.453125 0.03515625 0.0390625
0 0.80126953125 0.4921875 0.0302734375 0.025390625
0 0.44970703125 0.46435546875 0.0341796875 0.0419921875
0 0.419921875 0.458984375 0.02734375 0.02734375
0 0.19580078125 0.498046875 0.0595703125 0.0390625
0 0.33203125 0.5966796875 0.0390625 0.060546875
0 0.30859375 0.57666015625 0.0546875 0.0712890625
0 0.02294921875 0.56591796875 0.0458984375 0.0341796875
0 0.04345703125 0.6015625 0.0869140625 0.041015625
0 0.0888671875 0.62744140625 0.068359375 0.0361328125
0 0.12109375 0.64453125 0.095703125 0.029296875
0 0.162109375 0.66552734375 0.08203125 0.0498046875
0 0.32861328125 0.70068359375 0.0400390625 0.0439453125
0 0.29638671875 0.62890625 0.0908203125 0.037109375
0 0.27685546875 0.70068359375 0.0576171875 0.0830078125
0 0.30712890625 0.65625 0.0732421875 0.021484375
0 0.240234375 0.65673828125 0.02734375 0.0400390625
0 0.21337890625 0.8134765625 0.0478515625 0.111328125
0 0.169921875 0.8642578125 0.078125 0.154296875
0 0.15087890625 0.76171875 0.0498046875 0.0390625
0 0.072265625 0.6953125 0.06640625 0.037109375
0 0.0517578125 0.8134765625 0.05859375 0.060546875
0 0.10009765625 0.853515625 0.1240234375 0.037109375
0 0.26611328125 0.87890625 0.0517578125 0.03515625
0 0.28125 0.912109375 0.0625 0.04296875
0 0.42919921875 0.798828125 0.0751953125 0.083984375
0 0.27685546875 0.953125 0.0498046875 0.048828125
0 0.228515625 0.96435546875 0.04296875 0.0322265625
0 0.177734375 0.94140625 0.044921875 0.052734375
0 0.0341796875 0.955078125 0.052734375 0.060546875
0 0.076171875 0.98828125 0.060546875 0.0234375
0 0.02294921875 0.98583984375 0.0458984375 0.0283203125
0 0.60400390625 0.76904296875 0.1201171875 0.0673828125
0 0.5205078125 0.78271484375 0.08203125 0.0458984375
0 0.72265625 0.7890625 0.025390625 0.0234375
0 0.70654296875 0.91162109375 0.0634765625 0.0791015625
0 0.80322265625 0.833984375 0.0830078125 0.1171875
0 0.90869140625 0.81494140625 0.0947265625 0.0888671875
0 0.974609375 0.8974609375 0.044921875 0.05078125
0 0.796875 0.724609375 0.025390625 0.03125
0 0.71484375 0.6455078125 0.041015625 0.0625
0 0.19384765625 0.5263671875 0.0595703125 0.03125
0 0.38818359375 0.8662109375 0.0185546875 0.013671875
