0 0.572265625 0.33935546875 0.08203125 0.0888671875
0 0.119140625 0.6513671875 0.037109375 0.046875
0 0.5927734375 0.24951171875 0.056640625 0.0634765625
0 0.60986328125 0.73095703125 0.0732421875 0.0615234375
0 0.046875 0.1279296875 0.060546875 0.060546875
0 0.25341796875 0.1044921875 0.0771484375 0.05859375
0 0.18359375 0.85009765625 0.12109375 0.0810546875
0 0.470703125 0.15576171875 0.07421875 0.1103515625
0 0.14453125 0.0224609375 0.0546875 0.044921875
0 0.814453125 0.33984375 0.083984375 0.10546875
0 0.82861328125 0.5146484375 0.0869140625 0.103515625
0 0.31298828125 0.75048828125 0.0673828125 0.0908203125
0 0.79150390625 0.603515625 0.0693359375 0.083984375
0 0.10595703125 0.40625 0.1513671875 0.109375
0 0.9580078125 0.09765625 0.0703125 0.1015625
0 0.06201171875 0.962890625 0.1220703125 0.07421875
0 0.9267578125 0.03857421875 0.056640625 0.0771484375
0 0.64453125 0.4794921875 0.072265625 0.119140625
0 0.4140625 0.21533203125 0.07421875 0.1533203125
0 0.23583984375 0.59375 0.1240234375 0.072265625
0 0.9814453125 0.38671875 0.037109375 0.095703125
0 0.38623046875 0.97314453125 0.0673828125 0.0537109375
0 0.84765625 0.111328125 0.078125 0.064453125
0 0.47021484375 0.9736328125 0.0791015625 0.052734375
0 0.72021484375 0.142578125 0.0751953125 0.11328125
0 0.20947265625 0.02294921875 0.1220703125 0.0458984375
0 0.5302734375 0.47265625 0.08203125 0.10546875
0 0.05859375 0.72119140625 0.091796875 0.0673828125
0 0.76611328125 0.22509765625 0.0634765625 0.0693359375
0 0.69287109375 0.95556640625 0.0634765625 0.0458984375
0 0.078125 0.552734375 0.12109375 0.10546875
0 0.720703125 0.603515625 0.08203125 0.076171875
0 0.2861328125 0.31103515625 0.0546875 0.1533203125
0 0.326171875 0.1025390625 0.083984375 0.091796875
0 0.79736328125 0.91943359375 0.0576171875 0.0771484375
0 0.44775390625 0.0517578125 0.0771484375 0.0625
0 0.28515625 0.31103515625 0.0546875 0.1533203125
0 0.4521484375 0.54150390625 0.07421875 0.1044921875
0 0.2939453125 0.49951171875 0.083984375 0.1142578125
0 0.056640625 0.80908203125 0.11328125 0.0615234375
0 0.91552734375 0.17822265625 0.1005859375 0.0576171875
0 0.58447265625 0.1572265625 0.0732421875 0.06640625
0 0.271484375 0.78955078125 0.09375 0.1064453125
0 0.103515625 0.22900390625 0.076171875 0.0732421875
0 0.77880859375 0.71533203125 0.0830078125 0.0830078125
