0 0.68115234375 0.31884765625 0.0849609375 0.0947265625
0 0.775390625 0.5771484375 0.078125 0.123046875
0 0.47900390625 0.28857421875 0.1064453125 0.1669921875
0 0.27783203125 0.94677734375 0.0458984375 0.0791015625
0 0.89306640625 0.7705078125 0.0849609375 0.248046875
0 0.541015625 0.6962890625 0.0390625 0.033203125
0 0.07861328125 0.7890625 0.0693359375 0.052734375
0 0.76171875 0.8525390625 0.162109375 0.099609375
0 0.52392578125 0.44384765625 0.0615234375 0.0537109375
0 0.2978515625 0.81982421875 0.111328125 0.2041015625
0 0.95263671875 0.6435546875 0.0927734375 0.125
0 0.07470703125 0.583984375 0.0791015625 0.162109375
0 0.720703125 0.34130859375 0.0859375 0.0732421875
0 0.5458984375 0.9501953125 0.087890625 0.064453125
0 0.31787109375 0.96728515625 0.0615234375 0.0654296875
0 0.90283203125 0.916015625 0.0556640625 0.11328125
0 0.31884765625 0.62841796875 0.0888671875 0.0537109375
0 0.52978515625 0.4912109375 0.2255859375 0.15234375
0 0.2509765625 0.29150390625 0.076171875 0.1435546875
0 0.68115234375 0.2353515625 0.2255859375 0.119140625
0 0.3544921875 0.25 0.07421875 0.1328125
0 0.40625 0.138671875 0.0625 0.06640625
0 0.31298828125 0.052734375 0.0986328125 0.10546875
0 0.97705078125 0.27587890625 0.0458984375 0.0771484375
0 0.6123046875 0.5888671875 0.068359375 0.078125
0 0.359375 0.369140625 0.087890625 0.12890625
0 0.11669921875 0.90576171875 0.0693359375 0.1259765625
0 0.1455078125 0.4169921875 0.078125 0.078125
0 0.8115234375 0.71435546875 0.115234375 0.2373046875
0 0.18017578125 0.482421875 0.1044921875 0.087890625
0 0.1806640625 0.6259765625 0.080078125 0.095703125
0 0.1689453125 0.0791015625 0.125 0.158203125
0 0.39794921875 0.76513671875 0.1279296875 0.2529296875
0 0.396484375 0.08837890625 0.080078125 0.1767578125
0 0.40771484375 0.59619140625 0.0693359375 0.0849609375
