0 0.45458984375 0.37744140625 0.0361328125 0.0654296875
0 0.54248046875 0.63671875 0.0947265625 0.107421875
0 0.6064453125 0.53173828125 0.05078125 0.0712890625
0 0.697265625 0.8359375 0.076171875 0.076171875
0 0.12451171875 0.35693359375 0.0537109375 0.0732421875
0 0.83056640625 0.98291015625 0.1201171875 0.0341796875
0 0.86376953125 0.55078125 0.1083984375 0.109375
0 0.982421875 0.45947265625 0.03515625 0.0732421875
0 0.853515625 0.83349609375 0.078125 0.0712890625
0 0.04052734375 0.96337890625 0.0810546875 0.0732421875
0 0.6240234375 0.96630859375 0.099609375 0.0673828125
0 0.1767578125 0.35498046875 0.0625 0.0830078125
0 0.16357421875 0.0546875 0.0908203125 0.09765625
0 0.07373046875 0.29931640625 0.0771484375 0.0654296875
0 0.67578125 0.88427734375 0.078125 0.0673828125
0 0.8564453125 0.10498046875 0.080078125 0.0712890625
0 0.04736328125 0.455078125 0.0693359375 0.068359375
0 0.21435546875 0.49755859375 0.1005859375 0.0654296875
0 0.1044921875 0.46923828125 0.060546875 0.0576171875
0 0.119140625 0.1337890625 0.0859375 0.0859375
0 0.916015625 0.04541015625 0.109375 0.0673828125
0 0.60498046875 0.9130859375 0.1240234375 0.078125
0 0.5791015625 0.73193359375 0.064453125 0.0849609375
0 0.1826171875 0.25830078125 0.095703125 0.0888671875
0 0.43212890625 0.8017578125 0.1181640625 0.083984375
0 0.54736328125 0.5517578125 0.0556640625 0.08203125
0 0.759765625 0.0283203125 0.068359375 0.0546875
0 0.029296875 0.90185546875 0.05859375 0.0732421875
0 0.1220703125 0.61572265625 0.056640625 0.0537109375
0 0.5419921875 0.4384765625 0.060546875 0.07421875
0 0.95703125 0.427734375 0.0546875 0.05859375
0 0.33935546875 0.34716796875 0.0634765625 0.0615234375
0 0.2529296875 0.69970703125 0.09765625 0.0849609375
0 0.70751953125 0.505859375 0.0751953125 0.0703125
0 0.48583984375 0.91748046875 0.0830078125 0.0908203125
0 0.87548828125 0.962890625 0.0849609375 0.052734375
0 0.2744140625 0.02490234375 0.080078125 0.0478515625
0 0.0146484375 0.30810546875 0.029296875 0.0771484375
0 0.7548828125 0.64013671875 0.05078125 0.0810546875
0 0.0546875 0.80859375 0.109375 0.115234375
0 0.91552734375 0.82177734375 0.0849609375 0.0712890625
0 0.5478515625 0.70849609375 0.048828125 0.0751953125
0 0.9677734375 0.5205078125 0.064453125 0.06640625
0 0.46484375 0.21142578125 0.060546875 0.0869140625
0 0.0302734375 0.5341796875 0.060546875 0.076171875
