0 0.107421875 0.84716796875 0.0859375 0.0576171875
0 0.4697265625 0.5126953125 0.068359375 0.072265625
0 0.20068359375 0.029296875 0.0654296875 0.05859375
0 0.95849609375 0.5859375 0.0458984375 0.04296875
0 0.75634765625 0.02197265625 0.0556640625 0.0439453125
0 0.86474609375 0.93701171875 0.0595703125 0.0712890625
0 0.9765625 0.34375 0.046875 0.068359375
0 0.94873046875 0.03662109375 0.0576171875 0.0732421875
0 0.79833984375 0.28466796875 0.0712890625 0.0693359375
0 0.93896484375 0.80908203125 0.0849609375 0.0947265625
0 0.8603515625 0.5234375 0.0703125 0.07421875
0 0.69189453125 0.509765625 0.0771484375 0.0625
0 0.486328125 0.85888671875 0.068359375 0.0966796875
0 0.38916015625 0.84814453125 0.0927734375 0.0537109375
0 0.9326171875 0.376953125 0.07421875 0.06640625
0 0.26416015625 0.94482421875 0.0576171875 0.0654296875
0 0.06396484375 0.10693359375 0.0771484375 0.0654296875
0 0.88623046875 0.41064453125 0.0693359375 0.0654296875
0 0.275390625 0.8095703125 0.064453125 0.05859375
0 0.87060546875 0.4716796875 0.0947265625 0.064453125
0 0.2158203125 0.81298828125 0.07421875 0.0693359375
0 0.62890625 0.75244140625 0.05078125 0.0517578125
0 0.548828125 0.041015625 0.0625 0.08203125
0 0.24609375 0.03173828125 0.05078125 0.0556640625
0 0.21240234375 0.95654296875 0.0673828125 0.0654296875
0 0.88671875 0.6083984375 0.078125 0.06640625
0 0.96826171875 0.4814453125 0.0634765625 0.087890625
0 0.97314453125 0.21142578125 0.0537109375 0.0517578125
0 0.56298828125 0.58935546875 0.0712890625 0.0595703125
0 0.76708984375 0.44921875 0.0810546875 0.080078125
0 0.6142578125 0.6904296875 0.07421875 0.076171875
0 0.96044921875 0.89599609375 0.0791015625 0.1044921875
0 0.77880859375 0.9423828125 0.1279296875 0.0625
0 0.7080078125 0.6591796875 0.072265625 0.083984375
0 0.728515625 0.40185546875 0.056640625 0.0654296875
0 0.9658203125 0.6318359375 0.06640625 0.0703125
0 0.775390625 0.58349609375 0.07421875 0.0615234375
0 0.1748046875 0.2880859375 0.140625 0.111328125
0 0.787109375 0.65380859375 0.080078125 0.0693359375
0 0.01953125 0.21923828125 0.0390625 0.0732421875
0 0.38232421875 0.8984375 0.0751953125 0.07421875
0 0.3056640625 0.8662109375 0.078125 0.080078125
0 0.62646484375 0.42333984375 0.1083984375 0.0849609375
0 0.2021484375 0.71337890625 0.0703125 0.0791015625
0 0.87890625 0.7822265625 0.06640625 0.072265625
0 0.494140625 0.59375 0.05859375 0.083984375
0 0.3857421875 0.5341796875 0.09375 0.095703125
0 0.6455078125 0.0380859375 0.078125 0.07421875
0 0.974609375 0.04248046875 0.05078125 0.0732421875
0 0.39599609375 0.03759765625 0.1103515625 0.0712890625
0 0.58203125 0.85400390625 0.078125 0.0830078125
0 0.6044921875 0.525390625 0.07421875 0.0703125
