0 0.05615234375 0.97607421875 0.0732421875 0.0458984375
0 0.75732421875 0.85205078125 0.0693359375 0.0634765625
0 0.41357421875 0.76806640625 0.0927734375 0.0771484375
0 0.6171875 0.8984375 0.052734375 0.056640625
0 0.72216796875 0.1767578125 0.0576171875 0.064453125
0 0.06884765625 0.197265625 0.0498046875 0.037109375
0 0.54296875 0.380859375 0.0625 0.060546875
0 0.7490234375 0.2724609375 0.068359375 0.076171875
0 0.07275390625 0.6923828125 0.0732421875 0.07421875
0 0.814453125 0.0224609375 0.083984375 0.044921875
0 0.65185546875 0.71875 0.0634765625 0.05078125
0 0.7470703125 0.70361328125 0.099609375 0.1025390625
0 0.12158203125 0.33203125 0.0732421875 0.048828125
0 0.765625 0.1748046875 0.041015625 0.05078125
0 0.81982421875 0.9462890625 0.0830078125 0.037109375
0 0.037109375 0.810546875 0.0703125 0.0625
0 0.13671875 0.22802734375 0.07421875 0.0595703125
0 0.6923828125 0.09423828125 0.044921875 0.0361328125
0 0.66064453125 0.9736328125 0.0771484375 0.052734375
0 0.77294921875 0.49267578125 0.0869140625 0.0673828125
0 0.0986328125 0.02783203125 0.072265625 0.0517578125
0 0.650390625 0.775390625 0.064453125 0.052734375
0 0.15087890625 0.8720703125 0.0517578125 0.056640625
