0 0.90966796875 0.2470703125 0.1298828125 0.109375
0 0.72607421875 0.2666015625 0.0888671875 0.052734375
0 0.95703125 0.56591796875 0.080078125 0.0673828125
0 0.73828125 0.23388671875 0.078125 0.0302734375
0 0.955078125 0.89453125 0.08984375 0.095703125
0 0.962890625 0.46435546875 0.07421875 0.1103515625
0 0.7470703125 0.73876953125 0.0625 0.0537109375
0 0.81591796875 0.47802734375 0.0927734375 0.0771484375
0 0.65576171875 0.05419921875 0.1279296875 0.1083984375
0 0.9501953125 0.35595703125 0.099609375 0.0732421875
0 0.87890625 0.568359375 0.068359375 0.064453125
0 0.92138671875 0.8046875 0.1572265625 0.080078125
0 0.6904296875 0.6796875 0.07421875 0.05859375
0 0.90673828125 0.140625 0.1201171875 0.087890625
0 0.783203125 0.14697265625 0.13671875 0.0947265625
0 0.677734375 0.55859375 0.072265625 0.0546875
