0 0.302734375 0.1708984375 0.0859375 0.07421875
0 0.203125 0.958984375 0.0625 0.046875
0 0.5771484375 0.08837890625 0.126953125 0.1279296875
0 0.94970703125 0.33203125 0.0673828125 0.0546875
0 0.76513671875 0.13232421875 0.2333984375 0.1201171875
0 0.50439453125 0.2255859375 0.0908203125 0.068359375
0 0.943359375 0.66943359375 0.078125 0.0654296875
0 0.35107421875 0.3642578125 0.0927734375 0.0625
0 0.03125 0.54345703125 0.0625 0.0927734375
0 0.96435546875 0.73974609375 0.0712890625 0.0947265625
0 0.015625 0.03466796875 0.029296875 0.0498046875
0 0.44775390625 0.826171875 0.1201171875 0.08984375
0 0.02978515625 0.70654296875 0.0595703125 0.0615234375
0 0.42578125 0.07177734375 0.13671875 0.0849609375
0 0.697265625 0.2373046875 0.26953125 0.16015625
0 0.1416015625 0.9638671875 0.115234375 0.072265625
0 0.720703125 0.59814453125 0.1328125 0.1025390625
0 0.47216796875 0.68798828125 0.1005859375 0.0771484375
