0 0.23828125 0.03466796875 0.078125 0.0693359375
0 0.16259765625 0.80908203125 0.0732421875 0.0927734375
0 0.55126953125 0.1787109375 0.0576171875 0.052734375
0 0.12255859375 0.71484375 0.0595703125 0.05859375
0 0.5380859375 0.91162109375 0.03125 0.0244140625
0 0.3544921875 0.96826171875 0.07421875 0.0595703125
0 0.40625 0.33837890625 0.083984375 0.0498046875
0 0.765625 0.3583984375 0.078125 0.0390625
0 0.35546875 0.8134765625 0.052734375 0.05078125
0 0.4716796875 0.39599609375 0.083984375 0.0732421875
0 0.95751953125 0.14208984375 0.0693359375 0.0458984375
0 0.76123046875 0.59423828125 0.0751953125 0.0537109375
0 0.1103515625 0.34912109375 0.044921875 0.0576171875
0 0.25439453125 0.78271484375 0.0654296875 0.0615234375
0 0.31884765625 0.7216796875 0.0634765625 0.068359375
0 0.615234375 0.08740234375 0.091796875 0.0654296875
0 0.6474609375 0.818359375 0.064453125 0.046875
0 0.470703125 0.9345703125 0.083984375 0.060546875
0 0.96533203125 0.853515625 0.0595703125 0.056640625
0 0.94677734375 0.54296875 0.0751953125 0.0625
0 0.29052734375 0.08544921875 0.0634765625 0.0693359375
0 0.4453125 0.20166015625 0.07421875 0.0537109375
0 0.35107421875 0.5146484375 0.0771484375 0.08203125
