0 0.96240234375 0.38525390625 0.0712890625 0.0556640625
0 0.29541015625 0.1357421875 0.0478515625 0.083984375
0 0.38916015625 0.8408203125 0.0908203125 0.078125
0 0.2255859375 0.685546875 0.125 0.11328125
0 0.87255859375 0.96044921875 0.0869140625 0.0791015625
0 0.25830078125 0.65478515625 0.0947265625 0.0654296875
0 0.76953125 0.10302734375 0.138671875 0.1435546875
0 0.38525390625 0.93603515625 0.0986328125 0.1220703125
0 0.97900390625 0.5908203125 0.0419921875 0.0859375
0 0.03271484375 0.4658203125 0.0595703125 0.1796875
0 0.52880859375 0.9697265625 0.1044921875 0.060546875
0 0.24853515625 0.79443359375 0.0791015625 0.0830078125
0 0.38623046875 0.79248046875 0.1005859375 0.1142578125
0 0.49267578125 0.7548828125 0.1064453125 0.10546875
0 0.94970703125 0.15625 0.1005859375 0.078125
0 0.70703125 0.40576171875 0.076171875 0.0517578125
0 0.19873046875 0.16455078125 0.0615234375 0.2177734375
0 0.63134765625 0.873046875 0.1708984375 0.18359375
0 0.18115234375 0.380859375 0.0595703125 0.12890625
0 0.591796875 0.03271484375 0.103515625 0.0654296875
0 0.86474609375 0.77587890625 0.1435546875 0.1005859375
0 0.0390625 0.3583984375 0.060546875 0.05859375
0 0.10009765625 0.65966796875 0.0712890625 0.1298828125
0 0.08984375 0.91552734375 0.1796875 0.1611328125
0 0.77880859375 0.60498046875 0.1201171875 0.0830078125
0 0.34912109375 0.28564453125 0.0830078125 0.1513671875
0 0.134765625 0.8876953125 0.087890625 0.041015625
0 0.021484375 0.197265625 0.04296875 0.142578125
0 0.10595703125 0.404296875 0.0419921875 0.052734375
0 0.236328125 0.7353515625 0.0859375 0.0703125
0 0.517578125 0.31494140625 0.076171875 0.1083984375
0 0.8271484375 0.44580078125 0.11328125 0.1533203125
