0 0.76953125 0.07080078125 0.064453125 0.0576171875
0 0.408203125 0.97509765625 0.0625 0.0498046875
0 0.9619140625 0.0224609375 0.07421875 0.0390625
0 0.828125 0.205078125 0.0703125 0.046875
0 0.66796875 0.08251953125 0.0390625 0.0283203125
0 0.59521484375 0.87841796875 0.0634765625 0.0615234375
0 0.7275390625 0.79345703125 0.0546875 0.0693359375
0 0.77880859375 0.9208984375 0.0419921875 0.0625
0 0.791015625 0.24169921875 0.064453125 0.0478515625
0 0.6005859375 0.97607421875 0.068359375 0.0478515625
0 0.5693359375 0.8505859375 0.060546875 0.06640625
