0 0.5185546875 0.5703125 0.0703125 0.05859375
0 0.07421875 0.09375 0.0546875 0.056640625
0 0.1259765625 0.21630859375 0.046875 0.0419921875
0 0.9775390625 0.0419921875 0.037109375 0.044921875
0 0.36328125 0.544921875 0.029296875 0.029296875
0 0.4951171875 0.88623046875 0.046875 0.0283203125
0 0.62548828125 0.7099609375 0.0673828125 0.025390625
0 0.146484375 0.38037109375 0.04296875 0.0380859375
0 0.0283203125 0.6240234375 0.0390625 0.029296875
0 0.888671875 0.20703125 0.0625 0.04296875
0 0.87451171875 0.91162109375 0.0634765625 0.0361328125
0 0.65283203125 0.8076171875 0.0810546875 0.080078125
0 0.771484375 0.4814453125 0.080078125 0.060546875
0 0.86279296875 0.740234375 0.0908203125 0.052734375
0 0.568359375 0.10205078125 0.056640625 0.0478515625
0 0.86083984375 0.85400390625 0.0537109375 0.0478515625
0 0.03125 0.4169921875 0.046875 0.05078125
0 0.439453125 0.9521484375 0.05078125 0.03515625
0 0.76318359375 0.646484375 0.0966796875 0.078125
0 0.45361328125 0.68896484375 0.0693359375 0.0478515625
0 0.38232421875 0.84228515625 0.0458984375 0.0478515625
0 0.46923828125 0.6494140625 0.1103515625 0.04296875
0 0.38818359375 0.73193359375 0.0556640625 0.0478515625
0 0.79736328125 0.31591796875 0.0751953125 0.0361328125
0 0.03125 0.7900390625 0.041015625 0.115234375
0 0.58984375 0.33154296875 0.04296875 0.0400390625
0 0.84814453125 0.36865234375 0.0830078125 0.0439453125
0 0.94091796875 0.90673828125 0.0654296875 0.0458984375
0 0.197265625 0.97607421875 0.0859375 0.0478515625
0 0.6455078125 0.44140625 0.0390625 0.033203125
0 0.35009765625 0.7958984375 0.0498046875 0.044921875
0 0.896484375 0.41943359375 0.04296875 0.0361328125
0 0.033203125 0.19287109375 0.06640625 0.0439453125
0 0.6337890625 0.22021484375 0.0546875 0.0341796875
0 0.18212890625 0.27099609375 0.0498046875 0.0478515625
0 0.27197265625 0.5029296875 0.1064453125 0.095703125
0 0.45703125 0.734375 0.0625 0.044921875
0 0.22998046875 0.9296875 0.0634765625 0.037109375
0 0.203125 0.24560546875 0.078125 0.0693359375
0 0.6279296875 0.908203125 0.0625 0.060546875
0 0.56005859375 0.97119140625 0.0517578125 0.0517578125
0 0.96484375 0.11328125 0.068359375 0.033203125
0 0.82568359375 0.92578125 0.0615234375 0.056640625
0 0.08837890625 0.7958984375 0.0419921875 0.02734375
0 0.255859375 0.82275390625 0.041015625 0.0380859375
0 0.3544921875 0.60791015625 0.0546875 0.0361328125
0 0.259765625 0.611328125 0.099609375 0.091796875
0 0.45751953125 0.1357421875 0.0986328125 0.046875
0 0.13671875 0.90087890625 0.033203125 0.0478515625
0 0.77587890625 0.91552734375 0.0556640625 0.0537109375
0 0.1279296875 0.28955078125 0.02734375 0.0380859375
0 0.96044921875 0.71044921875 0.0712890625 0.0400390625
0 0.08056640625 0.626953125 0.0400390625 0.02734375
0 0.64453125 0.3515625 0.03515625 0.046875
0 0.04736328125 0.0634765625 0.0439453125 0.048828125
0 0.70849609375 0.51123046875 0.0517578125 0.0615234375
0 0.4892578125 0.01318359375 0.11328125 0.0263671875
0 0.96923828125 0.365234375 0.0498046875 0.033203125
0 0.17626953125 0.7158203125 0.0380859375 0.02734375
0 0.38916015625 0.1181640625 0.0419921875 0.03125
0 0.14599609375 0.4501953125 0.0673828125 0.02734375
0 0.138671875 0.0595703125 0.056640625 0.041015625
0 0.39453125 0.2822265625 0.048828125 0.037109375
0 0.58642578125 0.7158203125 0.0615234375 0.037109375
0 0.14453125 0.345703125 0.05859375 0.03125
0 0.45751953125 0.43359375 0.0693359375 0.04296875
0 0.1533203125 0.525390625 0.078125 0.087890625
0 0.05419921875 0.3154296875 0.0322265625 0.029296875
0 0.4951171875 0.62744140625 0.05859375 0.0283203125
0 0.93701171875 0.240234375 0.0927734375 0.0390625
0 0.3759765625 0.658203125 0.048828125 0.064453125
0 0.7197265625 0.4140625 0.0390625 0.03125
0 0.94775390625 0.49169921875 0.0458984375 0.1181640625
0 0.75732421875 0.3525390625 0.0498046875 0.046875
0 0.04150390625 0.49267578125 0.0439453125 0.0576171875
0 0.5107421875 0.4208984375 0.041015625 0.0390625
0 0.66455078125 0.51025390625 0.0498046875 0.0634765625
