0 0.83154296875 0.9541015625 0.0830078125 0.064453125
0 0.515625 0.67578125 0.099609375 0.0703125
0 0.97021484375 0.8544921875 0.0498046875 0.056640625
0 0.48095703125 0.96630859375 0.1220703125 0.0439453125
0 0.94873046875 0.197265625 0.1005859375 0.07421875
0 0.2763671875 0.146484375 0.037109375 0.03125
0 0.359375 0.21728515625 0.08984375 0.0849609375
0 0.392578125 0.76611328125 0.0546875 0.0556640625
0 0.36328125 0.73486328125 0.064453125 0.0498046875
0 0.8818359375 0.6474609375 0.095703125 0.080078125
0 0.94970703125 0.8671875 0.0966796875 0.08203125
0 0.67578125 0.16748046875 0.109375 0.0732421875
0 0.96923828125 0.3427734375 0.0595703125 0.060546875
0 0.5244140625 0.021484375 0.076171875 0.04296875
0 0.453125 0.87548828125 0.0625 0.0439453125
0 0.734375 0.97509765625 0.06640625 0.0439453125
0 0.26708984375 0.986328125 0.0791015625 0.025390625
0 0.5009765625 0.2646484375 0.08203125 0.0703125
0 0.64208984375 0.37451171875 0.1357421875 0.0830078125
0 0.83837890625 0.71728515625 0.0947265625 0.0654296875
0 0.345703125 0.97705078125 0.08984375 0.0458984375
0 0.9267578125 0.7392578125 0.099609375 0.060546875
0 0.43408203125 0.03955078125 0.0556640625 0.0419921875
0 0.39501953125 0.408203125 0.0849609375 0.056640625
0 0.91796875 0.07958984375 0.109375 0.0654296875
0 0.365234375 0.3193359375 0.087890625 0.068359375
0 0.5166015625 0.10693359375 0.08984375 0.0634765625
