0 0.94970703125 0.90673828125 0.1005859375 0.0751953125
0 0.5048828125 0.4580078125 0.068359375 0.248046875
0 0.646484375 0.06884765625 0.060546875 0.0634765625
0 0.220703125 0.23779296875 0.048828125 0.0595703125
0 0.85400390625 0.9541015625 0.0380859375 0.044921875
0 0.70703125 0.7685546875 0.09765625 0.068359375
0 0.34521484375 0.89892578125 0.0947265625 0.0576171875
0 0.939453125 0.0361328125 0.076171875 0.072265625
0 0.013671875 0.32861328125 0.02734375 0.0634765625
0 0.81982421875 0.96240234375 0.0439453125 0.0439453125
0 0.51171875 0.7138671875 0.056640625 0.068359375
0 0.75 0.93994140625 0.056640625 0.0966796875
0 0.62939453125 0.6396484375 0.0537109375 0.0625
0 0.11669921875 0.43017578125 0.0576171875 0.0732421875
0 0.9072265625 0.9443359375 0.056640625 0.06640625
0 0.49658203125 0.09814453125 0.1044921875 0.0556640625
0 0.7490234375 0.6435546875 0.064453125 0.056640625
0 0.5068359375 0.5859375 0.060546875 0.107421875
0 0.1611328125 0.75 0.1171875 0.064453125
0 0.376953125 0.962890625 0.072265625 0.072265625
0 0.06494140625 0.08203125 0.0673828125 0.087890625
0 0.08740234375 0.2763671875 0.0517578125 0.05859375
0 0.54638671875 0.1708984375 0.0771484375 0.05859375
0 0.087890625 0.34912109375 0.05859375 0.0478515625
0 0.2509765625 0.576171875 0.0390625 0.087890625
0 0.8076171875 0.87109375 0.044921875 0.07421875
0 0.7744140625 0.20947265625 0.06640625 0.0771484375
0 0.89013671875 0.3701171875 0.2177734375 0.060546875
0 0.38720703125 0.212890625 0.1669921875 0.162109375
0 0.21875 0.689453125 0.064453125 0.0703125
0 0.11279296875 0.16748046875 0.0849609375 0.0654296875
0 0.67236328125 0.95556640625 0.1044921875 0.0830078125
0 0.61083984375 0.71044921875 0.0751953125 0.0654296875
0 0.2822265625 0.1611328125 0.048828125 0.041015625
0 0.37158203125 0.5146484375 0.1337890625 0.12109375
0 0.96923828125 0.95263671875 0.0615234375 0.0439453125
0 0.0263671875 0.75732421875 0.05078125 0.0498046875
0 0.703125 0.8701171875 0.0703125 0.041015625
0 0.96728515625 0.26220703125 0.0654296875 0.0810546875
0 0.2109375 0.17578125 0.06640625 0.05859375
0 0.421875 0.087890625 0.0703125 0.09765625
0 0.380859375 0.75927734375 0.0859375 0.0927734375
0 0.93310546875 0.140625 0.0693359375 0.06640625
