0 0.779296875 0.66259765625 0.060546875 0.0732421875
0 0.1259765625 0.8564453125 0.041015625 0.03125
0 0.96435546875 0.1533203125 0.0712890625 0.072265625
0 0.9580078125 0.1064453125 0.05078125 0.041015625
0 0.841796875 0.55224609375 0.0625 0.0673828125
0 0.12939453125 0.78369140625 0.0400390625 0.0478515625
0 0.3486328125 0.26708984375 0.0625 0.0732421875
0 0.12744140625 0.1689453125 0.0849609375 0.0703125
0 0.2958984375 0.484375 0.044921875 0.064453125
0 0.73583984375 0.916015625 0.0380859375 0.041015625
0 0.06689453125 0.20458984375 0.0673828125 0.0712890625
0 0.9267578125 0.04248046875 0.068359375 0.0751953125
0 0.16259765625 0.52734375 0.0810546875 0.078125
0 0.81640625 0.31396484375 0.083984375 0.0947265625
0 0.28173828125 0.62890625 0.0458984375 0.052734375
0 0.89501953125 0.34765625 0.0673828125 0.068359375
