0 0.3759765625 0.0302734375 0.095703125 0.05859375
0 0.3720703125 0.93310546875 0.0625 0.0419921875
0 0.619140625 0.93359375 0.099609375 0.125
0 0.1259765625 0.89794921875 0.056640625 0.1064453125
0 0.45556640625 0.96875 0.0751953125 0.048828125
0 0.9384765625 0.32275390625 0.04296875 0.0615234375
0 0.9609375 0.1748046875 0.0703125 0.046875
0 0.67431640625 0.712890625 0.0478515625 0.064453125
0 0.7890625 0.19921875 0.095703125 0.06640625
0 0.23583984375 0.8837890625 0.0634765625 0.181640625
0 0.5126953125 0.30908203125 0.15234375 0.0712890625
0 0.2587890625 0.22900390625 0.060546875 0.0478515625
0 0.56298828125 0.21337890625 0.1181640625 0.0595703125
0 0.08642578125 0.86083984375 0.0673828125 0.1181640625
0 0.18798828125 0.4169921875 0.0673828125 0.111328125
0 0.888671875 0.361328125 0.048828125 0.033203125
0 0.52392578125 0.9580078125 0.0986328125 0.08203125
0 0.7333984375 0.5732421875 0.060546875 0.060546875
0 0.77197265625 0.39111328125 0.0849609375 0.1181640625
0 0.974609375 0.6005859375 0.048828125 0.068359375
0 0.9794921875 0.02294921875 0.041015625 0.0458984375
0 0.61474609375 0.7666015625 0.1357421875 0.08203125
0 0.59423828125 0.0546875 0.1708984375 0.091796875
0 0.30126953125 0.7373046875 0.0791015625 0.119140625
0 0.03076171875 0.380859375 0.0517578125 0.115234375
0 0.49169921875 0.1669921875 0.0986328125 0.0546875
0 0.919921875 0.25048828125 0.033203125 0.0439453125
0 0.642578125 0.16796875 0.12109375 0.0546875
0 0.1171875 0.34912109375 0.072265625 0.0556640625
0 0.85009765625 0.38037109375 0.0556640625 0.0302734375
0 0.01806640625 0.21484375 0.0361328125 0.03125
0 0.51904296875 0.4521484375 0.0810546875 0.080078125
0 0.17626953125 0.94482421875 0.0654296875 0.1103515625
0 0.83154296875 0.08447265625 0.1025390625 0.1376953125
0 0.0546875 0.07080078125 0.060546875 0.1376953125
0 0.2431640625 0.36474609375 0.056640625 0.0576171875
0 0.32568359375 0.58154296875 0.1064453125 0.1630859375
0 0.40478515625 0.8017578125 0.1123046875 0.083984375
0 0.02685546875 0.8173828125 0.0498046875 0.08203125
0 0.3857421875 0.98681640625 0.046875 0.0263671875
0 0.2060546875 0.07080078125 0.126953125 0.0966796875
0 0.78076171875 0.791015625 0.1728515625 0.060546875
0 0.94384765625 0.96240234375 0.1025390625 0.0634765625
