0 0.7783203125 0.3671875 0.0546875 0.05078125
0 0.2890625 0.97216796875 0.06640625 0.0556640625
0 0.373046875 0.958984375 0.099609375 0.044921875
0 0.85400390625 0.5224609375 0.0751953125 0.05859375
0 0.73876953125 0.05029296875 0.0927734375 0.0927734375
0 0.130859375 0.93212890625 0.046875 0.0419921875
0 0.85009765625 0.03564453125 0.0693359375 0.0712890625
0 0.61181640625 0.17529296875 0.0771484375 0.0830078125
0 0.470703125 0.4853515625 0.05078125 0.07421875
0 0.908203125 0.67041015625 0.078125 0.0478515625
0 0.13134765625 0.494140625 0.0380859375 0.04296875
0 0.31591796875 0.9140625 0.0673828125 0.044921875
0 0.83056640625 0.37646484375 0.0419921875 0.0478515625
0 0.04736328125 0.1455078125 0.0830078125 0.107421875
0 0.95068359375 0.72607421875 0.0537109375 0.1240234375
0 0.2412109375 0.3994140625 0.044921875 0.0390625
0 0.57275390625 0.58642578125 0.0537109375 0.0556640625
0 0.8857421875 0.794921875 0.083984375 0.0625
0 0.4462890625 0.30908203125 0.0703125 0.0771484375
0 0.39990234375 0.80859375 0.0732421875 0.0703125
0 0.9404296875 0.96826171875 0.1015625 0.0615234375
0 0.15966796875 0.1455078125 0.1513671875 0.0625
0 0.49755859375 0.021484375 0.0849609375 0.04296875
0 0.1552734375 0.416015625 0.111328125 0.080078125
0 0.064453125 0.7412109375 0.107421875 0.080078125
0 0.509765625 0.90478515625 0.056640625 0.0634765625
0 0.06787109375 0.22802734375 0.0810546875 0.0517578125
0 0.3515625 0.77587890625 0.0625 0.0751953125
0 0.90576171875 0.41162109375 0.0830078125 0.0615234375
0 0.3740234375 0.5947265625 0.060546875 0.064453125
0 0.84130859375 0.57470703125 0.0537109375 0.0400390625
0 0.8486328125 0.23291015625 0.05859375 0.0478515625
0 0.32568359375 0.04345703125 0.0732421875 0.0673828125
0 0.083984375 0.34912109375 0.083984375 0.0634765625
0 0.9541015625 0.11865234375 0.07421875 0.0888671875
0 0.41064453125 0.212890625 0.0732421875 0.068359375
0 0.4384765625 0.42724609375 0.09375 0.0537109375
0 0.06787109375 0.8046875 0.0458984375 0.04296875
0 0.51318359375 0.13330078125 0.0537109375 0.0654296875
0 0.42041015625 0.75048828125 0.0849609375 0.0732421875
0 0.7822265625 0.12646484375 0.109375 0.0615234375
0 0.712890625 0.5302734375 0.0859375 0.06640625
0 0.44873046875 0.921875 0.0712890625 0.072265625
0 0.6015625 0.025390625 0.078125 0.05078125
0 0.5693359375 0.8681640625 0.041015625 0.04296875
0 0.24951171875 0.44140625 0.1083984375 0.06640625
0 0.4169921875 0.0556640625 0.0546875 0.0703125
0 0.68115234375 0.91650390625 0.0654296875 0.0732421875
0 0.349609375 0.69482421875 0.080078125 0.0830078125
0 0.16064453125 0.9013671875 0.0751953125 0.08203125
0 0.4560546875 0.66943359375 0.099609375 0.0537109375
0 0.83642578125 0.189453125 0.1005859375 0.05859375
0 0.28271484375 0.689453125 0.0712890625 0.068359375
0 0.29638671875 0.48193359375 0.0771484375 0.0634765625
0 0.4736328125 0.8095703125 0.080078125 0.076171875
0 0.2568359375 0.76806640625 0.08203125 0.0771484375
0 0.1923828125 0.85498046875 0.0625 0.0751953125
0 0.705078125 0.28271484375 0.107421875 0.0654296875
0 0.51025390625 0.1923828125 0.0439453125 0.0390625
0 0.59130859375 0.4072265625 0.0732421875 0.052734375
0 0.62158203125 0.56982421875 0.0478515625 0.0810546875
0 0.53759765625 0.26904296875 0.0556640625 0.0771484375
0 0.29296875 0.38427734375 0.099609375 0.0537109375
