0 0.72802734375 0.11279296875 0.1064453125 0.0908203125
0 0.21484375 0.20703125 0.115234375 0.080078125
0 0.0595703125 0.17919921875 0.119140625 0.0478515625
0 0.08984375 0.70703125 0.16015625 0.07421875
0 0.509765625 0.87060546875 0.0703125 0.0673828125
0 0.7119140625 0.0244140625 0.11328125 0.048828125
0 0.0810546875 0.64990234375 0.162109375 0.0576171875
0 0.6298828125 0.31591796875 0.078125 0.0771484375
0 0.560546875 0.59228515625 0.087890625 0.0478515625
0 0.4384765625 0.5244140625 0.0859375 0.029296875
0 0.57470703125 0.28759765625 0.0830078125 0.0693359375
0 0.087890625 0.45458984375 0.068359375 0.0498046875
0 0.419921875 0.87646484375 0.10546875 0.0498046875
0 0.10595703125 0.77734375 0.1044921875 0.05859375
0 0.04296875 0.39501953125 0.0859375 0.0673828125
