0 0.7822265625 0.94775390625 0.095703125 0.1044921875
0 0.89111328125 0.9609375 0.0712890625 0.078125
0 0.75634765625 0.57568359375 0.0810546875 0.1181640625
0 0.94482421875 0.4375 0.0576171875 0.125
0 0.83544921875 0.49072265625 0.1083984375 0.0380859375
0 0.9033203125 0.60400390625 0.068359375 0.1044921875
0 0.681640625 0.1181640625 0.068359375 0.08984375
0 0.57958984375 0.13720703125 0.0712890625 0.1123046875
0 0.55419921875 0.22412109375 0.0517578125 0.1201171875
0 0.73974609375 0.25 0.0751953125 0.119140625
0 0.6357421875 0.3671875 0.052734375 0.05078125
0 0.70263671875 0.33447265625 0.0947265625 0.0498046875
0 0.85205078125 0.1806640625 0.0615234375 0.0546875
0 0.40869140625 0.26806640625 0.0576171875 0.0537109375
0 0.26904296875 0.3134765625 0.0537109375 0.0859375
0 0.28955078125 0.38671875 0.0791015625 0.052734375
0 0.10791015625 0.25146484375 0.1513671875 0.1572265625
0 0.455078125 0.07373046875 0.05078125 0.0517578125
0 0.21630859375 0.0322265625 0.0947265625 0.052734375
0 0.59326171875 0.84912109375 0.0576171875 0.0712890625
0 0.517578125 0.91796875 0.044921875 0.103515625
0 0.32666015625 0.68505859375 0.0615234375 0.0986328125
0 0.40869140625 0.56640625 0.0634765625 0.142578125
0 0.40869140625 0.48193359375 0.0712890625 0.0771484375
0 0.240234375 0.83984375 0.09765625 0.068359375
0 0.107421875 0.84521484375 0.068359375 0.0654296875
0 0.26904296875 0.75390625 0.0400390625 0.05078125
0 0.7607421875 0.8779296875 0.044921875 0.05078125
0 0.919921875 0.47705078125 0.052734375 0.1044921875
0 0.53564453125 0.78466796875 0.0595703125 0.0654296875
0 0.15625 0.10107421875 0.09375 0.0908203125
0 0.09375 0.166015625 0.12109375 0.171875
0 0.14599609375 0.384765625 0.0908203125 0.076171875
0 0.314453125 0.74853515625 0.06640625 0.0537109375
0 0.20751953125 0.78955078125 0.0380859375 0.0341796875
0 0.814453125 0.619140625 0.056640625 0.09765625
0 0.94921875 0.35302734375 0.06640625 0.0576171875
0 0.966796875 0.82958984375 0.041015625 0.0322265625
0 0.8515625 0.7978515625 0.021484375 0.025390625
0 0.2900390625 0.50634765625 0.037109375 0.0322265625
0 0.3076171875 0.2900390625 0.04296875 0.083984375
0 0.42578125 0.30322265625 0.0390625 0.0400390625
0 0.68115234375 0.2060546875 0.0498046875 0.0546875
0 0.794921875 0.03369140625 0.10546875 0.0166015625
0 0.96044921875 0.54248046875 0.0537109375 0.0615234375
