0 0.04150390625 0.0791015625 0.0830078125 0.083984375
0 0.06884765625 0.087890625 0.1181640625 0.072265625
0 0.13134765625 0.056640625 0.0478515625 0.11328125
0 0.20849609375 0.10791015625 0.1181640625 0.2158203125
0 0.5888671875 0.041015625 0.068359375 0.08203125
0 0.65966796875 0.0224609375 0.0751953125 0.044921875
0 0.76611328125 0.0205078125 0.1416015625 0.041015625
0 0.86767578125 0.0146484375 0.0556640625 0.029296875
0 0.91015625 0.23828125 0.177734375 0.044921875
0 0.6103515625 0.13525390625 0.333984375 0.1416015625
0 0.5849609375 0.21875 0.185546875 0.083984375
0 0.06884765625 0.1865234375 0.1376953125 0.048828125
0 0.0537109375 0.26171875 0.107421875 0.21875
0 0.123046875 0.29345703125 0.24609375 0.0673828125
0 0.13671875 0.3662109375 0.115234375 0.091796875
0 0.162109375 0.33251953125 0.09765625 0.0947265625
0 0.0888671875 0.4482421875 0.056640625 0.181640625
0 0.17138671875 0.42236328125 0.2861328125 0.0478515625
0 0.056640625 0.50634765625 0.103515625 0.0908203125
0 0.5595703125 0.3359375 0.287109375 0.15234375
0 0.49755859375 0.2744140625 0.3291015625 0.109375
0 0.9599609375 0.46337890625 0.052734375 0.2080078125
0 0.2421875 0.47314453125 0.091796875 0.0439453125
0 0.11962890625 0.6181640625 0.0673828125 0.0859375
0 0.125 0.6845703125 0.25 0.123046875
0 0.5537109375 0.51904296875 0.20703125 0.2001953125
0 0.59033203125 0.5673828125 0.2939453125 0.232421875
0 0.453125 0.64306640625 0.37109375 0.1025390625
0 0.767578125 0.6396484375 0.16796875 0.216796875
0 0.87109375 0.625 0.2578125 0.125
0 0.9033203125 0.67822265625 0.03125 0.0439453125
0 0.97119140625 0.724609375 0.0556640625 0.072265625
0 0.96728515625 0.79931640625 0.0556640625 0.0595703125
0 0.822265625 0.77099609375 0.080078125 0.0712890625
0 0.830078125 0.8642578125 0.078125 0.1015625
0 0.94140625 0.955078125 0.1171875 0.07421875
0 0.978515625 0.93017578125 0.04296875 0.0439453125
0 0.806640625 0.95703125 0.126953125 0.0859375
0 0.21533203125 0.9140625 0.0634765625 0.04296875
0 0.19775390625 0.9404296875 0.2900390625 0.087890625
0 0.1162109375 0.9716796875 0.04296875 0.05078125
0 0.3408203125 0.98681640625 0.0390625 0.0244140625
0 0.73291015625 0.99072265625 0.0673828125 0.0166015625
0 0.912109375 0.73291015625 0.0625 0.0634765625
0 0.35009765625 0.4208984375 0.2431640625 0.12890625
0 0.228515625 0.7294921875 0.04296875 0.068359375
0 0.9609375 0.9169921875 0.046875 0.025390625
