0 0.85205078125 0.9423828125 0.0361328125 0.0390625
0 0.9638671875 0.8251953125 0.068359375 0.0546875
0 0.796875 0.7822265625 0.03515625 0.0625
0 0.919921875 0.67919921875 0.04296875 0.0341796875
0 0.84716796875 0.59814453125 0.0419921875 0.0419921875
0 0.98291015625 0.640625 0.0341796875 0.029296875
0 0.99072265625 0.6083984375 0.0185546875 0.05078125
0 0.91552734375 0.57568359375 0.0439453125 0.0576171875
0 0.83447265625 0.45947265625 0.0576171875 0.0634765625
0 0.9619140625 0.41748046875 0.05078125 0.0615234375
0 0.76318359375 0.20849609375 0.0244140625 0.0400390625
0 0.93115234375 0.25439453125 0.0498046875 0.0400390625
0 0.9296875 0.21240234375 0.044921875 0.0341796875
0 0.96875 0.1611328125 0.037109375 0.03515625
0 0.86474609375 0.09619140625 0.0478515625 0.0458984375
0 0.986328125 0.107421875 0.02734375 0.0390625
0 0.94091796875 0.05712890625 0.0322265625 0.0380859375
0 0.88818359375 0.03369140625 0.0498046875 0.0478515625
0 0.544921875 0.95703125 0.041015625 0.04296875
0 0.49365234375 0.94921875 0.0302734375 0.01953125
0 0.26220703125 0.95068359375 0.0751953125 0.0986328125
0 0.03173828125 0.9658203125 0.0458984375 0.04296875
0 0.31689453125 0.8291015625 0.0634765625 0.046875
0 0.189453125 0.8251953125 0.107421875 0.126953125
0 0.36328125 0.74560546875 0.04296875 0.1416015625
0 0.556640625 0.73193359375 0.037109375 0.0361328125
0 0.44580078125 0.72900390625 0.0380859375 0.0654296875
0 0.5888671875 0.666015625 0.068359375 0.078125
0 0.44384765625 0.68017578125 0.0498046875 0.0419921875
0 0.35986328125 0.55517578125 0.1201171875 0.1416015625
0 0.5224609375 0.556640625 0.07421875 0.0625
0 0.46533203125 0.50927734375 0.0615234375 0.0986328125
0 0.4365234375 0.4892578125 0.06640625 0.0859375
0 0.5869140625 0.38720703125 0.064453125 0.0517578125
0 0.0234375 0.359375 0.03515625 0.046875
0 0.23095703125 0.4765625 0.0302734375 0.041015625
0 0.35986328125 0.3369140625 0.1259765625 0.220703125
0 0.01708984375 0.23876953125 0.0341796875 0.0556640625
0 0.513671875 0.2763671875 0.068359375 0.091796875
0 0.408203125 0.212890625 0.07421875 0.15625
0 0.04296875 0.10498046875 0.0546875 0.0751953125
0 0.4111328125 0.095703125 0.025390625 0.0390625
0 0.28466796875 0.064453125 0.0595703125 0.0859375
0 0.138671875 0.08642578125 0.1328125 0.1708984375
0 0.31982421875 0.037109375 0.0634765625 0.072265625
0 0.0341796875 0.48193359375 0.068359375 0.0595703125
0 0.103515625 0.10546875 0.041015625 0.0703125
0 0.15380859375 0.01416015625 0.0556640625 0.0283203125
0 0.384765625 0.40234375 0.068359375 0.1015625
0 0.35400390625 0.302734375 0.1142578125 0.1484375
0 0.42724609375 0.89794921875 0.0341796875 0.2041015625
0 0.45947265625 0.91357421875 0.0361328125 0.1669921875
0 0.3984375 0.908203125 0.03125 0.18359375
0 0.9560546875 0.486328125 0.060546875 0.06640625
0 0.49462890625 0.99169921875 0.0419921875 0.0166015625
0 0.40673828125 0.0458984375 0.0341796875 0.05078125
0 0.87451171875 0.92578125 0.0341796875 0.025390625
0 0.90576171875 0.91748046875 0.0380859375 0.0322265625
0 0.39111328125 0.24560546875 0.0537109375 0.1044921875
0 0.76953125 0.822265625 0.056640625 0.0625
0 0.8388671875 0.03857421875 0.021484375 0.0263671875
0 0.18994140625 0.33251953125 0.0693359375 0.0693359375
0 0.4248046875 0.7431640625 0.046875 0.103515625
0 0.5 0.751953125 0.0546875 0.0703125
