0 0.81884765625 0.26025390625 0.0927734375 0.0634765625
0 0.74072265625 0.275390625 0.0849609375 0.05078125
0 0.93359375 0.57275390625 0.103515625 0.0908203125
0 0.5859375 0.0146484375 0.076171875 0.029296875
0 0.703125 0.32275390625 0.064453125 0.0576171875
0 0.77099609375 0.55859375 0.0673828125 0.072265625
0 0.84130859375 0.13525390625 0.1083984375 0.1611328125
0 0.92578125 0.951171875 0.115234375 0.06640625
0 0.376953125 0.83056640625 0.119140625 0.1162109375
0 0.97265625 0.69873046875 0.0546875 0.0712890625
0 0.88671875 0.39599609375 0.1015625 0.0517578125
0 0.302734375 0.115234375 0.10546875 0.08984375
0 0.662109375 0.27880859375 0.0703125 0.0712890625
0 0.22509765625 0.7978515625 0.0712890625 0.154296875
0 0.14111328125 0.66748046875 0.0556640625 0.0615234375
0 0.958984375 0.794921875 0.08203125 0.083984375
0 0.033203125 0.458984375 0.060546875 0.0625
0 0.55712890625 0.78369140625 0.0771484375 0.0947265625
0 0.5283203125 0.6611328125 0.07421875 0.072265625
0 0.826171875 0.22119140625 0.1015625 0.0556640625
0 0.8203125 0.380859375 0.087890625 0.05859375
0 0.1640625 0.0556640625 0.216796875 0.107421875
