0 0.54931640625 0.009765625 0.0791015625 0.01953125
0 0.5478515625 0.14111328125 0.0546875 0.0595703125
0 0.6513671875 0.2373046875 0.435546875 0.150390625
0 0.921875 0.15087890625 0.15625 0.0673828125
0 0.01953125 0.025390625 0.0390625 0.05078125
0 0.171875 0.1748046875 0.1328125 0.052734375
0 0.935546875 0.23583984375 0.12890625 0.1416015625
0 0.81396484375 0.00634765625 0.0400390625 0.0126953125
0 0.36962890625 0.29541015625 0.0673828125 0.3017578125
0 0.22314453125 0.25634765625 0.1455078125 0.2744140625
0 0.955078125 0.416015625 0.08984375 0.080078125
0 0.1640625 0.310546875 0.32421875 0.087890625
0 0.0302734375 0.3330078125 0.060546875 0.060546875
0 0.09375 0.337890625 0.15234375 0.19140625
0 0.8994140625 0.962890625 0.1015625 0.072265625
0 0.978515625 0.908203125 0.041015625 0.078125
0 0.853515625 0.44189453125 0.125 0.2392578125
0 0.56298828125 0.46044921875 0.2001953125 0.2158203125
0 0.611328125 0.47216796875 0.087890625 0.0830078125
0 0.40234375 0.5283203125 0.32421875 0.228515625
0 0.29931640625 0.4833984375 0.3369140625 0.076171875
0 0.25341796875 0.537109375 0.2548828125 0.103515625
0 0.06494140625 0.4755859375 0.1298828125 0.251953125
0 0.02001953125 0.908203125 0.0400390625 0.07421875
0 0.1142578125 0.962890625 0.078125 0.07421875
0 0.4189453125 0.798828125 0.068359375 0.09375
0 0.634765625 0.8671875 0.109375 0.1328125
0 0.263671875 0.7958984375 0.072265625 0.064453125
0 0.51611328125 0.95703125 0.1416015625 0.0859375
0 0.6083984375 0.8212890625 0.091796875 0.126953125
0 0.59814453125 0.65673828125 0.0751953125 0.0869140625
0 0.1943359375 0.97265625 0.044921875 0.052734375
0 0.90625 0.81884765625 0.185546875 0.3603515625
0 0.8310546875 0.705078125 0.13671875 0.04296875
0 0.0419921875 0.6298828125 0.083984375 0.189453125
0 0.7939453125 0.59033203125 0.091796875 0.0673828125
0 0.63232421875 0.5654296875 0.0908203125 0.06640625
0 0.68212890625 0.60595703125 0.0869140625 0.1494140625
0 0.6279296875 0.5771484375 0.162109375 0.064453125
0 0.84814453125 0.3662109375 0.1376953125 0.21484375
0 0.6865234375 0.9052734375 0.04296875 0.076171875
0 0.6748046875 0.994140625 0.04296875 0.009765625
0 0.98486328125 0.41015625 0.0283203125 0.16796875
