0 0.98046875 0.20654296875 0.037109375 0.0419921875
0 0.59619140625 0.06982421875 0.0693359375 0.0615234375
0 0.79541015625 0.58154296875 0.0458984375 0.0478515625
0 0.80078125 0.34814453125 0.048828125 0.0576171875
0 0.7578125 0.55517578125 0.076171875 0.0849609375
0 0.48486328125 0.89990234375 0.0654296875 0.1103515625
0 0.55859375 0.88427734375 0.03515625 0.0576171875
0 0.51025390625 0.53271484375 0.0576171875 0.0751953125
0 0.93212890625 0.56494140625 0.0771484375 0.0849609375
0 0.36962890625 0.18017578125 0.0908203125 0.0732421875
0 0.51220703125 0.939453125 0.0380859375 0.109375
0 0.8095703125 0.0810546875 0.08984375 0.0546875
0 0.92822265625 0.81298828125 0.1005859375 0.1181640625
0 0.662109375 0.52294921875 0.072265625 0.0927734375
0 0.9736328125 0.89208984375 0.05078125 0.0654296875
0 0.38623046875 0.267578125 0.0595703125 0.060546875
0 0.91796875 0.23583984375 0.0546875 0.0712890625
0 0.73681640625 0.248046875 0.0595703125 0.064453125
0 0.32666015625 0.0234375 0.0986328125 0.046875
0 0.36767578125 0.8662109375 0.0498046875 0.048828125
0 0.51904296875 0.20947265625 0.0556640625 0.0517578125
0 0.6142578125 0.2333984375 0.064453125 0.0546875
0 0.6748046875 0.041015625 0.0703125 0.08203125
0 0.31396484375 0.05810546875 0.0732421875 0.0439453125
0 0.48583984375 0.291015625 0.0576171875 0.064453125
0 0.4873046875 0.0791015625 0.078125 0.056640625
0 0.84619140625 0.162109375 0.0966796875 0.064453125
0 0.58984375 0.7744140625 0.08203125 0.1015625
0 0.912109375 0.08251953125 0.048828125 0.0654296875
0 0.86083984375 0.427734375 0.0478515625 0.052734375
0 0.970703125 0.3818359375 0.0546875 0.068359375
0 0.435546875 0.93701171875 0.05078125 0.0537109375
