0 0.115234375 0.2890625 0.13671875 0.13671875
0 0.064453125 0.431640625 0.08984375 0.14453125
0 0.62109375 0.8154296875 0.0859375 0.091796875
0 0.51171875 0.595703125 0.1015625 0.0859375
0 0.4033203125 0.8037109375 0.076171875 0.080078125
0 0.873046875 0.875 0.16015625 0.08984375
0 0.7861328125 0.6279296875 0.076171875 0.169921875
0 0.029296875 0.9677734375 0.05859375 0.064453125
0 0.1298828125 0.984375 0.091796875 0.03125
0 0.701171875 0.373046875 0.09375 0.09375
0 0.5595703125 0.359375 0.076171875 0.07421875
0 0.533203125 0.287109375 0.07421875 0.0859375
0 0.4833984375 0.3564453125 0.080078125 0.083984375
0 0.658203125 0.2587890625 0.0625 0.068359375
0 0.5498046875 0.1796875 0.119140625 0.09765625
0 0.767578125 0.1630859375 0.1328125 0.087890625
0 0.78125 0.0830078125 0.1015625 0.080078125
0 0.591796875 0.0068359375 0.05078125 0.013671875
0 0.9677734375 0.27734375 0.064453125 0.078125
0 0.9443359375 0.0478515625 0.087890625 0.095703125
0 0.9501953125 0.13671875 0.099609375 0.10546875
0 0.2529296875 0.0771484375 0.166015625 0.154296875
0 0.427734375 0.236328125 0.12890625 0.09375
0 0.8798828125 0.189453125 0.126953125 0.08203125
