0 0.98291015625 0.79345703125 0.0322265625 0.0361328125
0 0.77978515625 0.32861328125 0.0361328125 0.0654296875
0 0.36962890625 0.6171875 0.0576171875 0.04296875
0 0.5390625 0.72705078125 0.1171875 0.1083984375
0 0.4365234375 0.11669921875 0.037109375 0.0537109375
0 0.41650390625 0.9150390625 0.0478515625 0.03515625
0 0.85302734375 0.09716796875 0.0576171875 0.0849609375
0 0.80078125 0.216796875 0.0859375 0.052734375
0 0.05859375 0.21142578125 0.033203125 0.0322265625
0 0.87109375 0.46533203125 0.08203125 0.0517578125
0 0.5 0.02099609375 0.05078125 0.0400390625
0 0.88330078125 0.14013671875 0.0810546875 0.0556640625
0 0.59521484375 0.5634765625 0.0810546875 0.046875
0 0.49267578125 0.65869140625 0.0810546875 0.0634765625
0 0.697265625 0.98046875 0.068359375 0.03125
0 0.7939453125 0.59375 0.076171875 0.05078125
0 0.177734375 0.89599609375 0.099609375 0.0341796875
0 0.265625 0.05126953125 0.052734375 0.0458984375
0 0.17041015625 0.58154296875 0.0439453125 0.0361328125
0 0.96923828125 0.70361328125 0.0615234375 0.0400390625
0 0.66259765625 0.494140625 0.0537109375 0.0546875
0 0.40771484375 0.431640625 0.0498046875 0.044921875
0 0.677734375 0.13427734375 0.138671875 0.0712890625
0 0.57763671875 0.05419921875 0.0439453125 0.0654296875
0 0.048828125 0.06689453125 0.05078125 0.0419921875
0 0.43359375 0.47314453125 0.0625 0.0361328125
0 0.7490234375 0.6181640625 0.0390625 0.021484375
0 0.36572265625 0.4541015625 0.0341796875 0.03125
0 0.056640625 0.77685546875 0.041015625 0.0380859375
0 0.40966796875 0.98046875 0.0693359375 0.037109375
0 0.23388671875 0.95849609375 0.0595703125 0.0693359375
0 0.25390625 0.66748046875 0.046875 0.0439453125
0 0.197265625 0.21875 0.044921875 0.033203125
0 0.484375 0.5361328125 0.1171875 0.05859375
0 0.0986328125 0.8115234375 0.056640625 0.029296875
0 0.74462890625 0.79052734375 0.0947265625 0.0400390625
0 0.4677734375 0.60302734375 0.080078125 0.0556640625
0 0.46533203125 0.1552734375 0.0673828125 0.037109375
0 0.97802734375 0.74072265625 0.0283203125 0.0224609375
0 0.89306640625 0.52197265625 0.0458984375 0.0400390625
0 0.11376953125 0.25732421875 0.0517578125 0.0283203125
0 0.572265625 0.8037109375 0.060546875 0.11328125
0 0.390625 0.751953125 0.056640625 0.0703125
0 0.54248046875 0.8896484375 0.1416015625 0.04296875
0 0.10205078125 0.75537109375 0.0654296875 0.0615234375
0 0.7490234375 0.02197265625 0.09765625 0.0439453125
0 0.384765625 0.27734375 0.03125 0.03125
0 0.39599609375 0.16162109375 0.0556640625 0.0595703125
0 0.0205078125 0.1611328125 0.041015625 0.044921875
0 0.63916015625 0.271484375 0.1064453125 0.068359375
0 0.93310546875 0.58251953125 0.0361328125 0.0302734375
0 0.94384765625 0.65380859375 0.0361328125 0.0322265625
0 0.26513671875 0.34130859375 0.0576171875 0.0380859375
0 0.49169921875 0.3310546875 0.0556640625 0.04296875
0 0.837890625 0.72705078125 0.072265625 0.0517578125
0 0.80810546875 0.8564453125 0.0341796875 0.025390625
0 0.4296875 0.26806640625 0.029296875 0.0263671875
0 0.69873046875 0.90087890625 0.0986328125 0.0341796875
0 0.29443359375 0.28173828125 0.0537109375 0.0283203125
0 0.1396484375 0.63916015625 0.0625 0.0400390625
0 0.31005859375 0.81005859375 0.0615234375 0.0498046875
0 0.6689453125 0.31591796875 0.068359375 0.0419921875
0 0.15234375 0.38720703125 0.099609375 0.0751953125
0 0.15771484375 0.3193359375 0.0576171875 0.044921875
0 0.97998046875 0.3701171875 0.0380859375 0.037109375
0 0.6708984375 0.58642578125 0.0390625 0.0302734375
0 0.92724609375 0.98779296875 0.0537109375 0.0244140625
0 0.3447265625 0.18310546875 0.083984375 0.0634765625
0 0.85986328125 0.875 0.0439453125 0.03515625
0 0.3037109375 0.52685546875 0.05859375 0.0439453125
0 0.5205078125 0.06494140625 0.048828125 0.0576171875
0 0.64990234375 0.94091796875 0.0537109375 0.0322265625
0 0.0400390625 0.96630859375 0.080078125 0.0673828125
0 0.55322265625 0.515625 0.0478515625 0.029296875
0 0.240234375 0.57763671875 0.044921875 0.0478515625
0 0.345703125 0.91015625 0.044921875 0.060546875
0 0.46240234375 0.767578125 0.0380859375 0.03515625
0 0.58984375 0.60693359375 0.0625 0.0322265625
0 0.888671875 0.56982421875 0.060546875 0.0556640625
0 0.83056640625 0.05908203125 0.0556640625 0.0830078125
0 0.7421875 0.0986328125 0.029296875 0.03515625
0 0.015625 0.365234375 0.03125 0.02734375
0 0.2587890625 0.47119140625 0.138671875 0.0419921875
0 0.78857421875 0.96240234375 0.0654296875 0.0712890625
0 0.72412109375 0.22900390625 0.0986328125 0.0732421875
0 0.228515625 0.275390625 0.111328125 0.052734375
0 0.18798828125 0.798828125 0.0771484375 0.06640625
0 0.17626953125 0.9775390625 0.0439453125 0.044921875
0 0.36328125 0.2099609375 0.052734375 0.0390625
0 0.3154296875 0.564453125 0.046875 0.046875
0 0.77392578125 0.666015625 0.0400390625 0.033203125
0 0.83740234375 0.65625 0.0615234375 0.03125
0 0.0419921875 0.580078125 0.083984375 0.033203125
0 0.1572265625 0.6904296875 0.078125 0.041015625
0 0.97802734375 0.33447265625 0.0400390625 0.0322265625
0 0.1923828125 0.064453125 0.044921875 0.044921875
