0 0.91015625 0.1435546875 0.044921875 0.029296875
0 0.1953125 0.697265625 0.052734375 0.029296875
0 0.93896484375 0.13134765625 0.0576171875 0.0341796875
0 0.7578125 0.9189453125 0.046875 0.03515625
0 0.6953125 0.26953125 0.076171875 0.060546875
0 0.61767578125 0.611328125 0.0380859375 0.0546875
0 0.84912109375 0.888671875 0.0771484375 0.05078125
0 0.8427734375 0.53515625 0.052734375 0.056640625
0 0.19677734375 0.89599609375 0.0498046875 0.0400390625
0 0.22216796875 0.556640625 0.0439453125 0.03515625
0 0.82958984375 0.07861328125 0.0380859375 0.0380859375
0 0.71484375 0.5751953125 0.0703125 0.068359375
0 0.6142578125 0.10888671875 0.0546875 0.0380859375
0 0.76513671875 0.49560546875 0.0556640625 0.0595703125
0 0.90478515625 0.95751953125 0.0673828125 0.0654296875
0 0.97509765625 0.44189453125 0.0478515625 0.0556640625
0 0.724609375 0.822265625 0.0546875 0.044921875
0 0.09130859375 0.23779296875 0.0537109375 0.0419921875
0 0.755859375 0.646484375 0.05859375 0.056640625
0 0.2841796875 0.6064453125 0.05078125 0.046875
0 0.130859375 0.7412109375 0.04296875 0.0546875
0 0.5634765625 0.44287109375 0.087890625 0.0947265625
0 0.91357421875 0.203125 0.0830078125 0.041015625
