0 0.021484375 0.67041015625 0.04296875 0.0341796875
0 0.1591796875 0.52392578125 0.068359375 0.0634765625
0 0.72412109375 0.42724609375 0.0634765625 0.0537109375
0 0.8701171875 0.93994140625 0.068359375 0.0439453125
0 0.05859375 0.7939453125 0.08984375 0.052734375
0 0.23095703125 0.32958984375 0.0517578125 0.0517578125
0 0.96044921875 0.40478515625 0.0732421875 0.0615234375
0 0.982421875 0.50048828125 0.03515625 0.0361328125
0 0.37451171875 0.6103515625 0.0966796875 0.04296875
0 0.033203125 0.73876953125 0.06640625 0.0419921875
0 0.060546875 0.890625 0.09765625 0.072265625
0 0.4619140625 0.67822265625 0.11328125 0.0478515625
0 0.2978515625 0.89404296875 0.080078125 0.0830078125
0 0.98095703125 0.154296875 0.0380859375 0.095703125
0 0.58740234375 0.3544921875 0.0712890625 0.04296875
0 0.6640625 0.26806640625 0.0703125 0.0361328125
0 0.16162109375 0.1630859375 0.0966796875 0.041015625
0 0.1474609375 0.0732421875 0.087890625 0.0546875
0 0.48388671875 0.8271484375 0.0517578125 0.046875
0 0.5908203125 0.2138671875 0.0546875 0.029296875
0 0.51611328125 0.947265625 0.0966796875 0.052734375
0 0.5771484375 0.45947265625 0.091796875 0.0478515625
0 0.232421875 0.4306640625 0.068359375 0.076171875
0 0.328125 0.28271484375 0.09765625 0.0439453125
0 0.705078125 0.5341796875 0.115234375 0.05859375
0 0.07470703125 0.26904296875 0.0771484375 0.0498046875
0 0.35498046875 0.2431640625 0.1259765625 0.06640625
0 0.1728515625 0.33251953125 0.05078125 0.0302734375
0 0.365234375 0.30712890625 0.048828125 0.0380859375
0 0.0263671875 0.92919921875 0.052734375 0.0322265625
0 0.02783203125 0.90234375 0.0556640625 0.0234375
0 0.69580078125 0.71875 0.0478515625 0.0703125
0 0.59912109375 0.97216796875 0.0693359375 0.0341796875
0 0.4482421875 0.59521484375 0.111328125 0.0419921875
0 0.4697265625 0.63916015625 0.05859375 0.0400390625
0 0.34912109375 0.71923828125 0.0693359375 0.0869140625
0 0.2080078125 0.20654296875 0.12109375 0.0869140625
0 0.7587890625 0.89013671875 0.09375 0.0380859375
0 0.54541015625 0.6650390625 0.1240234375 0.048828125
0 0.2900390625 0.97705078125 0.080078125 0.0380859375
0 0.27392578125 0.162109375 0.0732421875 0.0859375
0 0.93359375 0.63623046875 0.068359375 0.0380859375
0 0.6884765625 0.248046875 0.046875 0.0390625
0 0.71630859375 0.31689453125 0.0439453125 0.0537109375
0 0.10498046875 0.76904296875 0.0615234375 0.0556640625
0 0.7138671875 0.78955078125 0.10546875 0.0458984375
0 0.17578125 0.02880859375 0.181640625 0.0576171875
0 0.97900390625 0.31689453125 0.0419921875 0.0341796875
0 0.8671875 0.19775390625 0.0625 0.0654296875
0 0.11962890625 0.859375 0.0966796875 0.052734375
0 0.4169921875 0.85693359375 0.0859375 0.0556640625
0 0.27783203125 0.7314453125 0.0732421875 0.0390625
0 0.75830078125 0.94091796875 0.0693359375 0.0419921875
0 0.88037109375 0.85595703125 0.0380859375 0.0439453125
0 0.97900390625 0.27490234375 0.0380859375 0.0634765625
0 0.10400390625 0.189453125 0.0712890625 0.076171875
0 0.6875 0.75732421875 0.078125 0.0439453125
0 0.41943359375 0.296875 0.0693359375 0.037109375
0 0.560546875 0.38525390625 0.05078125 0.1201171875
0 0.06884765625 0.486328125 0.1201171875 0.11328125
