0 0.03759765625 0.48095703125 0.0751953125 0.0810546875
0 0.09423828125 0.5927734375 0.0751953125 0.12109375
0 0.240234375 0.20654296875 0.076171875 0.0419921875
0 0.17626953125 0.02685546875 0.0771484375 0.0537109375
0 0.77783203125 0.32470703125 0.1357421875 0.1025390625
0 0.02197265625 0.26708984375 0.0439453125 0.0380859375
0 0.9267578125 0.3984375 0.091796875 0.14453125
0 0.814453125 0.22705078125 0.197265625 0.0771484375
0 0.8505859375 0.91748046875 0.08203125 0.0908203125
0 0.681640625 0.9736328125 0.119140625 0.05078125
0 0.958984375 0.033203125 0.08203125 0.06640625
0 0.74609375 0.091796875 0.056640625 0.06640625
0 0.482421875 0.37548828125 0.1328125 0.1259765625
0 0.08740234375 0.1328125 0.1572265625 0.060546875
0 0.54833984375 0.4853515625 0.1123046875 0.11328125
0 0.849609375 0.1630859375 0.0625 0.072265625
0 0.96142578125 0.216796875 0.0771484375 0.15625
0 0.3232421875 0.41015625 0.134765625 0.171875
0 0.12451171875 0.4033203125 0.0498046875 0.0703125
0 0.32958984375 0.033203125 0.0908203125 0.06640625
0 0.69140625 0.826171875 0.080078125 0.083984375
0 0.173828125 0.97998046875 0.046875 0.0380859375
0 0.4970703125 0.10791015625 0.05859375 0.0458984375
0 0.21142578125 0.56298828125 0.0908203125 0.2021484375
0 0.10791015625 0.236328125 0.1533203125 0.083984375
0 0.03173828125 0.40380859375 0.0634765625 0.0712890625
0 0.291015625 0.1513671875 0.091796875 0.04296875
0 0.322265625 0.9697265625 0.076171875 0.060546875
