0 0.2919921875 0.6142578125 0.060546875 0.072265625
0 0.333984375 0.8701171875 0.064453125 0.087890625
0 0.5673828125 0.96142578125 0.05859375 0.0439453125
0 0.69091796875 0.34375 0.0556640625 0.048828125
0 0.8125 0.09375 0.068359375 0.046875
0 0.9619140625 0.2138671875 0.076171875 0.1171875
0 0.1875 0.5439453125 0.041015625 0.033203125
0 0.4189453125 0.5126953125 0.048828125 0.091796875
0 0.42041015625 0.712890625 0.0341796875 0.0390625
0 0.09375 0.33984375 0.0546875 0.0546875
0 0.169921875 0.8046875 0.05859375 0.04296875
0 0.9140625 0.7646484375 0.060546875 0.041015625
0 0.86328125 0.7021484375 0.052734375 0.04296875
0 0.91064453125 0.93212890625 0.0830078125 0.0751953125
0 0.9736328125 0.822265625 0.052734375 0.05078125
0 0.9130859375 0.05810546875 0.08203125 0.0810546875
0 0.3193359375 0.0205078125 0.05078125 0.037109375
0 0.22705078125 0.82666015625 0.0537109375 0.0517578125
0 0.19384765625 0.87890625 0.0537109375 0.064453125
0 0.81787109375 0.828125 0.0517578125 0.076171875
0 0.8681640625 0.341796875 0.05078125 0.052734375
0 0.7939453125 0.537109375 0.041015625 0.056640625
0 0.126953125 0.556640625 0.078125 0.11328125
0 0.83349609375 0.76025390625 0.0419921875 0.0615234375
