0 0.7451171875 0.765625 0.072265625 0.0546875
0 0.54248046875 0.84912109375 0.0654296875 0.1123046875
0 0.6630859375 0.07763671875 0.0390625 0.0400390625
0 0.77392578125 0.38818359375 0.0849609375 0.0751953125
0 0.28759765625 0.0283203125 0.0908203125 0.056640625
0 0.08544921875 0.6689453125 0.0341796875 0.021484375
0 0.69970703125 0.58056640625 0.1162109375 0.0458984375
0 0.1748046875 0.462890625 0.08984375 0.0703125
0 0.96142578125 0.0625 0.0576171875 0.048828125
0 0.53369140625 0.49755859375 0.1025390625 0.0439453125
0 0.52099609375 0.06884765625 0.0771484375 0.1103515625
0 0.79638671875 0.04443359375 0.0498046875 0.0888671875
0 0.97265625 0.5791015625 0.0546875 0.044921875
0 0.34765625 0.29931640625 0.033203125 0.0361328125
0 0.1611328125 0.39501953125 0.078125 0.0380859375
0 0.82568359375 0.85107421875 0.0771484375 0.0419921875
0 0.7490234375 0.47265625 0.087890625 0.068359375
0 0.94287109375 0.89599609375 0.0478515625 0.0400390625
0 0.55859375 0.603515625 0.0859375 0.09375
0 0.42626953125 0.4453125 0.0537109375 0.041015625
0 0.693359375 0.96142578125 0.1015625 0.0771484375
0 0.2353515625 0.53125 0.0625 0.04296875
0 0.4677734375 0.10205078125 0.07421875 0.0478515625
0 0.49755859375 0.1484375 0.0615234375 0.04296875
0 0.9814453125 0.3330078125 0.037109375 0.09375
0 0.96240234375 0.47607421875 0.0751953125 0.0537109375
0 0.88330078125 0.88525390625 0.0380859375 0.0302734375
0 0.8935546875 0.5390625 0.1328125 0.052734375
0 0.70654296875 0.8642578125 0.0517578125 0.08203125
0 0.8583984375 0.8662109375 0.041015625 0.03125
0 0.26123046875 0.3681640625 0.0517578125 0.037109375
0 0.39501953125 0.31787109375 0.0791015625 0.0439453125
0 0.60791015625 0.31396484375 0.0634765625 0.1064453125
0 0.671875 0.35205078125 0.080078125 0.0595703125
0 0.20751953125 0.29736328125 0.0908203125 0.0498046875
0 0.27734375 0.45458984375 0.103515625 0.0947265625
0 0.40966796875 0.490234375 0.0537109375 0.033203125
0 0.1796875 0.37841796875 0.06640625 0.0458984375
0 0.6669921875 0.6220703125 0.1328125 0.0703125
0 0.70263671875 0.1396484375 0.0966796875 0.10546875
0 0.24169921875 0.48388671875 0.0498046875 0.0615234375
0 0.35986328125 0.4033203125 0.0849609375 0.04296875
0 0.9033203125 0.5341796875 0.068359375 0.0625
0 0.70751953125 0.7333984375 0.0654296875 0.029296875
0 0.33154296875 0.45458984375 0.0966796875 0.0869140625
0 0.4560546875 0.48681640625 0.078125 0.0458984375
0 0.1455078125 0.72216796875 0.099609375 0.0908203125
0 0.27587890625 0.10302734375 0.1103515625 0.0576171875
0 0.59619140625 0.90966796875 0.0810546875 0.0498046875
0 0.962890625 0.6875 0.07421875 0.052734375
0 0.1142578125 0.3544921875 0.044921875 0.033203125
0 0.349609375 0.9443359375 0.05859375 0.046875
0 0.0771484375 0.73095703125 0.154296875 0.0791015625
0 0.83740234375 0.8056640625 0.0634765625 0.037109375
0 0.9833984375 0.0146484375 0.033203125 0.029296875
0 0.12451171875 0.32861328125 0.0654296875 0.0419921875
0 0.9228515625 0.14111328125 0.056640625 0.0478515625
0 0.67431640625 0.04150390625 0.0595703125 0.0400390625
0 0.3974609375 0.224609375 0.0625 0.05078125
0 0.1591796875 0.5673828125 0.07421875 0.056640625
0 0.93798828125 0.9404296875 0.0322265625 0.037109375
0 0.41015625 0.8076171875 0.1015625 0.0390625
0 0.43408203125 0.3798828125 0.0458984375 0.0546875
0 0.97021484375 0.1953125 0.0595703125 0.04296875
0 0.236328125 0.87939453125 0.103515625 0.0888671875
