0 0.50048828125 0.03759765625 0.1005859375 0.0751953125
0 0.03857421875 0.96435546875 0.0771484375 0.0712890625
0 0.27734375 0.3330078125 0.154296875 0.142578125
0 0.3818359375 0.62451171875 0.185546875 0.0810546875
0 0.61572265625 0.5693359375 0.0498046875 0.20703125
0 0.45751953125 0.93408203125 0.0673828125 0.1279296875
0 0.91064453125 0.919921875 0.0654296875 0.12109375
0 0.4267578125 0.2587890625 0.1015625 0.107421875
0 0.04541015625 0.76611328125 0.0810546875 0.1396484375
0 0.7685546875 0.38916015625 0.06640625 0.0458984375
0 0.083984375 0.27978515625 0.107421875 0.0595703125
0 0.1162109375 0.2197265625 0.060546875 0.06640625
0 0.07666015625 0.03955078125 0.0693359375 0.0791015625
0 0.8310546875 0.12744140625 0.05859375 0.1376953125
0 0.31982421875 0.58740234375 0.0517578125 0.1416015625
0 0.20703125 0.23974609375 0.08984375 0.0751953125
0 0.50927734375 0.6318359375 0.0986328125 0.05078125
0 0.88427734375 0.2998046875 0.0634765625 0.0546875
0 0.76953125 0.30810546875 0.107421875 0.1552734375
0 0.58447265625 0.03125 0.0966796875 0.0625
0 0.951171875 0.21435546875 0.05078125 0.0576171875
0 0.39599609375 0.8193359375 0.0673828125 0.1640625
0 0.92919921875 0.080078125 0.0361328125 0.04296875
0 0.68408203125 0.669921875 0.0751953125 0.11328125
0 0.58740234375 0.4716796875 0.1904296875 0.189453125
0 0.25244140625 0.6044921875 0.0810546875 0.1171875
0 0.15283203125 0.89794921875 0.1298828125 0.1064453125
0 0.51171875 0.88525390625 0.052734375 0.0673828125
0 0.93408203125 0.28857421875 0.0576171875 0.0634765625
0 0.2431640625 0.2880859375 0.052734375 0.08203125
0 0.8095703125 0.96533203125 0.068359375 0.0654296875
0 0.45751953125 0.8505859375 0.0751953125 0.080078125
0 0.0185546875 0.09130859375 0.037109375 0.1025390625
0 0.64697265625 0.64794921875 0.1025390625 0.1240234375
0 0.11181640625 0.37646484375 0.0517578125 0.0771484375
0 0.12939453125 0.96728515625 0.0556640625 0.0498046875
0 0.01953125 0.560546875 0.0390625 0.056640625
0 0.849609375 0.21435546875 0.080078125 0.0498046875
0 0.1669921875 0.11328125 0.099609375 0.05859375
0 0.83544921875 0.54931640625 0.1025390625 0.0693359375
0 0.32421875 0.91650390625 0.0703125 0.0791015625
0 0.0234375 0.3603515625 0.046875 0.048828125
0 0.66845703125 0.775390625 0.0556640625 0.0625
0 0.2275390625 0.58837890625 0.11328125 0.1513671875
0 0.7080078125 0.9111328125 0.052734375 0.177734375
0 0.259765625 0.82958984375 0.111328125 0.1435546875
0 0.9541015625 0.0576171875 0.08984375 0.103515625
0 0.068359375 0.3623046875 0.087890625 0.11328125
0 0.5166015625 0.2041015625 0.15234375 0.15625
0 0.16943359375 0.74267578125 0.0517578125 0.0751953125
0 0.6337890625 0.29052734375 0.041015625 0.1220703125
0 0.83349609375 0.64599609375 0.0419921875 0.1103515625
0 0.37939453125 0.04638671875 0.1962890625 0.0927734375
