0 0.53662109375 0.74658203125 0.0419921875 0.0751953125
0 0.35546875 0.1298828125 0.044921875 0.046875
0 0.56591796875 0.57958984375 0.0361328125 0.0537109375
0 0.7216796875 0.80224609375 0.048828125 0.0439453125
0 0.09326171875 0.17138671875 0.0478515625 0.0576171875
0 0.40771484375 0.7705078125 0.0478515625 0.06640625
0 0.84423828125 0.70166015625 0.0556640625 0.0517578125
0 0.92626953125 0.51513671875 0.0361328125 0.0537109375
0 0.38232421875 0.625 0.0439453125 0.041015625
0 0.87548828125 0.5166015625 0.0361328125 0.041015625
0 0.67626953125 0.19091796875 0.0517578125 0.0322265625
0 0.5791015625 0.50146484375 0.04296875 0.0302734375
0 0.1748046875 0.05419921875 0.0390625 0.0380859375
0 0.69921875 0.1123046875 0.064453125 0.044921875
0 0.02099609375 0.015625 0.0419921875 0.03125
0 0.9228515625 0.7236328125 0.04296875 0.05078125
0 0.52294921875 0.1572265625 0.0654296875 0.04296875
0 0.86083984375 0.10986328125 0.0302734375 0.0361328125
0 0.91357421875 0.177734375 0.0810546875 0.05078125
0 0.3779296875 0.05322265625 0.03515625 0.0341796875
0 0.5859375 0.294921875 0.033203125 0.037109375
0 0.94140625 0.97802734375 0.046875 0.0419921875
0 0.853515625 0.4794921875 0.033203125 0.029296875
0 0.5263671875 0.23388671875 0.05859375 0.0439453125
0 0.47802734375 0.5068359375 0.0419921875 0.052734375
0 0.642578125 0.603515625 0.041015625 0.0390625
0 0.27099609375 0.08642578125 0.0439453125 0.0556640625
0 0.72900390625 0.2294921875 0.0302734375 0.041015625
0 0.302734375 0.14013671875 0.046875 0.0419921875
0 0.7705078125 0.34912109375 0.052734375 0.0888671875
0 0.8759765625 0.23681640625 0.05859375 0.0419921875
0 0.33740234375 0.5244140625 0.0712890625 0.048828125
0 0.666015625 0.142578125 0.04296875 0.044921875
0 0.4619140625 0.70751953125 0.05078125 0.0361328125
0 0.94775390625 0.853515625 0.0517578125 0.076171875
0 0.53173828125 0.107421875 0.0361328125 0.048828125
0 0.73095703125 0.61767578125 0.0400390625 0.0576171875
