0 0.6181640625 0.69091796875 0.05859375 0.0693359375
0 0.06201171875 0.73583984375 0.0283203125 0.0361328125
0 0.10498046875 0.7333984375 0.0576171875 0.04296875
0 0.37353515625 0.35693359375 0.0595703125 0.0751953125
0 0.88720703125 0.15380859375 0.0439453125 0.0400390625
0 0.939453125 0.54345703125 0.048828125 0.0439453125
0 0.51123046875 0.53564453125 0.0693359375 0.0595703125
0 0.251953125 0.1171875 0.068359375 0.046875
0 0.1337890625 0.427734375 0.08203125 0.064453125
0 0.9619140625 0.68017578125 0.0703125 0.0556640625
0 0.47998046875 0.13037109375 0.0673828125 0.0498046875
0 0.57080078125 0.10546875 0.0654296875 0.05078125
0 0.35205078125 0.05859375 0.0400390625 0.064453125
0 0.19189453125 0.62548828125 0.0498046875 0.0283203125
0 0.9052734375 0.39111328125 0.0390625 0.0439453125
0 0.9697265625 0.7529296875 0.060546875 0.080078125
0 0.5146484375 0.0244140625 0.056640625 0.048828125
0 0.27587890625 0.71728515625 0.0322265625 0.0419921875
0 0.94384765625 0.220703125 0.0517578125 0.041015625
0 0.56494140625 0.8466796875 0.0517578125 0.060546875
0 0.95458984375 0.5849609375 0.0751953125 0.05078125
0 0.88330078125 0.603515625 0.0322265625 0.04296875
0 0.2529296875 0.150390625 0.03125 0.033203125
0 0.44970703125 0.296875 0.0654296875 0.0390625
0 0.72119140625 0.34228515625 0.0927734375 0.0751953125
0 0.111328125 0.22900390625 0.138671875 0.0712890625
0 0.8759765625 0.24755859375 0.087890625 0.0478515625
0 0.52587890625 0.2900390625 0.0302734375 0.0546875
0 0.162109375 0.5908203125 0.05078125 0.0625
0 0.06689453125 0.02490234375 0.0439453125 0.0419921875
0 0.9365234375 0.1279296875 0.099609375 0.0546875
0 0.46826171875 0.9140625 0.0634765625 0.05078125
0 0.42236328125 0.75927734375 0.0771484375 0.0654296875
0 0.37841796875 0.57470703125 0.0439453125 0.0810546875
0 0.3388671875 0.2001953125 0.072265625 0.05078125
0 0.88720703125 0.70263671875 0.0673828125 0.1025390625
0 0.03759765625 0.95703125 0.0751953125 0.0625
0 0.75048828125 0.53564453125 0.0810546875 0.0673828125
0 0.2685546875 0.9736328125 0.09375 0.05078125
0 0.76513671875 0.94677734375 0.0791015625 0.0615234375
0 0.57763671875 0.70068359375 0.0849609375 0.1181640625
0 0.3427734375 0.55810546875 0.05078125 0.1064453125
0 0.02880859375 0.72607421875 0.0361328125 0.0595703125
0 0.056640625 0.3291015625 0.041015625 0.03515625
0 0.6298828125 0.50927734375 0.0546875 0.0693359375
0 0.79248046875 0.419921875 0.0419921875 0.033203125
0 0.51123046875 0.69921875 0.0576171875 0.0390625
