0 0.52001953125 0.93212890625 0.0966796875 0.1083984375
0 0.08544921875 0.69580078125 0.0498046875 0.0615234375
0 0.59619140625 0.79345703125 0.0595703125 0.0439453125
0 0.63232421875 0.6435546875 0.0478515625 0.048828125
0 0.03125 0.919921875 0.0625 0.05859375
0 0.47216796875 0.3046875 0.0439453125 0.04296875
0 0.2412109375 0.0830078125 0.068359375 0.083984375
0 0.5126953125 0.77197265625 0.02734375 0.0283203125
0 0.365234375 0.33349609375 0.056640625 0.0712890625
0 0.390625 0.17919921875 0.037109375 0.0517578125
0 0.21533203125 0.59033203125 0.0673828125 0.0517578125
0 0.068359375 0.51025390625 0.1015625 0.0810546875
0 0.52197265625 0.341796875 0.0439453125 0.046875
0 0.67138671875 0.56396484375 0.0732421875 0.0654296875
0 0.5595703125 0.35693359375 0.037109375 0.0517578125
0 0.556640625 0.42919921875 0.064453125 0.0576171875
0 0.7470703125 0.3603515625 0.05859375 0.11328125
0 0.65380859375 0.59716796875 0.0400390625 0.0673828125
0 0.9814453125 0.2763671875 0.037109375 0.080078125
