0 0.3232421875 0.4091796875 0.115234375 0.09765625
0 0.32861328125 0.28466796875 0.1826171875 0.1298828125
0 0.4013671875 0.04248046875 0.1171875 0.0810546875
0 0.828125 0.46826171875 0.115234375 0.1103515625
0 0.2138671875 0.068359375 0.107421875 0.099609375
0 0.2021484375 0.8642578125 0.1796875 0.115234375
0 0.84765625 0.37451171875 0.14453125 0.1044921875
0 0.8759765625 0.25048828125 0.126953125 0.1025390625
0 0.1708984375 0.72216796875 0.123046875 0.0771484375
0 0.1669921875 0.275390625 0.095703125 0.09765625
0 0.30322265625 0.17333984375 0.1826171875 0.1318359375
0 0.44970703125 0.8818359375 0.1982421875 0.083984375
0 0.42822265625 0.1015625 0.1142578125 0.080078125
0 0.0751953125 0.482421875 0.10546875 0.08984375
0 0.67138671875 0.875 0.1083984375 0.06640625
0 0.2099609375 0.68408203125 0.078125 0.0498046875
0 0.9501953125 0.57958984375 0.099609375 0.1103515625
0 0.11767578125 0.22607421875 0.0556640625 0.0537109375
0 0.0888671875 0.65966796875 0.095703125 0.0791015625
0 0.79052734375 0.66943359375 0.2041015625 0.1103515625
0 0.74560546875 0.43896484375 0.1103515625 0.0693359375
0 0.681640625 0.34033203125 0.09375 0.1220703125
0 0.82470703125 0.783203125 0.1103515625 0.080078125
