0 0.32421875 0.59326171875 0.052734375 0.0654296875
0 0.6953125 0.57373046875 0.044921875 0.0556640625
0 0.1181640625 0.677734375 0.060546875 0.04296875
0 0.9599609375 0.12109375 0.0390625 0.03515625
0 0.49365234375 0.74853515625 0.0517578125 0.0615234375
0 0.9638671875 0.49560546875 0.052734375 0.0458984375
0 0.55126953125 0.21533203125 0.0595703125 0.0458984375
0 0.36669921875 0.0712890625 0.0537109375 0.064453125
0 0.83935546875 0.1611328125 0.0673828125 0.03125
0 0.31005859375 0.9775390625 0.0537109375 0.044921875
0 0.5478515625 0.9443359375 0.0625 0.044921875
0 0.75830078125 0.3125 0.0791015625 0.06640625
0 0.90771484375 0.4189453125 0.0576171875 0.083984375
0 0.3759765625 0.60888671875 0.0546875 0.0498046875
0 0.77392578125 0.0166015625 0.0673828125 0.033203125
0 0.6728515625 0.8603515625 0.072265625 0.056640625
0 0.248046875 0.19921875 0.12109375 0.05078125
0 0.5234375 0.81591796875 0.056640625 0.0693359375
0 0.04345703125 0.24560546875 0.0380859375 0.0419921875
0 0.13232421875 0.921875 0.0478515625 0.068359375
0 0.9755859375 0.55517578125 0.04296875 0.0400390625
0 0.36328125 0.72802734375 0.076171875 0.0693359375
0 0.65478515625 0.34326171875 0.0869140625 0.0673828125
0 0.96826171875 0.7685546875 0.0556640625 0.044921875
0 0.82421875 0.33056640625 0.064453125 0.0537109375
0 0.41552734375 0.08984375 0.0517578125 0.048828125
0 0.015625 0.06201171875 0.03125 0.0380859375
0 0.28466796875 0.1533203125 0.0673828125 0.033203125
0 0.82666015625 0.7041015625 0.0927734375 0.115234375
0 0.11962890625 0.5126953125 0.0595703125 0.05078125
0 0.052734375 0.94091796875 0.068359375 0.1103515625
0 0.12353515625 0.560546875 0.0791015625 0.0625
0 0.23779296875 0.89990234375 0.0771484375 0.0693359375
0 0.064453125 0.08740234375 0.056640625 0.0380859375
0 0.44970703125 0.0283203125 0.0634765625 0.056640625
0 0.607421875 0.154296875 0.099609375 0.083984375
0 0.1572265625 0.109375 0.048828125 0.060546875
0 0.88623046875 0.3046875 0.0830078125 0.05078125
0 0.04833984375 0.76611328125 0.0615234375 0.0654296875
0 0.52099609375 0.2978515625 0.0419921875 0.044921875
0 0.7568359375 0.19189453125 0.037109375 0.0263671875
0 0.47021484375 0.482421875 0.0458984375 0.09765625
0 0.96875 0.47607421875 0.0625 0.0322265625
0 0.1796875 0.81689453125 0.078125 0.0732421875
0 0.8095703125 0.19677734375 0.08984375 0.0341796875
0 0.89111328125 0.73583984375 0.0537109375 0.0595703125
0 0.30322265625 0.3515625 0.1123046875 0.046875
0 0.02197265625 0.3994140625 0.0439453125 0.056640625
0 0.5361328125 0.41357421875 0.08203125 0.0693359375
