0 0.29931640625 0.369140625 0.0537109375 0.056640625
0 0.30126953125 0.17626953125 0.0556640625 0.0712890625
0 0.3583984375 0.17626953125 0.052734375 0.0830078125
0 0.1962890625 0.14453125 0.140625 0.1640625
0 0.21337890625 0.0693359375 0.1083984375 0.138671875
0 0.62158203125 0.1162109375 0.1025390625 0.232421875
0 0.60400390625 0.24560546875 0.0576171875 0.0615234375
0 0.25830078125 0.49609375 0.0830078125 0.16796875
0 0.2802734375 0.7412109375 0.04296875 0.048828125
0 0.01611328125 0.64306640625 0.0322265625 0.0400390625
0 0.3515625 0.78955078125 0.06640625 0.0498046875
0 0.814453125 0.2587890625 0.052734375 0.07421875
0 0.8828125 0.22314453125 0.0703125 0.1005859375
0 0.89990234375 0.3349609375 0.0380859375 0.037109375
0 0.90283203125 0.041015625 0.0751953125 0.08203125
0 0.85302734375 0.0859375 0.0595703125 0.068359375
0 0.982421875 0.298828125 0.03515625 0.05078125
0 0.96240234375 0.23095703125 0.0732421875 0.1806640625
0 0.9638671875 0.64501953125 0.048828125 0.0380859375
0 0.669921875 0.966796875 0.05078125 0.05078125
0 0.78857421875 0.7216796875 0.0576171875 0.052734375
0 0.5830078125 0.6044921875 0.083984375 0.251953125
0 0.677734375 0.5947265625 0.0703125 0.16015625
0 0.64404296875 0.7353515625 0.0732421875 0.06640625
0 0.80419921875 0.50732421875 0.0771484375 0.2060546875
0 0.88232421875 0.5439453125 0.0693359375 0.076171875
0 0.92431640625 0.57275390625 0.0751953125 0.0634765625
0 0.6376953125 0.6416015625 0.037109375 0.0703125
0 0.74072265625 0.23876953125 0.0302734375 0.0302734375
0 0.2333984375 0.6357421875 0.021484375 0.021484375
0 0.06103515625 0.20263671875 0.0341796875 0.0263671875
0 0.40625 0.7919921875 0.0546875 0.060546875
0 0.57568359375 0.869140625 0.0615234375 0.05859375
0 0.51953125 0.87548828125 0.0703125 0.0751953125
0 0.0234375 0.9091796875 0.046875 0.048828125
0 0.0166015625 0.95703125 0.033203125 0.046875
0 0.18408203125 0.966796875 0.0615234375 0.060546875
0 0.19384765625 0.91943359375 0.0478515625 0.0517578125
0 0.8154296875 0.65234375 0.068359375 0.0703125
0 0.77685546875 0.90625 0.1591796875 0.103515625
0 0.9140625 0.86962890625 0.171875 0.1357421875
0 0.84033203125 0.78271484375 0.0927734375 0.1533203125
0 0.7529296875 0.86083984375 0.0390625 0.0654296875
0 0.703125 0.86328125 0.052734375 0.103515625
0 0.91259765625 0.84326171875 0.0810546875 0.0654296875
