0 0.62158203125 0.81787109375 0.0615234375 0.0791015625
0 0.81591796875 0.93212890625 0.0908203125 0.1123046875
0 0.412109375 0.45458984375 0.046875 0.0908203125
0 0.9404296875 0.68896484375 0.109375 0.0595703125
0 0.3896484375 0.18212890625 0.140625 0.0751953125
0 0.19873046875 0.35546875 0.0673828125 0.11328125
0 0.2685546875 0.34765625 0.099609375 0.1015625
0 0.24462890625 0.91015625 0.1513671875 0.0859375
0 0.1396484375 0.01904296875 0.078125 0.0380859375
0 0.96044921875 0.38623046875 0.0634765625 0.0751953125
0 0.01904296875 0.7880859375 0.0380859375 0.05078125
0 0.64892578125 0.2587890625 0.1123046875 0.212890625
0 0.974609375 0.50927734375 0.048828125 0.1005859375
0 0.88671875 0.5517578125 0.07421875 0.08984375
0 0.41943359375 0.66552734375 0.0556640625 0.1552734375
0 0.86767578125 0.60986328125 0.0537109375 0.0478515625
0 0.03125 0.31982421875 0.0625 0.0849609375
0 0.447265625 0.59423828125 0.076171875 0.2041015625
0 0.4443359375 0.3642578125 0.064453125 0.19140625
0 0.86376953125 0.71142578125 0.0751953125 0.1572265625
0 0.15869140625 0.69921875 0.0712890625 0.048828125
0 0.9609375 0.75732421875 0.078125 0.0654296875
0 0.7529296875 0.84912109375 0.087890625 0.0419921875
0 0.0537109375 0.01953125 0.044921875 0.0390625
0 0.95849609375 0.8798828125 0.0634765625 0.10546875
0 0.69775390625 0.96826171875 0.1025390625 0.0634765625
0 0.2724609375 0.7548828125 0.12109375 0.0859375
0 0.904296875 0.96533203125 0.083984375 0.0693359375
0 0.97607421875 0.17138671875 0.0478515625 0.1435546875
0 0.07958984375 0.611328125 0.1591796875 0.087890625
0 0.91748046875 0.16845703125 0.0947265625 0.1474609375
0 0.71484375 0.845703125 0.083984375 0.048828125
0 0.02685546875 0.44189453125 0.0478515625 0.0517578125
0 0.09716796875 0.0380859375 0.0400390625 0.060546875
0 0.701171875 0.6259765625 0.0859375 0.087890625
0 0.3359375 0.8154296875 0.068359375 0.0625
0 0.58447265625 0.33349609375 0.0400390625 0.0615234375
0 0.3408203125 0.962890625 0.1015625 0.064453125
0 0.15869140625 0.828125 0.0751953125 0.0546875
0 0.38427734375 0.05419921875 0.1982421875 0.1083984375
0 0.37939453125 0.02099609375 0.0732421875 0.0419921875
