0 0.619140625 0.48046875 0.080078125 0.0546875
0 0.48388671875 0.185546875 0.0927734375 0.048828125
0 0.17529296875 0.1650390625 0.0771484375 0.037109375
0 0.197265625 0.6962890625 0.07421875 0.04296875
0 0.45703125 0.69677734375 0.05859375 0.0458984375
0 0.3291015625 0.71142578125 0.095703125 0.0556640625
0 0.970703125 0.10107421875 0.05859375 0.1064453125
0 0.52978515625 0.61328125 0.0654296875 0.08984375
0 0.30419921875 0.14013671875 0.0732421875 0.0712890625
0 0.98193359375 0.32373046875 0.0361328125 0.0927734375
0 0.037109375 0.54931640625 0.06640625 0.0302734375
0 0.10546875 0.04638671875 0.052734375 0.0361328125
0 0.6171875 0.083984375 0.09765625 0.076171875
0 0.552734375 0.87109375 0.052734375 0.05078125
0 0.0859375 0.3681640625 0.072265625 0.048828125
0 0.25146484375 0.75146484375 0.0673828125 0.0634765625
0 0.7958984375 0.75927734375 0.060546875 0.0556640625
0 0.40478515625 0.0458984375 0.1005859375 0.0625
0 0.759765625 0.404296875 0.109375 0.080078125
0 0.12841796875 0.01611328125 0.0498046875 0.0302734375
0 0.39599609375 0.796875 0.0869140625 0.052734375
0 0.49658203125 0.43017578125 0.1142578125 0.0498046875
0 0.55078125 0.3974609375 0.056640625 0.056640625
0 0.0166015625 0.0185546875 0.033203125 0.037109375
0 0.1630859375 0.12890625 0.083984375 0.03515625
0 0.3359375 0.05615234375 0.05078125 0.0712890625
0 0.83935546875 0.7958984375 0.0654296875 0.056640625
0 0.39208984375 0.71044921875 0.0673828125 0.0537109375
0 0.326171875 0.09912109375 0.07421875 0.0478515625
0 0.0224609375 0.14599609375 0.044921875 0.0537109375
0 0.9765625 0.84521484375 0.046875 0.0400390625
0 0.6611328125 0.91650390625 0.099609375 0.0849609375
0 0.57958984375 0.82763671875 0.0654296875 0.0498046875
0 0.677734375 0.7392578125 0.080078125 0.064453125
0 0.705078125 0.0673828125 0.095703125 0.05078125
0 0.2255859375 0.5068359375 0.0859375 0.0625
0 0.6552734375 0.68115234375 0.0546875 0.0693359375
0 0.02734375 0.396484375 0.0546875 0.06640625
0 0.19580078125 0.09326171875 0.0810546875 0.0439453125
0 0.02783203125 0.79833984375 0.0537109375 0.0439453125
0 0.98193359375 0.80078125 0.0361328125 0.072265625
0 0.97265625 0.609375 0.044921875 0.078125
0 0.2822265625 0.921875 0.0625 0.046875
0 0.96533203125 0.34130859375 0.0341796875 0.0869140625
0 0.94091796875 0.71435546875 0.0693359375 0.0615234375
0 0.8515625 0.28125 0.080078125 0.060546875
0 0.0322265625 0.49365234375 0.064453125 0.0419921875
0 0.69921875 0.2041015625 0.04296875 0.078125
0 0.50439453125 0.498046875 0.0732421875 0.029296875
0 0.61328125 0.845703125 0.107421875 0.041015625
0 0.09130859375 0.7412109375 0.0908203125 0.0546875
0 0.12109375 0.78515625 0.08984375 0.0546875
