0 0.82373046875 0.59375 0.0927734375 0.0625
0 0.796875 0.31396484375 0.111328125 0.1064453125
0 0.68310546875 0.86669921875 0.1533203125 0.0771484375
0 0.51171875 0.78662109375 0.05859375 0.0576171875
0 0.9208984375 0.8359375 0.1171875 0.0703125
0 0.96875 0.4609375 0.0625 0.1171875
0 0.89306640625 0.88232421875 0.1669921875 0.0751953125
0 0.97021484375 0.68115234375 0.0576171875 0.0576171875
0 0.87548828125 0.2158203125 0.1376953125 0.0625
0 0.931640625 0.78125 0.134765625 0.09375
0 0.728515625 0.6416015625 0.0625 0.0546875
0 0.9658203125 0.19189453125 0.068359375 0.0693359375
0 0.91845703125 0.099609375 0.1123046875 0.08984375
0 0.81591796875 0.162109375 0.1474609375 0.07421875
0 0.03125 0.64794921875 0.0625 0.1572265625
0 0.84326171875 0.033203125 0.0927734375 0.0625
0 0.7509765625 0.81201171875 0.123046875 0.0791015625
0 0.73046875 0.52490234375 0.126953125 0.1181640625
0 0.76611328125 0.24462890625 0.1123046875 0.0693359375
0 0.8857421875 0.6572265625 0.123046875 0.060546875
0 0.89306640625 0.9736328125 0.1376953125 0.052734375
0 0.73193359375 0.77001953125 0.1376953125 0.0888671875
0 0.95751953125 0.61083984375 0.0830078125 0.0634765625
0 0.90478515625 0.2783203125 0.1298828125 0.123046875
