0 0.79833984375 0.34326171875 0.0576171875 0.0615234375
0 0.51904296875 0.76806640625 0.0517578125 0.0556640625
0 0.828125 0.8583984375 0.07421875 0.05078125
0 0.73291015625 0.30419921875 0.0537109375 0.0830078125
0 0.421875 0.28466796875 0.0546875 0.0478515625
0 0.53125 0.671875 0.044921875 0.060546875
0 0.3837890625 0.74072265625 0.0390625 0.0751953125
0 0.55126953125 0.55712890625 0.0556640625 0.0732421875
0 0.55859375 0.22265625 0.048828125 0.060546875
0 0.59521484375 0.12353515625 0.0576171875 0.0556640625
0 0.3583984375 0.97509765625 0.056640625 0.0498046875
0 0.4853515625 0.3310546875 0.056640625 0.052734375
0 0.39111328125 0.85498046875 0.0595703125 0.0595703125
0 0.77880859375 0.08544921875 0.0849609375 0.0478515625
0 0.904296875 0.056640625 0.076171875 0.068359375
0 0.6904296875 0.56787109375 0.064453125 0.0517578125
0 0.72509765625 0.6298828125 0.0576171875 0.07421875
0 0.36962890625 0.01611328125 0.0849609375 0.0322265625
0 0.4736328125 0.44775390625 0.056640625 0.0615234375
0 0.47705078125 0.86181640625 0.0419921875 0.1064453125
