0 0.0341796875 0.0263671875 0.046875 0.05078125
0 0.2822265625 0.02880859375 0.044921875 0.0576171875
0 0.25341796875 0.08984375 0.0263671875 0.046875
0 0.22607421875 0.10693359375 0.0498046875 0.0810546875
0 0.1923828125 0.10986328125 0.048828125 0.0712890625
0 0.01123046875 0.12255859375 0.0224609375 0.0439453125
0 0.59765625 0.0361328125 0.01953125 0.072265625
0 0.93359375 0.01171875 0.130859375 0.0234375
0 0.990234375 0.06982421875 0.01953125 0.0439453125
0 0.8154296875 0.07861328125 0.080078125 0.0908203125
0 0.77001953125 0.0673828125 0.0419921875 0.09375
0 0.92138671875 0.18359375 0.0263671875 0.029296875
0 0.9619140625 0.21044921875 0.041015625 0.0556640625
0 0.98583984375 0.15576171875 0.0283203125 0.0634765625
0 0.8427734375 0.21728515625 0.0390625 0.0576171875
0 0.859375 0.25634765625 0.03125 0.0341796875
0 0.81640625 0.27587890625 0.0234375 0.0380859375
0 0.87548828125 0.19140625 0.0615234375 0.150390625
0 0.900390625 0.27734375 0.0390625 0.025390625
0 0.8671875 0.30712890625 0.044921875 0.0693359375
0 0.630859375 0.15234375 0.05078125 0.083984375
0 0.51708984375 0.11767578125 0.0615234375 0.0283203125
0 0.509765625 0.146484375 0.046875 0.048828125
0 0.53466796875 0.1865234375 0.0341796875 0.064453125
0 0.57080078125 0.20068359375 0.0458984375 0.0478515625
0 0.48095703125 0.20751953125 0.0869140625 0.0830078125
0 0.52783203125 0.23974609375 0.0537109375 0.0576171875
0 0.53369140625 0.3408203125 0.0400390625 0.076171875
0 0.533203125 0.28564453125 0.03125 0.0341796875
0 0.59765625 0.3427734375 0.04296875 0.037109375
0 0.6240234375 0.3759765625 0.05078125 0.041015625
0 0.8818359375 0.42529296875 0.046875 0.0302734375
0 0.70361328125 0.4501953125 0.0849609375 0.09375
0 0.4873046875 0.42724609375 0.037109375 0.0380859375
0 0.50927734375 0.47900390625 0.0380859375 0.0751953125
0 0.2373046875 0.3759765625 0.01953125 0.0234375
0 0.19482421875 0.408203125 0.0498046875 0.0546875
0 0.0380859375 0.587890625 0.03125 0.04296875
0 0.05859375 0.61328125 0.05078125 0.048828125
0 0.1025390625 0.650390625 0.064453125 0.048828125
0 0.1455078125 0.60546875 0.029296875 0.048828125
0 0.10791015625 0.60888671875 0.0556640625 0.0341796875
0 0.2197265625 0.6640625 0.025390625 0.046875
0 0.0791015625 0.708984375 0.05859375 0.048828125
0 0.16064453125 0.7236328125 0.0322265625 0.041015625
0 0.208984375 0.72802734375 0.02734375 0.0380859375
0 0.203125 0.77978515625 0.0234375 0.0224609375
0 0.13232421875 0.72705078125 0.0380859375 0.0283203125
0 0.02392578125 0.74609375 0.0478515625 0.046875
0 0.06640625 0.7880859375 0.05078125 0.064453125
0 0.02197265625 0.79150390625 0.0439453125 0.0400390625
0 0.1328125 0.7666015625 0.064453125 0.0546875
0 0.10791015625 0.92822265625 0.0654296875 0.0810546875
0 0.15478515625 0.93017578125 0.0498046875 0.0439453125
0 0.09814453125 0.97265625 0.0634765625 0.0546875
0 0.1650390625 0.97216796875 0.056640625 0.0380859375
0 0.35498046875 0.599609375 0.0830078125 0.087890625
0 0.4541015625 0.5810546875 0.06640625 0.0703125
0 0.49755859375 0.62060546875 0.0400390625 0.0458984375
0 0.56689453125 0.59619140625 0.0302734375 0.0400390625
0 0.59619140625 0.61181640625 0.0263671875 0.0439453125
0 0.654296875 0.59716796875 0.044921875 0.0498046875
0 0.62841796875 0.5517578125 0.0537109375 0.044921875
0 0.57958984375 0.72021484375 0.0537109375 0.0458984375
0 0.5830078125 0.67724609375 0.03125 0.0556640625
0 0.498046875 0.73095703125 0.037109375 0.0595703125
0 0.533203125 0.7236328125 0.01953125 0.015625
0 0.69140625 0.541015625 0.05859375 0.0703125
0 0.8291015625 0.6904296875 0.05078125 0.052734375
0 0.87060546875 0.556640625 0.0322265625 0.0390625
0 0.83984375 0.58056640625 0.033203125 0.0576171875
0 0.81591796875 0.5849609375 0.0302734375 0.056640625
0 0.75439453125 0.591796875 0.0380859375 0.05078125
0 0.78662109375 0.60302734375 0.0439453125 0.0615234375
0 0.9462890625 0.5498046875 0.052734375 0.06640625
0 0.97412109375 0.57080078125 0.0517578125 0.0732421875
0 0.94873046875 0.857421875 0.0458984375 0.046875
0 0.8994140625 0.861328125 0.033203125 0.044921875
0 0.873046875 0.80810546875 0.048828125 0.1416015625
0 0.45703125 0.90673828125 0.048828125 0.0419921875
0 0.455078125 0.9609375 0.041015625 0.046875
0 0.48876953125 0.9638671875 0.0419921875 0.046875
0 0.10009765625 0.24560546875 0.0537109375 0.0732421875
0 0.2998046875 0.22412109375 0.025390625 0.0361328125
0 0.2314453125 0.267578125 0.041015625 0.03515625
0 0.189453125 0.27880859375 0.048828125 0.0400390625
0 0.2197265625 0.2216796875 0.037109375 0.05859375
0 0.57373046875 0.0390625 0.0302734375 0.078125
0 0.458984375 0.93359375 0.04296875 0.0234375
0 0.51318359375 0.47802734375 0.0615234375 0.0849609375
