0 0.9248046875 0.85009765625 0.07421875 0.0458984375
0 0.931640625 0.76318359375 0.1171875 0.0654296875
0 0.90478515625 0.728515625 0.1005859375 0.06640625
0 0.78271484375 0.68994140625 0.0478515625 0.0947265625
0 0.9111328125 0.6259765625 0.158203125 0.0703125
0 0.896484375 0.6669921875 0.142578125 0.078125
0 0.87451171875 0.53076171875 0.1357421875 0.0361328125
0 0.9287109375 0.4619140625 0.123046875 0.068359375
0 0.83349609375 0.36083984375 0.1669921875 0.0458984375
0 0.81103515625 0.31640625 0.1298828125 0.037109375
0 0.78759765625 0.21142578125 0.1220703125 0.0419921875
0 0.67431640625 0.15234375 0.1298828125 0.09765625
0 0.52294921875 0.197265625 0.0654296875 0.099609375
0 0.39208984375 0.19921875 0.0458984375 0.095703125
0 0.56591796875 0.06201171875 0.0380859375 0.1025390625
0 0.1943359375 0.0810546875 0.140625 0.068359375
0 0.09814453125 0.6396484375 0.1064453125 0.072265625
0 0.21142578125 0.74365234375 0.1982421875 0.1298828125
0 0.08203125 0.8896484375 0.146484375 0.041015625
0 0.29736328125 0.82275390625 0.0986328125 0.0595703125
0 0.3515625 0.7783203125 0.078125 0.029296875
0 0.4560546875 0.69482421875 0.140625 0.0419921875
0 0.5712890625 0.62890625 0.14453125 0.0859375
0 0.4833984375 0.6005859375 0.056640625 0.05859375
0 0.572265625 0.50927734375 0.109375 0.0712890625
0 0.66748046875 0.50146484375 0.1572265625 0.1103515625
0 0.7177734375 0.5498046875 0.09765625 0.0390625
0 0.43017578125 0.51416015625 0.0712890625 0.1357421875
0 0.27099609375 0.5380859375 0.1083984375 0.076171875
0 0.37646484375 0.408203125 0.1103515625 0.033203125
0 0.4775390625 0.388671875 0.05859375 0.060546875
0 0.59130859375 0.3583984375 0.0712890625 0.095703125
0 0.31884765625 0.46142578125 0.0966796875 0.0439453125
0 0.26025390625 0.36669921875 0.1005859375 0.0244140625
0 0.056640625 0.43798828125 0.09375 0.0341796875
0 0.544921875 0.27880859375 0.0546875 0.0576171875
0 0.15478515625 0.6953125 0.1357421875 0.0625
0 0.162109375 0.435546875 0.06640625 0.05859375
0 0.27392578125 0.33740234375 0.1142578125 0.0380859375
0 0.46875 0.0859375 0.0234375 0.025390625
0 0.4306640625 0.20068359375 0.03125 0.0986328125
0 0.13525390625 0.08837890625 0.1298828125 0.0751953125
0 0.484375 0.9296875 0.095703125 0.06640625
0 0.4033203125 0.28369140625 0.08984375 0.0400390625
0 0.36474609375 0.3291015625 0.0458984375 0.041015625
