0 0.02978515625 0.72607421875 0.0595703125 0.0615234375
0 0.19140625 0.06298828125 0.080078125 0.0673828125
0 0.14208984375 0.048828125 0.0595703125 0.095703125
0 0.15771484375 0.232421875 0.0712890625 0.044921875
0 0.5986328125 0.30078125 0.099609375 0.107421875
0 0.47021484375 0.3896484375 0.0380859375 0.0625
0 0.65087890625 0.0654296875 0.0380859375 0.08203125
0 0.935546875 0.5107421875 0.078125 0.052734375
0 0.5263671875 0.72119140625 0.1015625 0.0693359375
0 0.9404296875 0.03125 0.06640625 0.060546875
0 0.75146484375 0.78076171875 0.0654296875 0.0576171875
0 0.75830078125 0.71484375 0.0322265625 0.0390625
0 0.32080078125 0.390625 0.0380859375 0.044921875
0 0.322265625 0.96337890625 0.05859375 0.0478515625
0 0.822265625 0.7646484375 0.044921875 0.044921875
0 0.68212890625 0.02294921875 0.0400390625 0.0439453125
0 0.70458984375 0.0244140625 0.0224609375 0.046875
0 0.03076171875 0.51416015625 0.0419921875 0.0634765625
0 0.61083984375 0.89453125 0.0732421875 0.044921875
0 0.154296875 0.9462890625 0.05078125 0.06640625
0 0.0302734375 0.6748046875 0.05859375 0.068359375
0 0.5 0.32568359375 0.05859375 0.0810546875
0 0.76708984375 0.3603515625 0.0869140625 0.048828125
0 0.10986328125 0.91064453125 0.0849609375 0.0517578125
0 0.97216796875 0.9814453125 0.0458984375 0.037109375
0 0.84130859375 0.89208984375 0.0380859375 0.0341796875
0 0.5546875 0.48681640625 0.02734375 0.0947265625
0 0.4736328125 0.6591796875 0.041015625 0.08984375
0 0.68115234375 0.24755859375 0.0439453125 0.0322265625
0 0.8134765625 0.19287109375 0.07421875 0.0400390625
0 0.23681640625 0.65576171875 0.0751953125 0.0400390625
0 0.26025390625 0.36474609375 0.0361328125 0.0673828125
0 0.9736328125 0.14111328125 0.02734375 0.0693359375
0 0.8466796875 0.12744140625 0.041015625 0.0478515625
0 0.5693359375 0.05859375 0.078125 0.10546875
0 0.97607421875 0.6044921875 0.0361328125 0.05078125
0 0.26513671875 0.68017578125 0.0732421875 0.0498046875
0 0.97216796875 0.51220703125 0.0283203125 0.0517578125
0 0.3271484375 0.3046875 0.029296875 0.109375
0 0.3330078125 0.02392578125 0.05078125 0.0458984375
0 0.623046875 0.85009765625 0.048828125 0.0537109375
0 0.5400390625 0.6787109375 0.095703125 0.060546875
0 0.50048828125 0.7568359375 0.0400390625 0.1015625
0 0.4765625 0.6181640625 0.083984375 0.03125
0 0.9619140625 0.2392578125 0.076171875 0.05078125
0 0.4580078125 0.76025390625 0.072265625 0.0791015625
0 0.02783203125 0.54296875 0.0537109375 0.056640625
0 0.587890625 0.2109375 0.068359375 0.0625
0 0.0673828125 0.8046875 0.044921875 0.06640625
0 0.55517578125 0.77099609375 0.0693359375 0.0654296875
0 0.4521484375 0.48779296875 0.076171875 0.0732421875
0 0.38427734375 0.662109375 0.0791015625 0.06640625
0 0.8134765625 0.53466796875 0.046875 0.0498046875
0 0.69580078125 0.69921875 0.0732421875 0.072265625
0 0.08984375 0.66162109375 0.1015625 0.0517578125
0 0.82275390625 0.23388671875 0.0712890625 0.0322265625
0 0.84716796875 0.740234375 0.0771484375 0.060546875
0 0.38818359375 0.19384765625 0.0458984375 0.0556640625
0 0.49755859375 0.2666015625 0.0419921875 0.076171875
