0 0.66943359375 0.81201171875 0.1083984375 0.0712890625
0 0.69384765625 0.7265625 0.1259765625 0.0703125
0 0.68798828125 0.92333984375 0.1181640625 0.1279296875
0 0.96630859375 0.61572265625 0.0654296875 0.0751953125
0 0.7734375 0.796875 0.099609375 0.07421875
0 0.91455078125 0.02392578125 0.1279296875 0.0478515625
0 0.81201171875 0.298828125 0.1005859375 0.119140625
0 0.6708984375 0.041015625 0.072265625 0.08203125
0 0.88330078125 0.4521484375 0.1748046875 0.068359375
0 0.7822265625 0.41357421875 0.0859375 0.1044921875
0 0.79931640625 0.15625 0.0380859375 0.07421875
0 0.71630859375 0.4091796875 0.1044921875 0.08984375
0 0.74072265625 0.60302734375 0.0322265625 0.0654296875
0 0.76953125 0.16259765625 0.04296875 0.0947265625
