0 0.97998046875 0.08203125 0.0361328125 0.04296875
0 0.03662109375 0.80419921875 0.0458984375 0.0517578125
0 0.5380859375 0.22900390625 0.04296875 0.0302734375
0 0.17431640625 0.85595703125 0.0419921875 0.0478515625
0 0.66748046875 0.2744140625 0.0361328125 0.046875
0 0.4296875 0.0625 0.046875 0.033203125
0 0.7900390625 0.88232421875 0.03125 0.0615234375
0 0.1806640625 0.89794921875 0.037109375 0.0341796875
0 0.4072265625 0.18603515625 0.04296875 0.0283203125
0 0.26806640625 0.07568359375 0.0517578125 0.0400390625
0 0.7099609375 0.96533203125 0.029296875 0.0458984375
0 0.4931640625 0.8076171875 0.05078125 0.052734375
0 0.35693359375 0.37646484375 0.0263671875 0.0556640625
0 0.03271484375 0.13037109375 0.0439453125 0.0458984375
0 0.4287109375 0.66943359375 0.0390625 0.0322265625
0 0.06787109375 0.25244140625 0.0458984375 0.0322265625
0 0.24072265625 0.140625 0.0400390625 0.03125
0 0.18310546875 0.3203125 0.0341796875 0.044921875
0 0.7744140625 0.93701171875 0.02734375 0.0458984375
0 0.60009765625 0.771484375 0.0380859375 0.04296875
0 0.0810546875 0.958984375 0.048828125 0.08203125
0 0.51806640625 0.39501953125 0.0244140625 0.0517578125
0 0.2646484375 0.2646484375 0.041015625 0.029296875
0 0.341796875 0.08349609375 0.052734375 0.0302734375
0 0.67333984375 0.59033203125 0.0322265625 0.0439453125
0 0.6181640625 0.95654296875 0.02734375 0.0615234375
0 0.32373046875 0.4375 0.0400390625 0.064453125
0 0.56005859375 0.6953125 0.0322265625 0.029296875
0 0.45654296875 0.83544921875 0.0439453125 0.0478515625
0 0.41796875 0.853515625 0.033203125 0.046875
0 0.52685546875 0.2626953125 0.0537109375 0.037109375
0 0.818359375 0.90234375 0.033203125 0.060546875
0 0.8837890625 0.84228515625 0.05078125 0.0849609375
0 0.0234375 0.6640625 0.046875 0.048828125
0 0.25732421875 0.1611328125 0.0458984375 0.025390625
0 0.01611328125 0.8564453125 0.0283203125 0.05078125
0 0.08203125 0.87109375 0.04296875 0.05859375
0 0.19189453125 0.19384765625 0.0380859375 0.0341796875
0 0.7421875 0.86669921875 0.033203125 0.0771484375
0 0.92626953125 0.5927734375 0.0400390625 0.046875
0 0.34326171875 0.14208984375 0.0380859375 0.0283203125
0 0.49853515625 0.1865234375 0.0400390625 0.04296875
0 0.1611328125 0.048828125 0.056640625 0.033203125
0 0.0791015625 0.31591796875 0.056640625 0.0419921875
0 0.8544921875 0.66064453125 0.03515625 0.0537109375
0 0.6865234375 0.1240234375 0.03515625 0.04296875
0 0.91748046875 0.232421875 0.0712890625 0.046875
0 0.05615234375 0.224609375 0.0556640625 0.0234375
0 0.9814453125 0.92724609375 0.03515625 0.0732421875
