0 0.32861328125 0.89599609375 0.1044921875 0.0634765625
0 0.34765625 0.25146484375 0.076171875 0.0400390625
0 0.244140625 0.18798828125 0.041015625 0.0458984375
0 0.46728515625 0.0234375 0.1845703125 0.046875
0 0.1015625 0.09033203125 0.05078125 0.0576171875
0 0.44189453125 0.4912109375 0.0498046875 0.078125
0 0.087890625 0.85595703125 0.0625 0.0869140625
0 0.95654296875 0.24267578125 0.0869140625 0.0498046875
0 0.2724609375 0.75390625 0.064453125 0.05078125
0 0.734375 0.74365234375 0.0703125 0.0322265625
0 0.11767578125 0.43798828125 0.0849609375 0.0400390625
0 0.59716796875 0.3203125 0.0615234375 0.087890625
0 0.6796875 0.94970703125 0.080078125 0.0615234375
0 0.9521484375 0.142578125 0.09375 0.044921875
0 0.19384765625 0.244140625 0.0458984375 0.029296875
0 0.15771484375 0.03466796875 0.0634765625 0.0400390625
0 0.06787109375 0.3701171875 0.0537109375 0.041015625
0 0.18505859375 0.5390625 0.0830078125 0.064453125
0 0.75830078125 0.728515625 0.0673828125 0.02734375
0 0.7978515625 0.70068359375 0.083984375 0.0478515625
0 0.28564453125 0.42529296875 0.0615234375 0.0595703125
0 0.05859375 0.970703125 0.052734375 0.052734375
