0 0.435546875 0.42041015625 0.060546875 0.0517578125
0 0.923828125 0.0361328125 0.099609375 0.072265625
0 0.1455078125 0.4130859375 0.0703125 0.05078125
0 0.771484375 0.52490234375 0.0703125 0.0556640625
0 0.19970703125 0.6796875 0.0771484375 0.064453125
0 0.357421875 0.978515625 0.0546875 0.041015625
0 0.34375 0.47021484375 0.041015625 0.0419921875
0 0.78125 0.74951171875 0.072265625 0.1064453125
0 0.943359375 0.84765625 0.041015625 0.08203125
0 0.49609375 0.78857421875 0.056640625 0.0673828125
0 0.87548828125 0.45166015625 0.0537109375 0.0654296875
0 0.9375 0.36181640625 0.09375 0.0615234375
0 0.76025390625 0.3349609375 0.0322265625 0.0546875
0 0.73779296875 0.1279296875 0.0439453125 0.037109375
0 0.21630859375 0.4013671875 0.0478515625 0.04296875
0 0.3173828125 0.6904296875 0.08203125 0.0703125
0 0.29541015625 0.51953125 0.0400390625 0.044921875
0 0.14697265625 0.31787109375 0.1103515625 0.0654296875
0 0.2763671875 0.8017578125 0.05859375 0.09765625
0 0.37548828125 0.8896484375 0.0576171875 0.056640625
0 0.16552734375 0.09912109375 0.0576171875 0.0478515625
