0 0.49072265625 0.0263671875 0.0419921875 0.05078125
0 0.046875 0.41455078125 0.0546875 0.0361328125
0 0.10302734375 0.04541015625 0.0498046875 0.0615234375
0 0.3271484375 0.4609375 0.0546875 0.029296875
0 0.75 0.10986328125 0.05859375 0.0556640625
0 0.7646484375 0.58740234375 0.046875 0.0712890625
0 0.869140625 0.12744140625 0.05078125 0.0576171875
0 0.34521484375 0.06884765625 0.0400390625 0.0341796875
0 0.05517578125 0.67041015625 0.0693359375 0.0732421875
0 0.263671875 0.21875 0.03125 0.033203125
0 0.42236328125 0.70751953125 0.0439453125 0.0419921875
0 0.87548828125 0.529296875 0.0478515625 0.099609375
0 0.2021484375 0.59716796875 0.056640625 0.1025390625
0 0.27734375 0.642578125 0.046875 0.076171875
0 0.712890625 0.89697265625 0.05859375 0.1064453125
0 0.11865234375 0.67236328125 0.0302734375 0.0654296875
0 0.1357421875 0.146484375 0.07421875 0.029296875
0 0.5830078125 0.21435546875 0.03125 0.0439453125
0 0.3515625 0.24853515625 0.03515625 0.0986328125
0 0.45361328125 0.32666015625 0.0380859375 0.0947265625
0 0.669921875 0.126953125 0.037109375 0.0625
0 0.37548828125 0.03564453125 0.0673828125 0.0693359375
0 0.7939453125 0.01416015625 0.033203125 0.0283203125
0 0.41943359375 0.06982421875 0.0283203125 0.0380859375
0 0.70654296875 0.25732421875 0.0361328125 0.1025390625
0 0.501953125 0.97314453125 0.03515625 0.0537109375
0 0.41845703125 0.92138671875 0.0341796875 0.0498046875
0 0.064453125 0.69873046875 0.091796875 0.0517578125
0 0.353515625 0.140625 0.044921875 0.0390625
0 0.8720703125 0.71435546875 0.0546875 0.0341796875
0 0.24658203125 0.94921875 0.0693359375 0.05859375
0 0.04248046875 0.041015625 0.0439453125 0.07421875
0 0.3486328125 0.28125 0.060546875 0.0625
0 0.80322265625 0.58642578125 0.0322265625 0.0908203125
0 0.5478515625 0.72216796875 0.0546875 0.0302734375
0 0.857421875 0.703125 0.037109375 0.060546875
0 0.34619140625 0.5966796875 0.0419921875 0.044921875
0 0.2666015625 0.31640625 0.05859375 0.0703125
0 0.857421875 0.14306640625 0.03125 0.0400390625
0 0.65576171875 0.3583984375 0.0771484375 0.05859375
0 0.8310546875 0.0361328125 0.037109375 0.0703125
0 0.90185546875 0.76220703125 0.0693359375 0.0458984375
0 0.24365234375 0.4462890625 0.0400390625 0.044921875
0 0.462890625 0.3720703125 0.0390625 0.0546875
0 0.90966796875 0.12353515625 0.0712890625 0.0498046875
0 0.26318359375 0.9775390625 0.0400390625 0.0390625
0 0.3154296875 0.67529296875 0.04296875 0.0478515625
0 0.4150390625 0.109375 0.0703125 0.078125
0 0.89892578125 0.3603515625 0.0654296875 0.041015625
0 0.203125 0.7421875 0.048828125 0.060546875
0 0.47900390625 0.10791015625 0.0380859375 0.0537109375
0 0.74658203125 0.36279296875 0.0439453125 0.0361328125
0 0.2001953125 0.41845703125 0.03515625 0.0693359375
0 0.63232421875 0.47412109375 0.0576171875 0.0458984375
0 0.0224609375 0.923828125 0.044921875 0.04296875
0 0.02587890625 0.74609375 0.0517578125 0.0234375
0 0.21728515625 0.67041015625 0.0517578125 0.0361328125
0 0.6015625 0.61767578125 0.048828125 0.0380859375
0 0.25732421875 0.6669921875 0.0732421875 0.0546875
0 0.92333984375 0.962890625 0.0361328125 0.052734375
