0 0.8232421875 0.9091796875 0.0625 0.08203125
0 0.27294921875 0.9814453125 0.0869140625 0.037109375
0 0.94580078125 0.9482421875 0.0830078125 0.1015625
0 0.2373046875 0.9423828125 0.076171875 0.05078125
0 0.58984375 0.87060546875 0.12109375 0.0654296875
0 0.65087890625 0.84423828125 0.0654296875 0.1337890625
0 0.44775390625 0.900390625 0.0751953125 0.123046875
0 0.76513671875 0.8984375 0.0654296875 0.201171875
0 0.69873046875 0.9482421875 0.0712890625 0.103515625
0 0.85888671875 0.728515625 0.1611328125 0.162109375
0 0.74755859375 0.744140625 0.0361328125 0.060546875
0 0.87353515625 0.89306640625 0.0966796875 0.2119140625
0 0.59326171875 0.9501953125 0.1494140625 0.06640625
