0 0.93017578125 0.1787109375 0.0791015625 0.091796875
0 0.9443359375 0.2333984375 0.091796875 0.056640625
0 0.75 0.19091796875 0.138671875 0.0673828125
0 0.67138671875 0.04345703125 0.0654296875 0.0654296875
0 0.529296875 0.11083984375 0.060546875 0.0439453125
0 0.66259765625 0.169921875 0.0751953125 0.037109375
0 0.5634765625 0.2412109375 0.12109375 0.091796875
0 0.18359375 0.3173828125 0.119140625 0.09765625
0 0.49072265625 0.412109375 0.1884765625 0.056640625
0 0.564453125 0.58203125 0.173828125 0.095703125
0 0.61083984375 0.486328125 0.1494140625 0.150390625
0 0.81103515625 0.486328125 0.2216796875 0.0625
0 0.7783203125 0.60400390625 0.111328125 0.0400390625
0 0.90478515625 0.63427734375 0.0791015625 0.0380859375
0 0.7861328125 0.72021484375 0.087890625 0.0595703125
0 0.95703125 0.8896484375 0.06640625 0.041015625
0 0.79736328125 0.9462890625 0.0771484375 0.095703125
0 0.52099609375 0.85009765625 0.0849609375 0.0634765625
0 0.61181640625 0.95361328125 0.0927734375 0.0849609375
0 0.19970703125 0.83203125 0.1591796875 0.08203125
0 0.2060546875 0.640625 0.150390625 0.146484375
0 0.12353515625 0.66650390625 0.1064453125 0.0771484375
0 0.1337890625 0.609375 0.13671875 0.037109375
0 0.0771484375 0.1435546875 0.068359375 0.123046875
0 0.47900390625 0.05322265625 0.0439453125 0.0419921875
0 0.80859375 0.09716796875 0.083984375 0.0458984375
0 0.474609375 0.91015625 0.08203125 0.1171875
0 0.923828125 0.58203125 0.0703125 0.0625
0 0.6884765625 0.73291015625 0.064453125 0.0634765625
0 0.509765625 0.216796875 0.05859375 0.08984375
0 0.89697265625 0.29052734375 0.0419921875 0.0478515625
0 0.3603515625 0.42529296875 0.05859375 0.0673828125
0 0.080078125 0.0751953125 0.029296875 0.060546875
0 0.068359375 0.78271484375 0.087890625 0.0712890625
0 0.8759765625 0.85009765625 0.0625 0.0419921875
0 0.8798828125 0.78173828125 0.05859375 0.0478515625
