0 0.982421875 0.02197265625 0.03515625 0.0439453125
0 0.97900390625 0.1328125 0.0400390625 0.0703125
0 0.97314453125 0.24365234375 0.0419921875 0.0810546875
0 0.8212890625 0.37646484375 0.03515625 0.0380859375
0 0.966796875 0.36279296875 0.048828125 0.0615234375
0 0.98486328125 0.44921875 0.0283203125 0.08984375
0 0.94580078125 0.48681640625 0.0576171875 0.0595703125
0 0.82177734375 0.10888671875 0.0224609375 0.0478515625
0 0.77978515625 0.05517578125 0.0380859375 0.0595703125
0 0.65966796875 0.00439453125 0.0498046875 0.0087890625
0 0.57763671875 0.158203125 0.0419921875 0.083984375
0 0.47705078125 0.185546875 0.0478515625 0.060546875
0 0.400390625 0.0859375 0.052734375 0.09375
0 0.36328125 0.00927734375 0.025390625 0.0185546875
0 0.42626953125 0.04638671875 0.0205078125 0.0478515625
0 0.30126953125 0.17822265625 0.0185546875 0.0439453125
0 0.26513671875 0.02099609375 0.0439453125 0.0419921875
0 0.2158203125 0.03466796875 0.0546875 0.0693359375
0 0.16845703125 0.07666015625 0.0595703125 0.0517578125
0 0.140625 0.07763671875 0.068359375 0.0712890625
0 0.12109375 0.109375 0.068359375 0.072265625
0 0.07470703125 0.0419921875 0.0576171875 0.064453125
0 0.015625 0.111328125 0.03125 0.0546875
0 0.03076171875 0.2529296875 0.0615234375 0.0625
0 0.01025390625 0.1962890625 0.0205078125 0.029296875
0 0.08837890625 0.14794921875 0.1142578125 0.0244140625
0 0.08251953125 0.17919921875 0.0615234375 0.0478515625
0 0.16748046875 0.21533203125 0.0498046875 0.0673828125
0 0.2060546875 0.1689453125 0.0390625 0.06640625
0 0.29296875 0.24658203125 0.021484375 0.0263671875
0 0.259765625 0.33642578125 0.01953125 0.0322265625
0 0.20947265625 0.34619140625 0.0517578125 0.0595703125
0 0.20556640625 0.396484375 0.0439453125 0.05078125
0 0.20849609375 0.44775390625 0.0439453125 0.0498046875
0 0.30029296875 0.49609375 0.0302734375 0.041015625
0 0.28369140625 0.4658203125 0.0244140625 0.05078125
0 0.525390625 0.41064453125 0.0546875 0.0439453125
0 0.55322265625 0.37646484375 0.0654296875 0.0693359375
0 0.578125 0.46435546875 0.041015625 0.1064453125
0 0.091796875 0.544921875 0.09375 0.06640625
0 0.19970703125 0.6376953125 0.0380859375 0.044921875
0 0.099609375 0.66455078125 0.04296875 0.0263671875
0 0.1923828125 0.75048828125 0.037109375 0.0458984375
0 0.15478515625 0.73486328125 0.0361328125 0.0576171875
0 0.1826171875 0.7880859375 0.029296875 0.025390625
0 0.14697265625 0.791015625 0.0654296875 0.0546875
0 0.14990234375 0.93017578125 0.0556640625 0.0341796875
0 0.2294921875 0.82568359375 0.04296875 0.0595703125
0 0.53564453125 0.8095703125 0.0693359375 0.0546875
0 0.6943359375 0.87109375 0.048828125 0.0390625
0 0.60302734375 0.8115234375 0.0439453125 0.044921875
0 0.53369140625 0.5361328125 0.0458984375 0.03515625
0 0.59130859375 0.66455078125 0.0302734375 0.0478515625
0 0.61767578125 0.61669921875 0.0537109375 0.0556640625
0 0.58935546875 0.56689453125 0.0419921875 0.0400390625
0 0.62353515625 0.52783203125 0.0595703125 0.0712890625
0 0.5634765625 0.953125 0.04296875 0.046875
0 0.61083984375 0.982421875 0.0556640625 0.03515625
0 0.91943359375 0.953125 0.0244140625 0.037109375
0 0.99365234375 0.94677734375 0.0126953125 0.0322265625
0 0.9873046875 0.8837890625 0.0234375 0.037109375
0 0.970703125 0.9228515625 0.05078125 0.04296875
0 0.9755859375 0.8271484375 0.048828125 0.05078125
0 0.96142578125 0.849609375 0.0341796875 0.041015625
0 0.84228515625 0.54638671875 0.0517578125 0.0751953125
0 0.97265625 0.67626953125 0.04296875 0.0478515625
0 0.96240234375 0.7314453125 0.0458984375 0.064453125
0 0.9130859375 0.76171875 0.052734375 0.044921875
0 0.15771484375 0.42919921875 0.0556640625 0.0556640625
0 0.158203125 0.4658203125 0.0546875 0.046875
0 0.5654296875 0.45068359375 0.1171875 0.0888671875
