0 0.1728515625 0.90576171875 0.052734375 0.0693359375
0 0.36181640625 0.8876953125 0.1181640625 0.064453125
0 0.50634765625 0.921875 0.0732421875 0.048828125
0 0.55078125 0.82470703125 0.048828125 0.0478515625
0 0.2197265625 0.82275390625 0.044921875 0.0361328125
0 0.11474609375 0.884765625 0.0380859375 0.03515625
0 0.10693359375 0.7890625 0.0419921875 0.03515625
0 0.21337890625 0.7451171875 0.0615234375 0.044921875
0 0.13720703125 0.65771484375 0.0556640625 0.0810546875
0 0.34228515625 0.72607421875 0.0751953125 0.0673828125
0 0.267578125 0.681640625 0.05078125 0.05078125
0 0.189453125 0.6142578125 0.052734375 0.04296875
0 0.10986328125 0.583984375 0.0361328125 0.04296875
0 0.44921875 0.6083984375 0.09765625 0.046875
0 0.58837890625 0.70166015625 0.0556640625 0.0419921875
0 0.4755859375 0.69873046875 0.044921875 0.0283203125
0 0.5556640625 0.55224609375 0.05078125 0.0576171875
0 0.6181640625 0.4873046875 0.041015625 0.048828125
0 0.4697265625 0.47216796875 0.052734375 0.0380859375
0 0.34765625 0.4619140625 0.044921875 0.05859375
0 0.1044921875 0.3779296875 0.095703125 0.044921875
0 0.1923828125 0.35009765625 0.0546875 0.0341796875
0 0.205078125 0.412109375 0.041015625 0.044921875
0 0.32958984375 0.37451171875 0.0322265625 0.0419921875
0 0.06640625 0.263671875 0.05078125 0.08203125
0 0.18603515625 0.271484375 0.0595703125 0.048828125
0 0.25927734375 0.2265625 0.0595703125 0.05078125
0 0.328125 0.14892578125 0.046875 0.0673828125
0 0.53662109375 0.30712890625 0.0478515625 0.0712890625
0 0.3701171875 0.2900390625 0.048828125 0.056640625
0 0.4208984375 0.24658203125 0.041015625 0.0595703125
0 0.41162109375 0.0888671875 0.1044921875 0.1015625
0 0.18017578125 0.0595703125 0.0751953125 0.091796875
0 0.0966796875 0.09716796875 0.0703125 0.0810546875
0 0.53466796875 0.1953125 0.0400390625 0.05078125
0 0.685546875 0.263671875 0.05078125 0.060546875
0 0.7158203125 0.1171875 0.044921875 0.060546875
0 0.72265625 0.3388671875 0.0546875 0.044921875
0 0.794921875 0.3134765625 0.052734375 0.05859375
0 0.88720703125 0.337890625 0.0458984375 0.05859375
0 0.9521484375 0.37109375 0.04296875 0.048828125
0 0.966796875 0.2470703125 0.04296875 0.048828125
0 0.90771484375 0.20361328125 0.0380859375 0.0791015625
0 0.73974609375 0.82568359375 0.0771484375 0.0791015625
0 0.71435546875 0.8857421875 0.0341796875 0.033203125
0 0.85595703125 0.8662109375 0.0693359375 0.03515625
0 0.9716796875 0.857421875 0.033203125 0.064453125
0 0.931640625 0.8671875 0.046875 0.056640625
0 0.89208984375 0.9130859375 0.0361328125 0.03515625
0 0.822265625 0.78125 0.0390625 0.0546875
0 0.8271484375 0.7119140625 0.068359375 0.05078125
0 0.947265625 0.685546875 0.060546875 0.103515625
0 0.86572265625 0.15673828125 0.0361328125 0.0751953125
0 0.9306640625 0.5595703125 0.044921875 0.03515625
0 0.78271484375 0.47509765625 0.0615234375 0.0771484375
0 0.96044921875 0.62353515625 0.0556640625 0.0322265625
0 0.69921875 0.66015625 0.041015625 0.037109375
0 0.7197265625 0.59619140625 0.041015625 0.0263671875
0 0.3642578125 0.837890625 0.044921875 0.03125
0 0.25927734375 0.32080078125 0.0302734375 0.0283203125
0 0.06201171875 0.119140625 0.0302734375 0.048828125
0 0.8203125 0.53515625 0.05859375 0.04296875
0 0.3173828125 0.78759765625 0.052734375 0.0751953125
0 0.11376953125 0.40185546875 0.0322265625 0.0283203125
0 0.2255859375 0.42041015625 0.037109375 0.0205078125
0 0.16796875 0.41357421875 0.04296875 0.0263671875
0 0.53662109375 0.67236328125 0.0439453125 0.0322265625
