0 0.599609375 0.60009765625 0.068359375 0.0576171875
0 0.85791015625 0.6865234375 0.0947265625 0.140625
0 0.34375 0.35009765625 0.078125 0.1044921875
0 0.33203125 0.66943359375 0.0703125 0.0849609375
0 0.4765625 0.34716796875 0.08203125 0.0810546875
0 0.4736328125 0.6865234375 0.09765625 0.130859375
0 0.9287109375 0.44970703125 0.0546875 0.0732421875
0 0.49267578125 0.97705078125 0.0791015625 0.0458984375
0 0.0712890625 0.54443359375 0.08203125 0.0673828125
0 0.67333984375 0.3701171875 0.0458984375 0.07421875
0 0.7333984375 0.82470703125 0.091796875 0.1123046875
0 0.0400390625 0.6240234375 0.080078125 0.080078125
0 0.0966796875 0.876953125 0.1484375 0.083984375
0 0.171875 0.69873046875 0.046875 0.0693359375
0 0.724609375 0.7265625 0.09375 0.1015625
0 0.08984375 0.212890625 0.158203125 0.169921875
0 0.1396484375 0.1357421875 0.11328125 0.099609375
0 0.4169921875 0.80810546875 0.072265625 0.0712890625
0 0.9619140625 0.314453125 0.05859375 0.064453125
0 0.748046875 0.21923828125 0.060546875 0.1005859375
0 0.64990234375 0.70458984375 0.0537109375 0.0419921875
0 0.38720703125 0.4814453125 0.0732421875 0.064453125
0 0.25439453125 0.337890625 0.1103515625 0.099609375
0 0.880859375 0.41796875 0.068359375 0.1171875
0 0.75244140625 0.6796875 0.0634765625 0.087890625
0 0.7509765625 0.515625 0.068359375 0.08203125
0 0.13916015625 0.62353515625 0.0771484375 0.1044921875
0 0.98681640625 0.626953125 0.0263671875 0.060546875
0 0.9404296875 0.66748046875 0.06640625 0.0830078125
0 0.59375 0.478515625 0.06640625 0.109375
0 0.3974609375 0.8232421875 0.080078125 0.072265625
0 0.580078125 0.29345703125 0.056640625 0.0615234375
0 0.65478515625 0.42333984375 0.0732421875 0.0693359375
0 0.16064453125 0.04248046875 0.0849609375 0.0849609375
0 0.853515625 0.10546875 0.099609375 0.162109375
0 0.75390625 0.05126953125 0.07421875 0.0849609375
0 0.3525390625 0.6064453125 0.0625 0.044921875
0 0.97705078125 0.06494140625 0.0458984375 0.1298828125
0 0.21435546875 0.9853515625 0.0537109375 0.029296875
0 0.275390625 0.48486328125 0.12890625 0.1142578125
0 0.03564453125 0.98486328125 0.0712890625 0.0302734375
0 0.8974609375 0.10986328125 0.03515625 0.0888671875
0 0.93798828125 0.22216796875 0.0458984375 0.0947265625
0 0.42578125 0.587890625 0.05859375 0.095703125
0 0.7138671875 0.1611328125 0.060546875 0.107421875
0 0.58203125 0.67333984375 0.048828125 0.0478515625
0 0.06494140625 0.02392578125 0.0830078125 0.0478515625
0 0.90869140625 0.5361328125 0.0576171875 0.0703125
0 0.40087890625 0.9580078125 0.0498046875 0.068359375
0 0.9873046875 0.2529296875 0.0234375 0.078125
0 0.52587890625 0.2333984375 0.0712890625 0.083984375
0 0.6796875 0.62451171875 0.0546875 0.0615234375
0 0.4560546875 0.0478515625 0.08203125 0.080078125
0 0.62109375 0.0224609375 0.06640625 0.044921875
0 0.4951171875 0.79736328125 0.080078125 0.1044921875
0 0.259765625 0.92333984375 0.056640625 0.0869140625
