0 0.7685546875 0.81689453125 0.029296875 0.0322265625
0 0.80078125 0.65185546875 0.087890625 0.0751953125
0 0.421875 0.61083984375 0.099609375 0.0927734375
0 0.7880859375 0.74658203125 0.06640625 0.0595703125
0 0.74169921875 0.84228515625 0.0302734375 0.0341796875
0 0.470703125 0.98095703125 0.0703125 0.0361328125
0 0.46826171875 0.0556640625 0.0771484375 0.078125
0 0.3876953125 0.82421875 0.080078125 0.060546875
0 0.4892578125 0.1669921875 0.0703125 0.064453125
0 0.6787109375 0.40625 0.1328125 0.1328125
0 0.74169921875 0.75146484375 0.0712890625 0.0693359375
0 0.201171875 0.30322265625 0.09765625 0.1376953125
0 0.6015625 0.9794921875 0.07421875 0.0390625
0 0.13671875 0.45068359375 0.083984375 0.0849609375
0 0.44140625 0.2763671875 0.04296875 0.03515625
0 0.41064453125 0.02685546875 0.0927734375 0.0498046875
0 0.0244140625 0.71923828125 0.044921875 0.1103515625
0 0.40771484375 0.32666015625 0.0380859375 0.0439453125
0 0.392578125 0.26220703125 0.037109375 0.0380859375
0 0.58935546875 0.087890625 0.0849609375 0.09765625
0 0.58837890625 0.53173828125 0.0634765625 0.0771484375
