0 0.66455078125 0.92822265625 0.0830078125 0.1240234375
0 0.90185546875 0.39599609375 0.0576171875 0.0966796875
0 0.35205078125 0.0654296875 0.0634765625 0.06640625
0 0.5400390625 0.90185546875 0.14453125 0.0732421875
0 0.57421875 0.24853515625 0.083984375 0.0634765625
0 0.1962890625 0.30419921875 0.115234375 0.1337890625
0 0.15771484375 0.53759765625 0.0673828125 0.0771484375
0 0.0244140625 0.95654296875 0.048828125 0.0517578125
0 0.935546875 0.1103515625 0.0625 0.095703125
0 0.6435546875 0.1181640625 0.080078125 0.091796875
0 0.10205078125 0.9130859375 0.0966796875 0.0859375
0 0.84228515625 0.27392578125 0.0654296875 0.0634765625
0 0.59228515625 0.3779296875 0.0771484375 0.0546875
0 0.31689453125 0.490234375 0.0888671875 0.0625
0 0.978515625 0.11328125 0.04296875 0.080078125
0 0.24365234375 0.51416015625 0.0654296875 0.0458984375
0 0.76904296875 0.3466796875 0.0849609375 0.123046875
0 0.4912109375 0.275390625 0.095703125 0.060546875
0 0.7744140625 0.91748046875 0.06640625 0.0791015625
0 0.16357421875 0.92333984375 0.0810546875 0.0517578125
0 0.20166015625 0.55078125 0.0478515625 0.044921875
0 0.25 0.02197265625 0.060546875 0.0439453125
0 0.0498046875 0.5703125 0.099609375 0.091796875
0 0.224609375 0.17578125 0.12109375 0.115234375
0 0.9287109375 0.93115234375 0.064453125 0.1025390625
