0 0.19921875 0.79541015625 0.05859375 0.0439453125
0 0.56689453125 0.22021484375 0.0673828125 0.0634765625
0 0.109375 0.98388671875 0.09765625 0.0322265625
0 0.2216796875 0.73681640625 0.072265625 0.0791015625
0 0.8232421875 0.45654296875 0.03515625 0.0498046875
0 0.30810546875 0.28369140625 0.0693359375 0.0517578125
0 0.54150390625 0.75390625 0.0693359375 0.04296875
0 0.8271484375 0.9755859375 0.0390625 0.046875
0 0.826171875 0.4111328125 0.05859375 0.072265625
0 0.7705078125 0.66748046875 0.046875 0.0380859375
0 0.958984375 0.41015625 0.072265625 0.048828125
0 0.43017578125 0.52685546875 0.0712890625 0.0712890625
0 0.26904296875 0.849609375 0.0419921875 0.056640625
0 0.857421875 0.2705078125 0.037109375 0.03515625
0 0.80322265625 0.1201171875 0.0458984375 0.064453125
0 0.39501953125 0.65576171875 0.0537109375 0.0810546875
0 0.78515625 0.25439453125 0.04296875 0.0537109375
0 0.6494140625 0.28173828125 0.044921875 0.0439453125
0 0.40966796875 0.1357421875 0.0361328125 0.048828125
0 0.59716796875 0.78564453125 0.0791015625 0.0556640625
0 0.61962890625 0.71923828125 0.0595703125 0.0947265625
0 0.8076171875 0.77587890625 0.046875 0.0341796875
0 0.05419921875 0.572265625 0.0556640625 0.029296875
0 0.091796875 0.72265625 0.03515625 0.04296875
0 0.81689453125 0.7236328125 0.0634765625 0.046875
0 0.33935546875 0.1015625 0.1142578125 0.076171875
0 0.85107421875 0.7841796875 0.0341796875 0.052734375
0 0.8876953125 0.4306640625 0.041015625 0.037109375
0 0.25537109375 0.77001953125 0.0791015625 0.0810546875
0 0.52783203125 0.3251953125 0.0712890625 0.041015625
0 0.15478515625 0.69482421875 0.0595703125 0.0498046875
0 0.62109375 0.86865234375 0.05078125 0.0576171875
0 0.29443359375 0.142578125 0.0478515625 0.0625
0 0.9228515625 0.48876953125 0.03515625 0.0341796875
0 0.56982421875 0.4501953125 0.0419921875 0.044921875
0 0.29150390625 0.3271484375 0.0400390625 0.048828125
0 0.5185546875 0.17822265625 0.046875 0.0498046875
0 0.37646484375 0.1943359375 0.0654296875 0.0390625
0 0.23291015625 0.2021484375 0.0556640625 0.052734375
0 0.115234375 0.55322265625 0.05859375 0.0537109375
0 0.1962890625 0.63818359375 0.052734375 0.0400390625
0 0.47607421875 0.744140625 0.0419921875 0.048828125
0 0.76220703125 0.61328125 0.0302734375 0.041015625
0 0.5537109375 0.78857421875 0.060546875 0.0419921875
0 0.50830078125 0.720703125 0.0517578125 0.056640625
0 0.35205078125 0.666015625 0.0458984375 0.060546875
0 0.17333984375 0.74658203125 0.0634765625 0.0361328125
0 0.0732421875 0.23876953125 0.0546875 0.0322265625
0 0.35205078125 0.16357421875 0.0537109375 0.0419921875
0 0.80908203125 0.91943359375 0.0419921875 0.0576171875
0 0.7294921875 0.59423828125 0.0546875 0.0322265625
0 0.50048828125 0.21337890625 0.0400390625 0.0537109375
0 0.693359375 0.7177734375 0.056640625 0.037109375
0 0.765625 0.7216796875 0.052734375 0.05859375
0 0.78125 0.7041015625 0.041015625 0.0546875
0 0.15234375 0.10302734375 0.052734375 0.0458984375
0 0.18017578125 0.232421875 0.0478515625 0.06640625
0 0.56982421875 0.68505859375 0.0615234375 0.0498046875
0 0.73486328125 0.5546875 0.0205078125 0.0390625
0 0.65771484375 0.5068359375 0.0419921875 0.056640625
0 0.232421875 0.3671875 0.04296875 0.041015625
0 0.18701171875 0.3115234375 0.0341796875 0.044921875
0 0.9296875 0.94091796875 0.060546875 0.0927734375
0 0.49755859375 0.40966796875 0.0419921875 0.0517578125
0 0.5185546875 0.39599609375 0.033203125 0.0400390625
0 0.7490234375 0.25830078125 0.029296875 0.0302734375
0 0.08056640625 0.60595703125 0.0771484375 0.0380859375
0 0.2861328125 0.70751953125 0.048828125 0.0439453125
0 0.89501953125 0.3720703125 0.0537109375 0.04296875
0 0.02734375 0.484375 0.0546875 0.046875
0 0.87451171875 0.916015625 0.0615234375 0.0859375
0 0.46484375 0.64013671875 0.046875 0.0380859375
0 0.57958984375 0.93212890625 0.0576171875 0.0693359375
0 0.35107421875 0.333984375 0.0556640625 0.044921875
0 0.9775390625 0.4658203125 0.0234375 0.02734375
0 0.3916015625 0.39013671875 0.0625 0.0419921875
0 0.9677734375 0.21728515625 0.0390625 0.0595703125
0 0.0595703125 0.3388671875 0.076171875 0.083984375
0 0.8076171875 0.6298828125 0.11328125 0.0546875
