0 0.99169921875 0.3955078125 0.0166015625 0.0625
0 0.98974609375 0.47314453125 0.0205078125 0.0478515625
0 0.94677734375 0.404296875 0.0849609375 0.111328125
0 0.978515625 0.1064453125 0.041015625 0.056640625
0 0.94482421875 0.1923828125 0.0712890625 0.099609375
0 0.82373046875 0.20068359375 0.0791015625 0.0576171875
0 0.76171875 0.15234375 0.05078125 0.08984375
0 0.61376953125 0.26025390625 0.0556640625 0.0615234375
0 0.68896484375 0.2314453125 0.0595703125 0.068359375
0 0.65966796875 0.14892578125 0.0595703125 0.0830078125
0 0.77587890625 0.328125 0.0654296875 0.095703125
0 0.86279296875 0.41650390625 0.0791015625 0.0537109375
0 0.7744140625 0.37646484375 0.0546875 0.0498046875
0 0.6474609375 0.373046875 0.046875 0.06640625
0 0.73681640625 0.435546875 0.0654296875 0.0625
0 0.720703125 0.3955078125 0.05078125 0.06640625
0 0.60107421875 0.4248046875 0.1103515625 0.07421875
0 0.5390625 0.10546875 0.111328125 0.064453125
0 0.4677734375 0.15185546875 0.037109375 0.0732421875
0 0.48095703125 0.109375 0.0302734375 0.033203125
0 0.50732421875 0.42138671875 0.0322265625 0.0595703125
0 0.4072265625 0.21240234375 0.060546875 0.0908203125
0 0.35595703125 0.5009765625 0.0517578125 0.052734375
0 0.8447265625 0.5224609375 0.091796875 0.140625
0 0.91796875 0.546875 0.0546875 0.09375
0 0.68359375 0.5078125 0.041015625 0.048828125
0 0.7119140625 0.53955078125 0.060546875 0.0654296875
0 0.39794921875 0.4931640625 0.0556640625 0.08203125
0 0.30859375 0.44384765625 0.0625 0.0517578125
0 0.30126953125 0.40380859375 0.0322265625 0.0283203125
0 0.18115234375 0.31689453125 0.0927734375 0.0693359375
0 0.3916015625 0.36083984375 0.0546875 0.0810546875
0 0.35986328125 0.36279296875 0.0419921875 0.0458984375
0 0.271484375 0.22265625 0.046875 0.060546875
0 0.35986328125 0.28173828125 0.0478515625 0.1142578125
0 0.2998046875 0.3623046875 0.080078125 0.08203125
0 0.296875 0.2919921875 0.076171875 0.09375
0 0.908203125 0.0517578125 0.091796875 0.103515625
0 0.80859375 0.01953125 0.04296875 0.0390625
0 0.67919921875 0.0625 0.0322265625 0.091796875
0 0.7197265625 0.08642578125 0.046875 0.1103515625
0 0.5458984375 0.02001953125 0.052734375 0.0400390625
0 0.33837890625 0.0419921875 0.0517578125 0.060546875
0 0.36572265625 0.01123046875 0.0380859375 0.0224609375
0 0.31494140625 0.01171875 0.0439453125 0.0234375
0 0.0673828125 0.05810546875 0.056640625 0.1162109375
0 0.02099609375 0.08642578125 0.0419921875 0.0966796875
0 0.08349609375 0.23486328125 0.0458984375 0.0927734375
0 0.11474609375 0.330078125 0.0712890625 0.060546875
0 0.0380859375 0.384765625 0.064453125 0.0390625
0 0.009765625 0.337890625 0.01953125 0.0546875
0 0.01123046875 0.45556640625 0.0224609375 0.0517578125
0 0.05908203125 0.72021484375 0.0478515625 0.0732421875
0 0.0087890625 0.72509765625 0.017578125 0.0712890625
0 0.02001953125 0.66015625 0.0400390625 0.111328125
0 0.18310546875 0.6708984375 0.0771484375 0.09765625
0 0.23193359375 0.80322265625 0.0400390625 0.0322265625
0 0.0830078125 0.86328125 0.109375 0.091796875
0 0.44384765625 0.80908203125 0.0537109375 0.0595703125
0 0.31005859375 0.62841796875 0.0537109375 0.0634765625
0 0.16943359375 0.54443359375 0.0673828125 0.1162109375
0 0.20703125 0.62939453125 0.05859375 0.0498046875
0 0.3125 0.72802734375 0.068359375 0.0576171875
0 0.2734375 0.68017578125 0.091796875 0.0732421875
0 0.40966796875 0.71337890625 0.0439453125 0.0439453125
0 0.412109375 0.7578125 0.05859375 0.0546875
0 0.34814453125 0.6025390625 0.0400390625 0.044921875
0 0.36279296875 0.646484375 0.0478515625 0.0625
0 0.4873046875 0.94921875 0.068359375 0.05859375
0 0.64892578125 0.583984375 0.0302734375 0.060546875
0 0.78076171875 0.73583984375 0.0556640625 0.0498046875
0 0.87158203125 0.64697265625 0.0556640625 0.0556640625
0 0.8994140625 0.6904296875 0.052734375 0.064453125
0 0.634765625 0.70361328125 0.044921875 0.0615234375
0 0.67529296875 0.6728515625 0.0537109375 0.072265625
0 0.73193359375 0.59375 0.0576171875 0.1015625
0 0.67529296875 0.7626953125 0.0400390625 0.064453125
0 0.72216796875 0.73193359375 0.0634765625 0.1494140625
0 0.765625 0.9091796875 0.048828125 0.044921875
0 0.6767578125 0.9560546875 0.02734375 0.052734375
0 0.74560546875 0.94140625 0.0908203125 0.0703125
0 0.884765625 0.93017578125 0.029296875 0.0380859375
0 0.16162109375 0.9716796875 0.0712890625 0.056640625
0 0.0703125 0.95654296875 0.07421875 0.0537109375
0 0.06494140625 0.98046875 0.1298828125 0.0390625
0 0.98046875 0.5986328125 0.037109375 0.0625
0 0.7216796875 0.9833984375 0.06640625 0.033203125
0 0.09326171875 0.37744140625 0.0400390625 0.0419921875
0 0.681640625 0.41357421875 0.048828125 0.0654296875
0 0.2138671875 0.7275390625 0.033203125 0.03515625
0 0.93896484375 0.14208984375 0.0654296875 0.0341796875
0 0.2919921875 0.01953125 0.037109375 0.0390625
0 0.37109375 0.33447265625 0.03125 0.0302734375
