0 0.93310546875 0.96826171875 0.0654296875 0.0634765625
0 0.2783203125 0.18359375 0.15625 0.052734375
0 0.18505859375 0.380859375 0.0966796875 0.095703125
0 0.0185546875 0.3037109375 0.037109375 0.048828125
0 0.29296875 0.302734375 0.08984375 0.056640625
0 0.15625 0.10791015625 0.140625 0.0673828125
0 0.390625 0.7041015625 0.07421875 0.111328125
0 0.27490234375 0.078125 0.0869140625 0.07421875
0 0.58642578125 0.18798828125 0.0986328125 0.0751953125
0 0.5146484375 0.2685546875 0.115234375 0.064453125
0 0.97998046875 0.51123046875 0.0400390625 0.1064453125
0 0.31591796875 0.85107421875 0.0693359375 0.0654296875
0 0.1279296875 0.77734375 0.076171875 0.05859375
0 0.86572265625 0.97216796875 0.0595703125 0.0556640625
0 0.31884765625 0.68310546875 0.0537109375 0.0712890625
0 0.671875 0.14404296875 0.060546875 0.1005859375
0 0.978515625 0.93212890625 0.041015625 0.0830078125
0 0.9375 0.02392578125 0.125 0.0478515625
0 0.58349609375 0.666015625 0.0654296875 0.0859375
0 0.2978515625 0.9267578125 0.126953125 0.080078125
0 0.0654296875 0.29833984375 0.064453125 0.1318359375
0 0.05712890625 0.96044921875 0.1142578125 0.0693359375
0 0.76220703125 0.37255859375 0.0458984375 0.0498046875
0 0.849609375 0.83251953125 0.109375 0.1025390625
0 0.61572265625 0.78466796875 0.0751953125 0.0615234375
0 0.04931640625 0.88134765625 0.0966796875 0.0693359375
0 0.32080078125 0.49853515625 0.2177734375 0.1240234375
0 0.04296875 0.791015625 0.0859375 0.056640625
0 0.46826171875 0.10595703125 0.0732421875 0.0556640625
