0 0.9560546875 0.1494140625 0.044921875 0.150390625
0 0.84765625 0.08203125 0.0859375 0.134765625
0 0.8544921875 0.1416015625 0.06640625 0.107421875
0 0.80029296875 0.03662109375 0.0361328125 0.0732421875
0 0.69189453125 0.14404296875 0.0419921875 0.0947265625
0 0.76318359375 0.08984375 0.0361328125 0.1796875
0 0.5068359375 0.06787109375 0.041015625 0.1357421875
0 0.53955078125 0.0673828125 0.0380859375 0.1328125
0 0.5693359375 0.08544921875 0.04296875 0.1396484375
0 0.65087890625 0.07666015625 0.0517578125 0.1103515625
0 0.6484375 0.15869140625 0.044921875 0.1162109375
0 0.609375 0.12158203125 0.03515625 0.1474609375
0 0.5224609375 0.23095703125 0.046875 0.1064453125
0 0.50244140625 0.1962890625 0.0634765625 0.115234375
0 0.44140625 0.24267578125 0.056640625 0.1826171875
0 0.4404296875 0.1005859375 0.033203125 0.1484375
0 0.3701171875 0.029296875 0.0390625 0.05859375
0 0.33740234375 0.095703125 0.0322265625 0.095703125
0 0.3310546875 0.0400390625 0.03125 0.080078125
0 0.36669921875 0.259765625 0.0478515625 0.072265625
0 0.95849609375 0.3896484375 0.0830078125 0.08984375
0 0.50048828125 0.5322265625 0.1376953125 0.076171875
0 0.6083984375 0.38134765625 0.0390625 0.1318359375
0 0.8505859375 0.40087890625 0.060546875 0.1162109375
0 0.8564453125 0.28076171875 0.052734375 0.0927734375
0 0.87744140625 0.28125 0.0498046875 0.1171875
0 0.5390625 0.3603515625 0.103515625 0.134765625
0 0.51904296875 0.3515625 0.1181640625 0.123046875
0 0.732421875 0.36865234375 0.03515625 0.0849609375
0 0.70751953125 0.0576171875 0.0263671875 0.08203125
0 0.6865234375 0.0517578125 0.0390625 0.103515625
0 0.63916015625 0.240234375 0.0498046875 0.046875
0 0.59765625 0.24560546875 0.03515625 0.0498046875
0 0.9052734375 0.7392578125 0.0390625 0.115234375
0 0.96923828125 0.529296875 0.0615234375 0.041015625
0 0.73291015625 0.05322265625 0.0419921875 0.1044921875
0 0.39697265625 0.77734375 0.0986328125 0.0546875
0 0.615234375 0.6005859375 0.091796875 0.08203125
0 0.5810546875 0.47412109375 0.048828125 0.0478515625
0 0.478515625 0.50439453125 0.091796875 0.1123046875
0 0.42626953125 0.5263671875 0.0947265625 0.09375
0 0.40380859375 0.53271484375 0.0869140625 0.1103515625
0 0.94482421875 0.44189453125 0.1044921875 0.0517578125
0 0.9365234375 0.37744140625 0.126953125 0.1259765625
0 0.9072265625 0.5234375 0.048828125 0.072265625
0 0.9052734375 0.32275390625 0.046875 0.1650390625
0 0.76806640625 0.25048828125 0.0400390625 0.1142578125
0 0.7109375 0.0517578125 0.048828125 0.1015625
0 0.580078125 0.12548828125 0.052734375 0.1611328125
0 0.64990234375 0.025390625 0.0556640625 0.05078125
0 0.40087890625 0.38525390625 0.0869140625 0.0966796875
0 0.49609375 0.6845703125 0.0625 0.0546875
0 0.30712890625 0.5078125 0.0341796875 0.111328125
0 0.986328125 0.13671875 0.025390625 0.021484375
0 0.7060546875 0.57275390625 0.029296875 0.0224609375
0 0.98486328125 0.64990234375 0.0302734375 0.0244140625
0 0.30029296875 0.99169921875 0.0263671875 0.0166015625
0 0.484375 0.13671875 0.03515625 0.09765625
0 0.8310546875 0.23583984375 0.03125 0.0302734375
