0 0.3779296875 0.9560546875 0.052734375 0.06640625
0 0.123046875 0.0244140625 0.072265625 0.044921875
0 0.2861328125 0.01953125 0.0625 0.0390625
0 0.70458984375 0.5751953125 0.0498046875 0.056640625
0 0.90234375 0.46240234375 0.0546875 0.0576171875
0 0.8251953125 0.0498046875 0.05859375 0.06640625
0 0.57177734375 0.86328125 0.0595703125 0.171875
0 0.5693359375 0.22119140625 0.078125 0.1455078125
0 0.359375 0.85205078125 0.060546875 0.0615234375
0 0.88818359375 0.87158203125 0.0791015625 0.0830078125
0 0.24951171875 0.923828125 0.0556640625 0.09375
0 0.8857421875 0.77978515625 0.072265625 0.0537109375
0 0.361328125 0.04541015625 0.125 0.0908203125
0 0.1767578125 0.5068359375 0.08984375 0.080078125
0 0.93017578125 0.57275390625 0.0888671875 0.0654296875
0 0.3173828125 0.55908203125 0.125 0.0791015625
0 0.44970703125 0.169921875 0.0615234375 0.05859375
0 0.16845703125 0.1484375 0.0615234375 0.076171875
0 0.4736328125 0.890625 0.076171875 0.08203125
0 0.16552734375 0.57958984375 0.0478515625 0.0654296875
0 0.62109375 0.81884765625 0.0625 0.0791015625
0 0.78857421875 0.6875 0.0439453125 0.044921875
0 0.4833984375 0.4228515625 0.087890625 0.11328125
0 0.1162109375 0.6591796875 0.056640625 0.060546875
0 0.240234375 0.759765625 0.080078125 0.056640625
0 0.65087890625 0.7158203125 0.0615234375 0.05078125
0 0.8759765625 0.32666015625 0.083984375 0.0791015625
0 0.16748046875 0.3203125 0.1025390625 0.134765625
0 0.0322265625 0.49462890625 0.046875 0.0517578125
0 0.78564453125 0.298828125 0.0986328125 0.154296875
0 0.36328125 0.4833984375 0.072265625 0.06640625
0 0.08251953125 0.55322265625 0.0888671875 0.0634765625
0 0.833984375 0.97607421875 0.06640625 0.0478515625
0 0.94970703125 0.70068359375 0.0517578125 0.0576171875
0 0.482421875 0.69140625 0.07421875 0.07421875
0 0.8955078125 0.0927734375 0.05859375 0.09375
0 0.8017578125 0.4169921875 0.064453125 0.07421875
0 0.62109375 0.74658203125 0.0390625 0.0478515625
0 0.97412109375 0.900390625 0.0517578125 0.05859375
0 0.767578125 0.623046875 0.037109375 0.029296875
0 0.56689453125 0.6689453125 0.0595703125 0.0703125
0 0.93994140625 0.97021484375 0.0830078125 0.0595703125
0 0.56396484375 0.537109375 0.0673828125 0.08984375
0 0.80859375 0.490234375 0.060546875 0.06640625
0 0.3798828125 0.39306640625 0.0625 0.1181640625
0 0.6396484375 0.6298828125 0.0625 0.0546875
0 0.51171875 0.9775390625 0.068359375 0.04296875
0 0.17041015625 0.9140625 0.0751953125 0.072265625
0 0.98046875 0.05859375 0.0390625 0.056640625
0 0.44384765625 0.83056640625 0.0869140625 0.1123046875
0 0.1494140625 0.8115234375 0.068359375 0.06640625
0 0.7568359375 0.65478515625 0.06640625 0.0712890625
0 0.9677734375 0.7919921875 0.064453125 0.091796875
0 0.076171875 0.54296875 0.076171875 0.064453125
0 0.19775390625 0.66064453125 0.0576171875 0.0634765625
