0 0.9150390625 0.599609375 0.087890625 0.140625
0 0.7587890625 0.5498046875 0.158203125 0.072265625
0 0.310546875 0.67578125 0.08984375 0.1015625
0 0.62109375 0.7109375 0.09375 0.15234375
0 0.5146484375 0.6572265625 0.150390625 0.076171875
0 0.369140625 0.8330078125 0.1640625 0.080078125
0 0.439453125 0.7490234375 0.1171875 0.126953125
0 0.8955078125 0.8935546875 0.064453125 0.056640625
0 0.8916015625 0.7744140625 0.177734375 0.083984375
0 0.3291015625 0.95703125 0.060546875 0.0546875
0 0.1591796875 0.90234375 0.173828125 0.109375
0 0.744140625 0.9658203125 0.06640625 0.068359375
0 0.68359375 0.96875 0.07421875 0.0625
0 0.98828125 0.498046875 0.0234375 0.046875
0 0.060546875 0.8095703125 0.06640625 0.064453125
0 0.052734375 0.876953125 0.0625 0.08203125
0 0.0224609375 0.703125 0.044921875 0.30078125
0 0.1123046875 0.626953125 0.052734375 0.12109375
0 0.3330078125 0.498046875 0.056640625 0.0546875
0 0.234375 0.439453125 0.1171875 0.13671875
0 0.30078125 0.5546875 0.08984375 0.10546875
0 0.1904296875 0.57421875 0.064453125 0.06640625
0 0.1298828125 0.55078125 0.076171875 0.07421875
0 0.498046875 0.564453125 0.08984375 0.09375
0 0.4423828125 0.50390625 0.068359375 0.11328125
0 0.5185546875 0.361328125 0.068359375 0.07421875
0 0.015625 0.2998046875 0.03125 0.072265625
0 0.0947265625 0.4619140625 0.189453125 0.111328125
0 0.236328125 0.1982421875 0.05859375 0.115234375
0 0.130859375 0.0390625 0.08203125 0.078125
0 0.3583984375 0.1044921875 0.126953125 0.138671875
0 0.7998046875 0.263671875 0.103515625 0.125
0 0.7392578125 0.208984375 0.119140625 0.09375
0 0.8349609375 0.1689453125 0.068359375 0.080078125
0 0.783203125 0.1357421875 0.10546875 0.076171875
0 0.8994140625 0.162109375 0.111328125 0.1328125
