0 0.408203125 0.5693359375 0.107421875 0.125
0 0.033203125 0.88671875 0.0625 0.08984375
0 0.685546875 0.869140625 0.04296875 0.041015625
0 0.74169921875 0.0771484375 0.0498046875 0.080078125
0 0.361328125 0.4482421875 0.0703125 0.08984375
0 0.3291015625 0.95556640625 0.0625 0.0595703125
0 0.50634765625 0.34912109375 0.0869140625 0.0751953125
0 0.3525390625 0.080078125 0.064453125 0.13671875
0 0.16064453125 0.43359375 0.0771484375 0.080078125
0 0.7275390625 0.52392578125 0.07421875 0.0947265625
0 0.54150390625 0.8212890625 0.0693359375 0.0703125
0 0.61669921875 0.1904296875 0.0576171875 0.0859375
0 0.74755859375 0.17578125 0.1083984375 0.07421875
0 0.92919921875 0.14599609375 0.0517578125 0.0732421875
0 0.39208984375 0.80810546875 0.1201171875 0.1123046875
0 0.9716796875 0.17431640625 0.056640625 0.0693359375
0 0.4853515625 0.1494140625 0.0625 0.154296875
0 0.4521484375 0.46875 0.064453125 0.078125
0 0.27099609375 0.4150390625 0.0673828125 0.052734375
