0 0.0146484375 0.09033203125 0.029296875 0.0302734375
0 0.5078125 0.66748046875 0.099609375 0.0400390625
0 0.6962890625 0.1689453125 0.03515625 0.025390625
0 0.18212890625 0.72216796875 0.0888671875 0.0810546875
0 0.5478515625 0.89453125 0.0625 0.044921875
0 0.40625 0.9775390625 0.06640625 0.044921875
0 0.2158203125 0.966796875 0.0625 0.0390625
0 0.24951171875 0.869140625 0.0498046875 0.05078125
0 0.05078125 0.984375 0.07421875 0.029296875
0 0.02685546875 0.20849609375 0.0517578125 0.0380859375
0 0.57568359375 0.45263671875 0.0791015625 0.0361328125
0 0.2607421875 0.96923828125 0.1328125 0.0615234375
0 0.43798828125 0.0244140625 0.0771484375 0.048828125
0 0.58984375 0.9794921875 0.080078125 0.041015625
0 0.513671875 0.12109375 0.0546875 0.041015625
0 0.6220703125 0.91943359375 0.109375 0.0419921875
0 0.87451171875 0.90087890625 0.0673828125 0.0380859375
0 0.87353515625 0.97705078125 0.0615234375 0.0341796875
0 0.01806640625 0.1435546875 0.0361328125 0.037109375
0 0.65771484375 0.88232421875 0.0751953125 0.0341796875
0 0.27880859375 0.203125 0.0791015625 0.046875
0 0.46240234375 0.39794921875 0.0537109375 0.0302734375
0 0.32373046875 0.01220703125 0.0498046875 0.0244140625
0 0.501953125 0.537109375 0.041015625 0.0390625
0 0.59423828125 0.22021484375 0.0576171875 0.0439453125
0 0.48779296875 0.173828125 0.0673828125 0.033203125
0 0.966796875 0.21826171875 0.05859375 0.0400390625
0 0.244140625 0.11083984375 0.07421875 0.0458984375
0 0.12060546875 0.86865234375 0.0810546875 0.0341796875
0 0.68359375 0.00927734375 0.037109375 0.0185546875
0 0.66015625 0.6171875 0.03515625 0.0390625
0 0.81787109375 0.580078125 0.0634765625 0.041015625
0 0.91650390625 0.123046875 0.0615234375 0.076171875
0 0.16015625 0.45654296875 0.05078125 0.0361328125
0 0.81689453125 0.8349609375 0.0615234375 0.080078125
0 0.41064453125 0.85205078125 0.0908203125 0.0322265625
0 0.70166015625 0.10888671875 0.0302734375 0.0458984375
0 0.9072265625 0.81201171875 0.046875 0.0322265625
0 0.58349609375 0.51611328125 0.0341796875 0.0283203125
0 0.396484375 0.5478515625 0.0625 0.041015625
