0 0.9169921875 0.1630859375 0.099609375 0.068359375
0 0.296875 0.62548828125 0.0703125 0.0673828125
0 0.4287109375 0.73291015625 0.119140625 0.0888671875
0 0.12060546875 0.095703125 0.0595703125 0.052734375
0 0.93701171875 0.50439453125 0.1083984375 0.1005859375
0 0.623046875 0.7978515625 0.060546875 0.0703125
0 0.7451171875 0.06494140625 0.05078125 0.0830078125
0 0.328125 0.517578125 0.0625 0.0546875
0 0.78271484375 0.2080078125 0.0556640625 0.060546875
0 0.89208984375 0.23828125 0.0908203125 0.091796875
0 0.029296875 0.1455078125 0.046875 0.048828125
0 0.9296875 0.74072265625 0.08984375 0.0947265625
0 0.74072265625 0.55322265625 0.0751953125 0.0673828125
0 0.32470703125 0.12548828125 0.0751953125 0.0849609375
0 0.33056640625 0.83447265625 0.0771484375 0.0498046875
0 0.34619140625 0.4599609375 0.0712890625 0.052734375
