0 0.70166015625 0.8740234375 0.0400390625 0.0390625
0 0.89111328125 0.97021484375 0.0947265625 0.0595703125
0 0.8447265625 0.90185546875 0.0546875 0.0712890625
0 0.91650390625 0.8916015625 0.0986328125 0.07421875
0 0.7255859375 0.73388671875 0.03125 0.0263671875
0 0.9912109375 0.70703125 0.017578125 0.0546875
0 0.98046875 0.580078125 0.0390625 0.0390625
0 0.91015625 0.60009765625 0.076171875 0.0478515625
0 0.83984375 0.43896484375 0.046875 0.0478515625
0 0.953125 0.35302734375 0.03125 0.0322265625
0 0.99072265625 0.0419921875 0.0185546875 0.072265625
0 0.76611328125 0.15185546875 0.0986328125 0.1201171875
0 0.44482421875 0.92578125 0.0615234375 0.044921875
0 0.4814453125 0.96484375 0.076171875 0.06640625
0 0.42333984375 0.97314453125 0.0498046875 0.0537109375
0 0.38427734375 0.9306640625 0.0693359375 0.138671875
0 0.513671875 0.88232421875 0.0703125 0.1494140625
0 0.5224609375 0.69091796875 0.087890625 0.0634765625
0 0.46142578125 0.77001953125 0.0791015625 0.1494140625
0 0.27001953125 0.59619140625 0.1494140625 0.0888671875
0 0.1181640625 0.66552734375 0.037109375 0.0419921875
0 0.20849609375 0.64013671875 0.0810546875 0.0751953125
0 0.51171875 0.49267578125 0.068359375 0.0673828125
0 0.4716796875 0.4736328125 0.068359375 0.099609375
0 0.4287109375 0.5302734375 0.072265625 0.056640625
0 0.4130859375 0.49853515625 0.046875 0.0400390625
0 0.48974609375 0.37255859375 0.0439453125 0.0458984375
0 0.4619140625 0.2763671875 0.076171875 0.09375
0 0.3115234375 0.27490234375 0.099609375 0.0712890625
0 0.5595703125 0.13916015625 0.037109375 0.0556640625
0 0.318359375 0.1435546875 0.0859375 0.064453125
0 0.5009765625 0.06787109375 0.072265625 0.0830078125
0 0.4423828125 0.01611328125 0.05078125 0.0322265625
0 0.4365234375 0.078125 0.0390625 0.052734375
0 0.05126953125 0.02783203125 0.0419921875 0.0556640625
0 0.01513671875 0.03271484375 0.0283203125 0.0498046875
0 0.03271484375 0.130859375 0.0458984375 0.046875
0 0.08203125 0.2822265625 0.0546875 0.064453125
0 0.16357421875 0.3310546875 0.0634765625 0.06640625
0 0.154296875 0.19677734375 0.0859375 0.0771484375
0 0.21337890625 0.1787109375 0.0634765625 0.048828125
0 0.02197265625 0.64208984375 0.0439453125 0.0888671875
0 0.00830078125 0.72509765625 0.0166015625 0.0244140625
0 0.05908203125 0.73388671875 0.0478515625 0.0498046875
0 0.0400390625 0.9169921875 0.080078125 0.064453125
0 0.9873046875 0.27392578125 0.025390625 0.0517578125
0 0.33251953125 0.5830078125 0.0712890625 0.076171875
0 0.37646484375 0.54931640625 0.1044921875 0.0771484375
0 0.47119140625 0.0791015625 0.0498046875 0.048828125
0 0.4990234375 0.01953125 0.046875 0.02734375
0 0.82275390625 0.48046875 0.0517578125 0.041015625
0 0.9189453125 0.64794921875 0.06640625 0.0517578125
0 0.55322265625 0.90234375 0.0341796875 0.05078125
0 0.1025390625 0.2109375 0.03125 0.052734375
