0 0.5830078125 0.14111328125 0.076171875 0.1064453125
0 0.3056640625 0.52197265625 0.189453125 0.0751953125
0 0.62744140625 0.650390625 0.1142578125 0.056640625
0 0.6328125 0.56298828125 0.078125 0.1025390625
0 0.65283203125 0.5673828125 0.2041015625 0.099609375
0 0.39794921875 0.904296875 0.0361328125 0.0703125
0 0.36767578125 0.96923828125 0.1689453125 0.0595703125
0 0.1455078125 0.9189453125 0.109375 0.134765625
0 0.05859375 0.5302734375 0.1171875 0.064453125
0 0.0625 0.57470703125 0.068359375 0.2001953125
0 0.42431640625 0.689453125 0.0322265625 0.03515625
0 0.333984375 0.5673828125 0.22265625 0.056640625
0 0.9365234375 0.71923828125 0.11328125 0.1181640625
0 0.939453125 0.80517578125 0.119140625 0.0751953125
0 0.8173828125 0.705078125 0.2265625 0.05859375
0 0.7197265625 0.78759765625 0.09375 0.1181640625
0 0.302734375 0.70263671875 0.078125 0.2158203125
0 0.91796875 0.9248046875 0.1640625 0.083984375
0 0.884765625 0.9296875 0.095703125 0.138671875
0 0.59814453125 0.98046875 0.0869140625 0.0390625
0 0.646484375 0.912109375 0.087890625 0.11328125
0 0.6728515625 0.85009765625 0.244140625 0.1103515625
0 0.6728515625 0.88134765625 0.033203125 0.0322265625
0 0.5947265625 0.7919921875 0.162109375 0.052734375
0 0.552734375 0.91748046875 0.205078125 0.0830078125
0 0.69921875 0.62548828125 0.052734375 0.0400390625
0 0.4765625 0.2939453125 0.06640625 0.078125
0 0.671875 0.3642578125 0.05078125 0.048828125
0 0.298828125 0.3408203125 0.0390625 0.064453125
0 0.4541015625 0.35595703125 0.189453125 0.0673828125
0 0.3681640625 0.294921875 0.115234375 0.1171875
0 0.0078125 0.26953125 0.015625 0.1328125
0 0.14013671875 0.1162109375 0.0751953125 0.099609375
0 0.0537109375 0.111328125 0.107421875 0.07421875
0 0.986328125 0.3564453125 0.025390625 0.025390625
0 0.951171875 0.421875 0.09765625 0.0546875
0 0.93994140625 0.1435546875 0.1181640625 0.07421875
0 0.982421875 0.25927734375 0.03515625 0.1181640625
0 0.9052734375 0.298828125 0.154296875 0.078125
0 0.8212890625 0.24072265625 0.193359375 0.0673828125
0 0.6845703125 0.283203125 0.126953125 0.064453125
0 0.943359375 0.04150390625 0.11328125 0.0830078125
0 0.8486328125 0.095703125 0.0703125 0.16015625
0 0.267578125 0.0419921875 0.064453125 0.083984375
0 0.4794921875 0.1591796875 0.123046875 0.095703125
0 0.3896484375 0.205078125 0.11328125 0.16015625
0 0.5849609375 0.0634765625 0.20703125 0.064453125
0 0.53173828125 0.02197265625 0.0478515625 0.0439453125
0 0.55078125 0.123046875 0.0390625 0.0546875
0 0.76171875 0.17626953125 0.12109375 0.1103515625
0 0.70849609375 0.1669921875 0.1728515625 0.138671875
0 0.78173828125 0.330078125 0.0634765625 0.1328125
0 0.8203125 0.30078125 0.177734375 0.099609375
0 0.34375 0.09033203125 0.05859375 0.1806640625
0 0.517578125 0.23095703125 0.1640625 0.1220703125
0 0.6376953125 0.189453125 0.134765625 0.1171875
0 0.5244140625 0.71337890625 0.130859375 0.0478515625
0 0.66845703125 0.6923828125 0.0595703125 0.056640625
0 0.55908203125 0.6884765625 0.2236328125 0.126953125
0 0.27490234375 0.60546875 0.0400390625 0.02734375
0 0.7939453125 0.9296875 0.111328125 0.05859375
