0 0.87109375 0.9111328125 0.08203125 0.0703125
0 0.62158203125 0.939453125 0.0478515625 0.05078125
0 0.4658203125 0.8916015625 0.0703125 0.0703125
0 0.69140625 0.751953125 0.056640625 0.056640625
0 0.767578125 0.69189453125 0.048828125 0.1005859375
0 0.6533203125 0.57958984375 0.099609375 0.0595703125
0 0.59716796875 0.6748046875 0.0517578125 0.07421875
0 0.32763671875 0.6982421875 0.0947265625 0.083984375
0 0.19580078125 0.60791015625 0.0537109375 0.0927734375
0 0.25732421875 0.72705078125 0.0458984375 0.0654296875
0 0.31689453125 0.7919921875 0.0517578125 0.099609375
0 0.1484375 0.8623046875 0.052734375 0.060546875
0 0.12109375 0.7490234375 0.06640625 0.0390625
0 0.06591796875 0.68408203125 0.1044921875 0.0478515625
0 0.05322265625 0.60107421875 0.0791015625 0.0341796875
0 0.06103515625 0.67578125 0.0458984375 0.044921875
0 0.1201171875 0.68505859375 0.072265625 0.0458984375
0 0.16015625 0.50244140625 0.072265625 0.0654296875
0 0.36962890625 0.51025390625 0.0498046875 0.0498046875
0 0.7666015625 0.42724609375 0.05078125 0.0517578125
0 0.8955078125 0.44677734375 0.060546875 0.0458984375
0 0.1474609375 0.34033203125 0.0703125 0.0615234375
0 0.1533203125 0.24609375 0.06640625 0.0625
0 0.09423828125 0.1279296875 0.0634765625 0.08984375
0 0.28466796875 0.2548828125 0.0517578125 0.052734375
0 0.39501953125 0.26806640625 0.0966796875 0.0869140625
0 0.31982421875 0.14990234375 0.0615234375 0.1103515625
0 0.40869140625 0.11669921875 0.0400390625 0.0517578125
0 0.50927734375 0.06982421875 0.1162109375 0.0498046875
0 0.62841796875 0.23486328125 0.1142578125 0.0673828125
0 0.6572265625 0.21826171875 0.103515625 0.0498046875
0 0.76123046875 0.181640625 0.0517578125 0.0625
0 0.67138671875 0.11474609375 0.0595703125 0.1201171875
0 0.78076171875 0.0869140625 0.0498046875 0.095703125
0 0.7265625 0.072265625 0.0546875 0.068359375
0 0.888671875 0.25830078125 0.037109375 0.0380859375
0 0.89501953125 0.14990234375 0.0537109375 0.0693359375
0 0.74560546875 0.26123046875 0.0634765625 0.0322265625
0 0.04052734375 0.251953125 0.0400390625 0.05859375
0 0.90283203125 0.56396484375 0.0380859375 0.0322265625
0 0.5 0.51416015625 0.04296875 0.0341796875
0 0.44189453125 0.61376953125 0.0498046875 0.0556640625
0 0.87548828125 0.23583984375 0.0361328125 0.0224609375
0 0.72021484375 0.95654296875 0.0302734375 0.0166015625
0 0.29736328125 0.95751953125 0.0419921875 0.0185546875
0 0.82373046875 0.07861328125 0.0322265625 0.0244140625
