0 0.109375 0.07763671875 0.08984375 0.1044921875
0 0.95947265625 0.71337890625 0.0419921875 0.0361328125
0 0.40966796875 0.8310546875 0.0361328125 0.02734375
0 0.09716796875 0.96435546875 0.0537109375 0.0517578125
0 0.8828125 0.6298828125 0.06640625 0.0703125
0 0.4296875 0.57373046875 0.056640625 0.0673828125
0 0.80908203125 0.2509765625 0.0947265625 0.056640625
0 0.02392578125 0.9736328125 0.0478515625 0.048828125
0 0.39306640625 0.37451171875 0.0576171875 0.0771484375
0 0.4677734375 0.68359375 0.05859375 0.044921875
0 0.43896484375 0.5 0.0380859375 0.091796875
0 0.05126953125 0.38427734375 0.0576171875 0.1025390625
0 0.4443359375 0.13525390625 0.060546875 0.0791015625
0 0.5185546875 0.662109375 0.048828125 0.0390625
0 0.205078125 0.66748046875 0.09765625 0.0595703125
0 0.16552734375 0.02734375 0.0634765625 0.0546875
0 0.353515625 0.890625 0.041015625 0.03125
0 0.365234375 0.595703125 0.044921875 0.046875
0 0.20166015625 0.4775390625 0.0595703125 0.076171875
0 0.46923828125 0.29833984375 0.0556640625 0.0654296875
0 0.48046875 0.5166015625 0.0390625 0.068359375
0 0.01416015625 0.0185546875 0.0283203125 0.037109375
0 0.78515625 0.51904296875 0.0546875 0.0595703125
0 0.66943359375 0.43017578125 0.0595703125 0.0927734375
0 0.89306640625 0.4501953125 0.0439453125 0.04296875
0 0.21240234375 0.02197265625 0.0595703125 0.0439453125
0 0.529296875 0.400390625 0.052734375 0.064453125
0 0.47705078125 0.3701171875 0.0419921875 0.04296875
0 0.095703125 0.41259765625 0.041015625 0.0654296875
0 0.59765625 0.4208984375 0.05859375 0.080078125
0 0.96630859375 0.19287109375 0.0654296875 0.0517578125
0 0.60205078125 0.29833984375 0.0654296875 0.0673828125
0 0.07568359375 0.1435546875 0.0634765625 0.1171875
0 0.513671875 0.05224609375 0.06640625 0.1044921875
0 0.0166015625 0.1328125 0.033203125 0.064453125
0 0.87548828125 0.55322265625 0.0732421875 0.0791015625
0 0.79736328125 0.15185546875 0.0419921875 0.0498046875
0 0.73828125 0.69775390625 0.044921875 0.0439453125
0 0.35595703125 0.44287109375 0.0712890625 0.0908203125
0 0.43310546875 0.94189453125 0.0556640625 0.0810546875
0 0.30078125 0.52587890625 0.064453125 0.0458984375
0 0.1240234375 0.01806640625 0.041015625 0.0361328125
0 0.072265625 0.66357421875 0.046875 0.0634765625
0 0.9365234375 0.60400390625 0.048828125 0.0537109375
0 0.94189453125 0.96923828125 0.0810546875 0.0595703125
0 0.88671875 0.07177734375 0.080078125 0.0712890625
0 0.45458984375 0.662109375 0.0556640625 0.03125
0 0.54248046875 0.13525390625 0.0693359375 0.0634765625
0 0.32666015625 0.59326171875 0.0556640625 0.0576171875
0 0.5390625 0.3076171875 0.056640625 0.052734375
0 0.24462890625 0.39013671875 0.0517578125 0.0751953125
0 0.3603515625 0.7119140625 0.044921875 0.04296875
0 0.93603515625 0.24853515625 0.0615234375 0.0732421875
