0 0.95458984375 0.966796875 0.0810546875 0.06640625
0 0.77099609375 0.8017578125 0.0244140625 0.0234375
0 0.783203125 0.888671875 0.0390625 0.037109375
0 0.81103515625 0.91357421875 0.0673828125 0.0458984375
0 0.72314453125 0.90478515625 0.0400390625 0.0361328125
0 0.67333984375 0.92919921875 0.0830078125 0.0830078125
0 0.71240234375 0.83837890625 0.0458984375 0.0517578125
0 0.70361328125 0.4453125 0.0283203125 0.025390625
0 0.96484375 0.228515625 0.0703125 0.0625
0 0.87841796875 0.2353515625 0.1044921875 0.056640625
0 0.93017578125 0.10302734375 0.0712890625 0.1025390625
0 0.71533203125 0.0498046875 0.0302734375 0.05078125
0 0.23974609375 0.93994140625 0.0283203125 0.0283203125
0 0.47265625 0.74560546875 0.09765625 0.0693359375
0 0.30078125 0.69921875 0.056640625 0.072265625
0 0.2021484375 0.72705078125 0.0390625 0.0400390625
0 0.224609375 0.69921875 0.048828125 0.05859375
0 0.3076171875 0.75244140625 0.0546875 0.0615234375
0 0.1943359375 0.6611328125 0.05078125 0.046875
0 0.29345703125 0.5517578125 0.0380859375 0.0390625
0 0.14892578125 0.54248046875 0.0419921875 0.0458984375
0 0.12548828125 0.58154296875 0.0595703125 0.0634765625
0 0.02587890625 0.458984375 0.0517578125 0.0703125
0 0.12890625 0.39599609375 0.064453125 0.0869140625
0 0.58447265625 0.2607421875 0.0732421875 0.0859375
0 0.4970703125 0.26708984375 0.10546875 0.0478515625
0 0.38037109375 0.34716796875 0.0673828125 0.1279296875
0 0.14453125 0.3251953125 0.078125 0.0703125
0 0.3125 0.20654296875 0.044921875 0.0478515625
0 0.21435546875 0.15380859375 0.0673828125 0.0810546875
0 0.05615234375 0.11083984375 0.0693359375 0.0693359375
0 0.1298828125 0.05078125 0.080078125 0.07421875
0 0.203125 0.01953125 0.064453125 0.0390625
0 0.38623046875 0.03125 0.0654296875 0.0625
0 0.44287109375 0.025390625 0.0751953125 0.05078125
0 0.10986328125 0.9921875 0.0615234375 0.015625
0 0.76513671875 0.33056640625 0.0556640625 0.0517578125
0 0.75439453125 0.39306640625 0.0732421875 0.0712890625
0 0.85693359375 0.38818359375 0.0654296875 0.0673828125
0 0.78271484375 0.44091796875 0.0732421875 0.0947265625
0 0.83154296875 0.4501953125 0.0654296875 0.0703125
0 0.89453125 0.4697265625 0.044921875 0.052734375
0 0.943359375 0.4853515625 0.048828125 0.06640625
0 0.9736328125 0.55810546875 0.048828125 0.0439453125
0 0.83203125 0.5224609375 0.060546875 0.0703125
0 0.8046875 0.60693359375 0.0703125 0.0634765625
0 0.7001953125 0.60205078125 0.044921875 0.0419921875
0 0.736328125 0.5498046875 0.046875 0.046875
0 0.72216796875 0.6748046875 0.0576171875 0.046875
0 0.78662109375 0.66162109375 0.0498046875 0.0458984375
0 0.1337890625 0.7353515625 0.078125 0.05859375
0 0.23291015625 0.3076171875 0.0849609375 0.06640625
0 0.20751953125 0.283203125 0.0322265625 0.03515625
0 0.78369140625 0.55615234375 0.0634765625 0.0673828125
0 0.7080078125 0.50830078125 0.052734375 0.0458984375
