0 0.95166015625 0.42529296875 0.0419921875 0.0439453125
0 0.04296875 0.3134765625 0.0859375 0.078125
0 0.9609375 0.14892578125 0.068359375 0.0751953125
0 0.447265625 0.2001953125 0.08203125 0.07421875
0 0.1875 0.20361328125 0.08203125 0.0732421875
0 0.0908203125 0.45703125 0.087890625 0.060546875
0 0.10498046875 0.8466796875 0.1591796875 0.095703125
0 0.380859375 0.83349609375 0.052734375 0.0498046875
0 0.68603515625 0.4248046875 0.0595703125 0.0625
0 0.8369140625 0.740234375 0.041015625 0.033203125
0 0.73974609375 0.98876953125 0.0439453125 0.0224609375
0 0.77001953125 0.7763671875 0.1181640625 0.083984375
0 0.4970703125 0.16064453125 0.0703125 0.0732421875
0 0.369140625 0.7001953125 0.076171875 0.087890625
0 0.7841796875 0.18359375 0.119140625 0.09375
0 0.47705078125 0.98583984375 0.0693359375 0.0283203125
0 0.22509765625 0.83056640625 0.0712890625 0.0419921875
0 0.5654296875 0.072265625 0.046875 0.0546875
0 0.13525390625 0.7861328125 0.1279296875 0.0859375
0 0.5283203125 0.05126953125 0.0390625 0.0576171875
0 0.42431640625 0.07763671875 0.0986328125 0.0634765625
0 0.07421875 0.14404296875 0.05078125 0.0302734375
0 0.30712890625 0.98046875 0.0654296875 0.0390625
0 0.10400390625 0.673828125 0.0693359375 0.080078125
0 0.87939453125 0.75 0.0888671875 0.099609375
0 0.28125 0.9169921875 0.0625 0.060546875
0 0.38232421875 0.2861328125 0.0947265625 0.11328125
0 0.79150390625 0.42578125 0.0791015625 0.109375
0 0.67919921875 0.69482421875 0.0537109375 0.0458984375
0 0.9365234375 0.98291015625 0.064453125 0.0341796875
0 0.6650390625 0.48388671875 0.0546875 0.0908203125
0 0.91455078125 0.50341796875 0.0830078125 0.1005859375
0 0.14599609375 0.587890625 0.0634765625 0.052734375
0 0.29638671875 0.41748046875 0.0537109375 0.0419921875
0 0.4697265625 0.49365234375 0.064453125 0.0634765625
0 0.77734375 0.0576171875 0.046875 0.044921875
0 0.39501953125 0.02587890625 0.0400390625 0.0400390625
