0 0.7958984375 0.0703125 0.166015625 0.107421875
0 0.87939453125 0.21044921875 0.1162109375 0.0634765625
0 0.96044921875 0.2568359375 0.0751953125 0.080078125
0 0.89892578125 0.3251953125 0.0791015625 0.130859375
0 0.97900390625 0.43505859375 0.0341796875 0.0517578125
0 0.9345703125 0.443359375 0.080078125 0.123046875
0 0.826171875 0.46875 0.125 0.087890625
0 0.70263671875 0.47216796875 0.1220703125 0.0908203125
0 0.5732421875 0.4111328125 0.13671875 0.052734375
0 0.51025390625 0.5185546875 0.1572265625 0.115234375
0 0.4111328125 0.35546875 0.140625 0.080078125
0 0.46435546875 0.46533203125 0.0751953125 0.0908203125
0 0.6630859375 0.0244140625 0.11328125 0.048828125
0 0.60205078125 0.10986328125 0.0791015625 0.0869140625
0 0.4970703125 0.03369140625 0.044921875 0.0673828125
0 0.33837890625 0.12255859375 0.0791015625 0.1689453125
0 0.26708984375 0.162109375 0.0771484375 0.12109375
0 0.267578125 0.2822265625 0.068359375 0.087890625
0 0.34326171875 0.31005859375 0.0419921875 0.0439453125
0 0.13427734375 0.27392578125 0.1064453125 0.0927734375
0 0.05419921875 0.3017578125 0.0927734375 0.14453125
0 0.14892578125 0.115234375 0.0712890625 0.1328125
0 0.11962890625 0.02294921875 0.0947265625 0.0458984375
0 0.22705078125 0.02978515625 0.0771484375 0.0595703125
0 0.33544921875 0.03271484375 0.1474609375 0.0654296875
0 0.14013671875 0.09912109375 0.1337890625 0.0517578125
0 0.048828125 0.15185546875 0.09765625 0.0732421875
0 0.2412109375 0.3359375 0.07421875 0.07421875
0 0.1796875 0.32177734375 0.060546875 0.0439453125
0 0.109375 0.4326171875 0.130859375 0.0546875
0 0.31103515625 0.4375 0.0869140625 0.07421875
0 0.3681640625 0.51318359375 0.083984375 0.0712890625
0 0.388671875 0.470703125 0.0703125 0.0625
0 0.35205078125 0.56591796875 0.1259765625 0.0595703125
0 0.20263671875 0.51025390625 0.0849609375 0.0927734375
0 0.1025390625 0.54638671875 0.1796875 0.1064453125
0 0.24560546875 0.61376953125 0.0556640625 0.0517578125
0 0.279296875 0.59619140625 0.0546875 0.0595703125
0 0.36865234375 0.60498046875 0.0927734375 0.0869140625
0 0.52294921875 0.60888671875 0.0927734375 0.0888671875
0 0.74267578125 0.5361328125 0.1689453125 0.056640625
0 0.76611328125 0.56982421875 0.0810546875 0.0380859375
0 0.837890625 0.58544921875 0.046875 0.0732421875
0 0.73388671875 0.65283203125 0.1533203125 0.0615234375
0 0.4091796875 0.70556640625 0.181640625 0.0576171875
0 0.9345703125 0.61083984375 0.126953125 0.0380859375
0 0.69677734375 0.77001953125 0.0654296875 0.0556640625
0 0.19091796875 0.71044921875 0.0849609375 0.0634765625
0 0.224609375 0.775390625 0.091796875 0.080078125
0 0.0458984375 0.76220703125 0.091796875 0.0849609375
0 0.0869140625 0.88232421875 0.173828125 0.0947265625
0 0.06494140625 0.83251953125 0.1005859375 0.1005859375
0 0.26025390625 0.8447265625 0.0771484375 0.0625
0 0.04736328125 0.94775390625 0.0947265625 0.0498046875
0 0.07568359375 0.9775390625 0.0966796875 0.044921875
0 0.2275390625 0.97412109375 0.08203125 0.0517578125
0 0.2998046875 0.95703125 0.0703125 0.0859375
0 0.5283203125 0.966796875 0.0703125 0.06640625
0 0.71435546875 0.82763671875 0.1318359375 0.1416015625
0 0.89794921875 0.76953125 0.1044921875 0.09375
0 0.8388671875 0.9306640625 0.111328125 0.10546875
0 0.96875 0.80517578125 0.060546875 0.0673828125
0 0.943359375 0.84619140625 0.11328125 0.0908203125
0 0.919921875 0.93017578125 0.05078125 0.1396484375
0 0.6318359375 0.982421875 0.0625 0.03515625
0 0.4091796875 0.787109375 0.052734375 0.0625
0 0.53515625 0.54736328125 0.033203125 0.0380859375
0 0.45703125 0.02783203125 0.078125 0.0556640625
0 0.43798828125 0.12744140625 0.0341796875 0.0341796875
0 0.07373046875 0.22021484375 0.1005859375 0.0517578125
0 0.1533203125 0.224609375 0.064453125 0.037109375
0 0.732421875 0.06689453125 0.103515625 0.1337890625
0 0.85595703125 0.43212890625 0.0732421875 0.0830078125
0 0.306640625 0.23095703125 0.037109375 0.0537109375
0 0.01220703125 0.53125 0.0244140625 0.04296875
0 0.3427734375 0.9560546875 0.033203125 0.0546875
0 0.41455078125 0.44775390625 0.0576171875 0.0654296875
0 0.11865234375 0.16064453125 0.0478515625 0.0439453125
