0 0.60546875 0.07666015625 0.07421875 0.0830078125
0 0.7978515625 0.07080078125 0.0703125 0.0986328125
0 0.9755859375 0.07861328125 0.048828125 0.0888671875
0 0.96630859375 0.1611328125 0.0419921875 0.078125
0 0.9228515625 0.2919921875 0.08984375 0.0859375
0 0.95654296875 0.3525390625 0.0830078125 0.06640625
0 0.84619140625 0.3916015625 0.0517578125 0.046875
0 0.7978515625 0.3564453125 0.078125 0.083984375
0 0.8564453125 0.46630859375 0.078125 0.0693359375
0 0.74755859375 0.49755859375 0.0478515625 0.0419921875
0 0.78564453125 0.56494140625 0.0498046875 0.0498046875
0 0.82666015625 0.58251953125 0.0400390625 0.0400390625
0 0.8583984375 0.6259765625 0.083984375 0.048828125
0 0.859375 0.67236328125 0.060546875 0.0439453125
0 0.82763671875 0.78857421875 0.0537109375 0.0498046875
0 0.8818359375 0.73095703125 0.060546875 0.0439453125
0 0.85791015625 0.8662109375 0.0615234375 0.056640625
0 0.96435546875 0.88720703125 0.0615234375 0.0654296875
0 0.34033203125 0.98095703125 0.0595703125 0.0380859375
0 0.49951171875 0.83056640625 0.0478515625 0.0439453125
0 0.40576171875 0.95751953125 0.0615234375 0.0537109375
0 0.396484375 0.8154296875 0.064453125 0.078125
0 0.419921875 0.90673828125 0.044921875 0.0419921875
0 0.45263671875 0.69775390625 0.0556640625 0.0478515625
0 0.44775390625 0.806640625 0.0400390625 0.056640625
0 0.4140625 0.74462890625 0.06640625 0.0634765625
0 0.45556640625 0.46044921875 0.0478515625 0.0380859375
0 0.4677734375 0.4130859375 0.06640625 0.060546875
0 0.39111328125 0.42578125 0.0302734375 0.03125
0 0.076171875 0.46630859375 0.0546875 0.0556640625
0 0.0244140625 0.45703125 0.048828125 0.046875
0 0.05029296875 0.65966796875 0.0634765625 0.0654296875
0 0.10205078125 0.740234375 0.0634765625 0.07421875
0 0.0263671875 0.5576171875 0.05078125 0.0390625
0 0.05712890625 0.5703125 0.0771484375 0.056640625
0 0.029296875 0.2890625 0.05859375 0.080078125
0 0.03173828125 0.3603515625 0.0634765625 0.068359375
0 0.3896484375 0.3544921875 0.052734375 0.0625
0 0.1044921875 0.3037109375 0.060546875 0.0546875
0 0.1103515625 0.1337890625 0.052734375 0.083984375
0 0.02099609375 0.12890625 0.0419921875 0.08203125
0 0.3408203125 0.173828125 0.080078125 0.072265625
0 0.3125 0.07177734375 0.05859375 0.0810546875
0 0.07177734375 0.0576171875 0.0439453125 0.076171875
0 0.38720703125 0.126953125 0.0556640625 0.0859375
0 0.4580078125 0.2041015625 0.056640625 0.0859375
0 0.4287109375 0.203125 0.0546875 0.07421875
0 0.54345703125 0.3037109375 0.0517578125 0.037109375
0 0.09716796875 0.87060546875 0.0654296875 0.0654296875
0 0.03955078125 0.82861328125 0.0537109375 0.0458984375
0 0.03857421875 0.97265625 0.0537109375 0.052734375
0 0.1826171875 0.73046875 0.052734375 0.048828125
0 0.021484375 0.0439453125 0.04296875 0.0703125
0 0.93359375 0.109375 0.060546875 0.0546875
0 0.7900390625 0.48828125 0.0703125 0.0390625
0 0.04443359375 0.4072265625 0.0283203125 0.03125
0 0.04541015625 0.61083984375 0.0556640625 0.0283203125
0 0.0126953125 0.18701171875 0.025390625 0.0439453125
0 0.0087890625 0.9541015625 0.017578125 0.05078125
0 0.01123046875 0.98974609375 0.0224609375 0.0205078125
0 0.43896484375 0.978515625 0.0458984375 0.04296875
0 0.9765625 0.25146484375 0.046875 0.0966796875
0 0.87451171875 0.7080078125 0.0361328125 0.029296875
0 0.94091796875 0.33837890625 0.0693359375 0.0498046875
0 0.03466796875 0.5888671875 0.0498046875 0.025390625
0 0.98876953125 0.16552734375 0.0224609375 0.0791015625
