0 0.55224609375 0.806640625 0.1630859375 0.21484375
0 0.9931640625 0.6962890625 0.013671875 0.05859375
0 0.9716796875 0.77197265625 0.056640625 0.0458984375
0 0.85302734375 0.8349609375 0.0693359375 0.06640625
0 0.72265625 0.85888671875 0.080078125 0.0693359375
0 0.71044921875 0.77197265625 0.0732421875 0.0537109375
0 0.5390625 0.97314453125 0.048828125 0.0517578125
0 0.49072265625 0.98095703125 0.0498046875 0.0380859375
0 0.224609375 0.982421875 0.0546875 0.03515625
0 0.12841796875 0.93896484375 0.0537109375 0.0458984375
0 0.33251953125 0.7998046875 0.0595703125 0.107421875
0 0.27587890625 0.78515625 0.0419921875 0.013671875
0 0.21484375 0.85400390625 0.048828125 0.0439453125
0 0.30322265625 0.92431640625 0.1142578125 0.1298828125
0 0.4033203125 0.95166015625 0.10546875 0.0966796875
0 0.46630859375 0.93701171875 0.0869140625 0.0615234375
0 0.37060546875 0.73095703125 0.0888671875 0.1083984375
0 0.47119140625 0.859375 0.0458984375 0.0546875
0 0.55126953125 0.6640625 0.0751953125 0.11328125
0 0.61328125 0.68701171875 0.087890625 0.0654296875
0 0.3662109375 0.64599609375 0.068359375 0.0537109375
0 0.78662109375 0.59765625 0.0458984375 0.056640625
0 0.7275390625 0.55126953125 0.130859375 0.0615234375
0 0.0302734375 0.52490234375 0.029296875 0.0400390625
0 0.0693359375 0.515625 0.03515625 0.052734375
0 0.3583984375 0.43310546875 0.076171875 0.0849609375
0 0.00537109375 0.40576171875 0.0107421875 0.0478515625
0 0.1494140625 0.4140625 0.083984375 0.048828125
0 0.3310546875 0.30859375 0.052734375 0.05078125
0 0.11328125 0.3154296875 0.0625 0.052734375
0 0.2548828125 0.24853515625 0.083984375 0.0966796875
0 0.1162109375 0.2255859375 0.08203125 0.087890625
0 0.0595703125 0.0830078125 0.0625 0.064453125
0 0.08251953125 0.15234375 0.1533203125 0.08203125
0 0.45556640625 0.01806640625 0.0654296875 0.0361328125
0 0.65087890625 0.27685546875 0.0576171875 0.0810546875
0 0.81005859375 0.1943359375 0.0615234375 0.0703125
0 0.7080078125 0.02392578125 0.05078125 0.0478515625
0 0.8154296875 0.05908203125 0.048828125 0.0830078125
0 0.9345703125 0.0859375 0.072265625 0.056640625
0 0.76416015625 0.04345703125 0.0673828125 0.0869140625
0 0.2568359375 0.81396484375 0.09375 0.0615234375
0 0.4638671875 0.90234375 0.048828125 0.029296875
0 0.5 0.79052734375 0.07421875 0.0478515625
0 0.7412109375 0.7861328125 0.111328125 0.05859375
0 0.85205078125 0.75537109375 0.0849609375 0.0634765625
0 0.4228515625 0.70458984375 0.068359375 0.0693359375
0 0.46826171875 0.80029296875 0.0478515625 0.0634765625
0 0.455078125 0.7333984375 0.06640625 0.07421875
0 0.37890625 0.01806640625 0.04296875 0.0361328125
0 0.623046875 0.87841796875 0.0625 0.0654296875
0 0.61083984375 0.8525390625 0.0712890625 0.091796875
0 0.5380859375 0.85791015625 0.1015625 0.1357421875
0 0.6025390625 0.82373046875 0.06640625 0.0986328125
