0 0.02490234375 0.97607421875 0.0478515625 0.0419921875
0 0.01318359375 0.80029296875 0.0263671875 0.0341796875
0 0.03857421875 0.8515625 0.0595703125 0.033203125
0 0.0771484375 0.6630859375 0.04296875 0.052734375
0 0.03369140625 0.421875 0.0556640625 0.046875
0 0.0712890625 0.39453125 0.04296875 0.046875
0 0.31591796875 0.81103515625 0.0732421875 0.0927734375
0 0.52880859375 0.57861328125 0.0576171875 0.0537109375
0 0.42333984375 0.6875 0.0576171875 0.052734375
0 0.396484375 0.65087890625 0.056640625 0.0498046875
0 0.36279296875 0.61767578125 0.0693359375 0.0478515625
0 0.4384765625 0.60791015625 0.0703125 0.0712890625
0 0.53076171875 0.53076171875 0.0361328125 0.0361328125
0 0.40771484375 0.546875 0.0537109375 0.07421875
0 0.3173828125 0.439453125 0.060546875 0.07421875
0 0.48828125 0.45166015625 0.056640625 0.0732421875
0 0.419921875 0.44287109375 0.0625 0.0673828125
0 0.45751953125 0.3798828125 0.0830078125 0.091796875
0 0.41259765625 0.31396484375 0.0869140625 0.0771484375
0 0.494140625 0.23876953125 0.041015625 0.0419921875
0 0.5498046875 0.11083984375 0.04296875 0.0322265625
0 0.77978515625 0.8955078125 0.0400390625 0.03515625
0 0.90380859375 0.87646484375 0.0498046875 0.0537109375
0 0.87744140625 0.970703125 0.0380859375 0.046875
0 0.8798828125 0.65478515625 0.0390625 0.0302734375
0 0.80126953125 0.4091796875 0.0517578125 0.041015625
0 0.99169921875 0.39404296875 0.0166015625 0.0322265625
0 0.88427734375 0.0439453125 0.1005859375 0.087890625
0 0.46875 0.14697265625 0.05078125 0.0361328125
0 0.43896484375 0.17724609375 0.0478515625 0.0712890625
0 0.4833984375 0.8525390625 0.0390625 0.029296875
0 0.4765625 0.896484375 0.060546875 0.06640625
0 0.990234375 0.13916015625 0.01953125 0.0400390625
0 0.9912109375 0.18115234375 0.017578125 0.0478515625
0 0.92236328125 0.13330078125 0.0419921875 0.0361328125
0 0.05126953125 0.00439453125 0.0419921875 0.0087890625
0 0.5 0.00439453125 0.029296875 0.0087890625
0 0.83447265625 0.59423828125 0.0244140625 0.0205078125
0 0.98974609375 0.3740234375 0.0205078125 0.03515625
0 0.048828125 0.82080078125 0.0390625 0.0283203125
0 0.04833984375 0.306640625 0.0673828125 0.083984375
0 0.04052734375 0.21875 0.0537109375 0.04296875
0 0.02783203125 0.24560546875 0.0419921875 0.0419921875
0 0.0166015625 0.14892578125 0.033203125 0.0478515625
0 0.49462890625 0.80712890625 0.0419921875 0.0439453125
0 0.44970703125 0.79052734375 0.0439453125 0.0673828125
0 0.41455078125 0.7705078125 0.0439453125 0.060546875
0 0.212890625 0.8603515625 0.10546875 0.0546875
0 0.59716796875 0.96044921875 0.0654296875 0.0673828125
0 0.97607421875 0.52685546875 0.0458984375 0.0537109375
0 0.93017578125 0.50048828125 0.0634765625 0.0654296875
0 0.86328125 0.47607421875 0.05859375 0.0458984375
0 0.9267578125 0.4365234375 0.044921875 0.0546875
0 0.8857421875 0.42236328125 0.056640625 0.0478515625
0 0.9765625 0.2421875 0.046875 0.060546875
0 0.525390625 0.04931640625 0.037109375 0.0458984375
0 0.388671875 0.12890625 0.064453125 0.08203125
0 0.3408203125 0.1220703125 0.05078125 0.0703125
0 0.27197265625 0.07275390625 0.1103515625 0.0927734375
0 0.3798828125 0.953125 0.0625 0.06640625
0 0.447265625 0.9658203125 0.052734375 0.064453125
0 0.494140625 0.97607421875 0.044921875 0.0458984375
0 0.01953125 0.08203125 0.03515625 0.04296875
0 0.12841796875 0.46484375 0.0322265625 0.033203125
