0 0.62158203125 0.87451171875 0.0458984375 0.0341796875
0 0.84765625 0.5546875 0.0859375 0.1328125
0 0.544921875 0.1611328125 0.08203125 0.0703125
0 0.23583984375 0.0576171875 0.0673828125 0.115234375
0 0.19677734375 0.94775390625 0.0751953125 0.0458984375
0 0.33447265625 0.9677734375 0.1025390625 0.052734375
0 0.04052734375 0.28955078125 0.0810546875 0.0810546875
0 0.8037109375 0.271484375 0.123046875 0.060546875
0 0.67919921875 0.09228515625 0.0869140625 0.0712890625
0 0.66455078125 0.2314453125 0.1552734375 0.068359375
0 0.60546875 0.04638671875 0.060546875 0.0888671875
0 0.37109375 0.279296875 0.05078125 0.052734375
0 0.79638671875 0.4658203125 0.0732421875 0.080078125
0 0.9150390625 0.12646484375 0.064453125 0.1064453125
0 0.25732421875 0.6767578125 0.0849609375 0.060546875
0 0.9013671875 0.45556640625 0.109375 0.0810546875
0 0.87548828125 0.73974609375 0.0498046875 0.0458984375
0 0.5625 0.91259765625 0.0625 0.0595703125
0 0.22216796875 0.4423828125 0.1162109375 0.138671875
0 0.18896484375 0.16259765625 0.0869140625 0.1748046875
0 0.8837890625 0.88818359375 0.068359375 0.0595703125
0 0.955078125 0.9638671875 0.072265625 0.0703125
