0 0.71435546875 0.90673828125 0.0830078125 0.0595703125
0 0.47216796875 0.41845703125 0.1455078125 0.1376953125
0 0.61962890625 0.759765625 0.0947265625 0.08984375
0 0.85986328125 0.322265625 0.1298828125 0.080078125
0 0.8671875 0.498046875 0.205078125 0.072265625
0 0.7060546875 0.357421875 0.115234375 0.06640625
0 0.345703125 0.42333984375 0.072265625 0.0732421875
0 0.46435546875 0.1318359375 0.1201171875 0.10546875
0 0.87451171875 0.15576171875 0.1318359375 0.1025390625
0 0.8583984375 0.4296875 0.162109375 0.099609375
0 0.67578125 0.52294921875 0.1171875 0.1025390625
0 0.23046875 0.23193359375 0.1171875 0.1005859375
0 0.32861328125 0.216796875 0.1025390625 0.10546875
0 0.16162109375 0.93017578125 0.1220703125 0.0751953125
0 0.53466796875 0.81005859375 0.0791015625 0.0517578125
0 0.7158203125 0.29345703125 0.134765625 0.0869140625
0 0.736328125 0.193359375 0.115234375 0.087890625
