0 0.71142578125 0.24560546875 0.0849609375 0.1005859375
0 0.20654296875 0.22998046875 0.0986328125 0.0830078125
0 0.3984375 0.3388671875 0.09375 0.083984375
0 0.1904296875 0.3359375 0.130859375 0.060546875
0 0.607421875 0.50830078125 0.08203125 0.0908203125
0 0.98388671875 0.0224609375 0.0322265625 0.044921875
0 0.47119140625 0.8408203125 0.1513671875 0.09765625
0 0.61572265625 0.9765625 0.0732421875 0.046875
0 0.81396484375 0.04541015625 0.0888671875 0.0869140625
0 0.9443359375 0.39990234375 0.0625 0.0673828125
0 0.9140625 0.1455078125 0.07421875 0.076171875
0 0.47021484375 0.10986328125 0.1064453125 0.0849609375
0 0.88134765625 0.7978515625 0.0791015625 0.09765625
0 0.748046875 0.7734375 0.07421875 0.0859375
0 0.421875 0.15576171875 0.14453125 0.0791015625
0 0.63623046875 0.86767578125 0.1376953125 0.0810546875
0 0.11962890625 0.806640625 0.1669921875 0.1171875
0 0.75439453125 0.61279296875 0.0986328125 0.1123046875
0 0.9658203125 0.65771484375 0.068359375 0.0693359375
0 0.0849609375 0.31298828125 0.080078125 0.1123046875
0 0.810546875 0.515625 0.07421875 0.083984375
0 0.52490234375 0.84619140625 0.0712890625 0.0478515625
0 0.06591796875 0.54052734375 0.0888671875 0.1142578125
0 0.9072265625 0.544921875 0.087890625 0.08984375
