0 0.26513671875 0.2822265625 0.0712890625 0.060546875
0 0.52392578125 0.78857421875 0.0458984375 0.0498046875
0 0.197265625 0.3427734375 0.109375 0.0859375
0 0.30029296875 0.6279296875 0.0908203125 0.138671875
0 0.4150390625 0.21923828125 0.07421875 0.0615234375
0 0.296875 0.73486328125 0.07421875 0.1123046875
0 0.03955078125 0.8076171875 0.0634765625 0.04296875
0 0.7939453125 0.478515625 0.056640625 0.04296875
0 0.40576171875 0.033203125 0.0693359375 0.041015625
0 0.876953125 0.74169921875 0.150390625 0.0673828125
0 0.85791015625 0.54931640625 0.0947265625 0.0517578125
0 0.10888671875 0.31298828125 0.0673828125 0.0712890625
0 0.173828125 0.86962890625 0.064453125 0.0439453125
0 0.96728515625 0.9091796875 0.0380859375 0.07421875
0 0.6884765625 0.3984375 0.08984375 0.111328125
0 0.98046875 0.52392578125 0.037109375 0.0341796875
0 0.85107421875 0.46484375 0.0556640625 0.0390625
0 0.98876953125 0.88427734375 0.0224609375 0.0361328125
0 0.60400390625 0.32080078125 0.0380859375 0.0439453125
0 0.65283203125 0.06201171875 0.0634765625 0.0400390625
0 0.1533203125 0.09423828125 0.046875 0.0419921875
0 0.8759765625 0.376953125 0.068359375 0.037109375
0 0.47021484375 0.4365234375 0.0712890625 0.04296875
0 0.0927734375 0.841796875 0.07421875 0.060546875
0 0.9189453125 0.64794921875 0.095703125 0.0693359375
0 0.59375 0.08203125 0.044921875 0.04296875
0 0.78515625 0.12890625 0.0390625 0.0546875
0 0.42529296875 0.60546875 0.1357421875 0.1328125
0 0.85205078125 0.82958984375 0.0869140625 0.0927734375
0 0.0927734375 0.25146484375 0.064453125 0.0478515625
0 0.8984375 0.30419921875 0.046875 0.0263671875
0 0.02392578125 0.9501953125 0.0419921875 0.041015625
0 0.75048828125 0.4931640625 0.0947265625 0.076171875
0 0.16943359375 0.18798828125 0.1005859375 0.0595703125
0 0.59130859375 0.93017578125 0.0751953125 0.0439453125
0 0.67724609375 0.38330078125 0.1142578125 0.0380859375
0 0.31884765625 0.3603515625 0.0830078125 0.064453125
0 0.849609375 0.98193359375 0.091796875 0.0361328125
0 0.2763671875 0.44384765625 0.07421875 0.0458984375
0 0.74462890625 0.8544921875 0.1103515625 0.068359375
0 0.6748046875 0.97265625 0.0390625 0.037109375
0 0.57080078125 0.59765625 0.0556640625 0.052734375
0 0.0517578125 0.65771484375 0.076171875 0.1533203125
0 0.6865234375 0.12890625 0.0625 0.046875
0 0.91064453125 0.498046875 0.0927734375 0.03125
0 0.52685546875 0.53271484375 0.0849609375 0.0732421875
0 0.10302734375 0.94873046875 0.0732421875 0.0458984375
0 0.2294921875 0.20458984375 0.033203125 0.0224609375
0 0.79248046875 0.826171875 0.0654296875 0.033203125
0 0.42138671875 0.01025390625 0.0380859375 0.0205078125
0 0.09912109375 0.177734375 0.0400390625 0.029296875
0 0.025390625 0.5263671875 0.05078125 0.046875
0 0.1884765625 0.64599609375 0.072265625 0.0400390625
0 0.54150390625 0.833984375 0.0673828125 0.068359375
0 0.72021484375 0.88525390625 0.0771484375 0.0673828125
0 0.84228515625 0.6708984375 0.1025390625 0.06640625
0 0.81005859375 0.39453125 0.0654296875 0.0546875
0 0.86328125 0.25 0.087890625 0.0390625
0 0.2607421875 0.87158203125 0.068359375 0.1318359375
0 0.73583984375 0.18896484375 0.0947265625 0.0537109375
0 0.29052734375 0.49560546875 0.0615234375 0.0380859375
