0 0.935546875 0.9873046875 0.041015625 0.025390625
0 0.224609375 0.966796875 0.05859375 0.064453125
0 0.23828125 0.02880859375 0.029296875 0.0380859375
0 0.025390625 0.5556640625 0.05078125 0.0390625
0 0.6650390625 0.603515625 0.0546875 0.0703125
0 0.72216796875 0.650390625 0.1337890625 0.078125
0 0.71337890625 0.2939453125 0.0478515625 0.0703125
0 0.79150390625 0.84716796875 0.1298828125 0.0791015625
0 0.55810546875 0.71533203125 0.0654296875 0.0576171875
0 0.7197265625 0.765625 0.068359375 0.072265625
0 0.1689453125 0.6875 0.080078125 0.11328125
0 0.03466796875 0.0302734375 0.0693359375 0.060546875
0 0.451171875 0.451171875 0.095703125 0.06640625
0 0.38330078125 0.2578125 0.0732421875 0.04296875
0 0.59375 0.404296875 0.0625 0.083984375
0 0.01611328125 0.90869140625 0.0322265625 0.0400390625
0 0.04736328125 0.32958984375 0.0927734375 0.0751953125
0 0.58447265625 0.15283203125 0.0302734375 0.0478515625
0 0.96142578125 0.66259765625 0.0771484375 0.0576171875
0 0.9404296875 0.46826171875 0.05078125 0.0751953125
0 0.3017578125 0.76806640625 0.0703125 0.1220703125
0 0.970703125 0.81494140625 0.052734375 0.0556640625
0 0.88525390625 0.1650390625 0.0849609375 0.07421875
0 0.27978515625 0.5849609375 0.0498046875 0.05859375
0 0.9638671875 0.9267578125 0.0703125 0.056640625
0 0.18408203125 0.41552734375 0.0341796875 0.0244140625
0 0.41259765625 0.06396484375 0.0654296875 0.0458984375
0 0.9697265625 0.3359375 0.060546875 0.052734375
0 0.67041015625 0.1630859375 0.0576171875 0.0546875
0 0.376953125 0.31396484375 0.068359375 0.0439453125
0 0.70947265625 0.41796875 0.0634765625 0.037109375
0 0.0361328125 0.97705078125 0.072265625 0.0458984375
0 0.47802734375 0.89501953125 0.1083984375 0.0751953125
0 0.486328125 0.361328125 0.048828125 0.033203125
0 0.94873046875 0.71630859375 0.1025390625 0.0693359375
0 0.6689453125 0.37158203125 0.041015625 0.0947265625
0 0.53759765625 0.85498046875 0.1064453125 0.1044921875
0 0.58935546875 0.62646484375 0.0556640625 0.0693359375
0 0.62841796875 0.26611328125 0.0693359375 0.0439453125
0 0.1337890625 0.1259765625 0.05078125 0.046875
0 0.39306640625 0.70751953125 0.0419921875 0.0283203125
0 0.38720703125 0.87841796875 0.0517578125 0.0888671875
0 0.6142578125 0.0439453125 0.1015625 0.046875
0 0.54150390625 0.5908203125 0.0595703125 0.0859375
0 0.25537109375 0.7783203125 0.0888671875 0.060546875
0 0.1845703125 0.0693359375 0.05078125 0.138671875
0 0.865234375 0.35888671875 0.0390625 0.0361328125
0 0.57373046875 0.7705078125 0.0771484375 0.05078125
0 0.14501953125 0.42578125 0.0791015625 0.0625
0 0.10546875 0.06787109375 0.08203125 0.0419921875
0 0.341796875 0.361328125 0.037109375 0.029296875
0 0.45166015625 0.15771484375 0.1376953125 0.0986328125
0 0.841796875 0.0859375 0.05078125 0.0703125
0 0.556640625 0.18896484375 0.048828125 0.0302734375
0 0.63525390625 0.44384765625 0.0439453125 0.0791015625
0 0.38330078125 0.64697265625 0.0810546875 0.0556640625
