0 0.64208984375 0.11328125 0.0751953125 0.0625
0 0.61865234375 0.70654296875 0.0751953125 0.0849609375
0 0.75048828125 0.126953125 0.1123046875 0.05078125
0 0.201171875 0.18212890625 0.0625 0.0751953125
0 0.634765625 0.61376953125 0.0625 0.0673828125
0 0.1767578125 0.86328125 0.078125 0.052734375
0 0.6396484375 0.40966796875 0.115234375 0.0595703125
0 0.818359375 0.96923828125 0.115234375 0.0595703125
0 0.84326171875 0.296875 0.1083984375 0.0546875
0 0.90869140625 0.90673828125 0.1826171875 0.0849609375
0 0.7490234375 0.8828125 0.171875 0.095703125
0 0.609375 0.28076171875 0.125 0.0673828125
0 0.80810546875 0.38720703125 0.2470703125 0.0654296875
0 0.51708984375 0.38818359375 0.1044921875 0.0673828125
0 0.4130859375 0.2880859375 0.123046875 0.087890625
0 0.2822265625 0.59423828125 0.10546875 0.0751953125
0 0.20947265625 0.68310546875 0.1494140625 0.1025390625
0 0.13232421875 0.43212890625 0.0849609375 0.1494140625
0 0.56689453125 0.02587890625 0.1201171875 0.0478515625
0 0.6396484375 0.51513671875 0.0625 0.0595703125
0 0.802734375 0.6689453125 0.080078125 0.0625
0 0.0478515625 0.02392578125 0.068359375 0.0478515625
0 0.9072265625 0.826171875 0.134765625 0.05078125
0 0.60791015625 0.05224609375 0.1474609375 0.0654296875
0 0.6591796875 0.015625 0.115234375 0.02734375
0 0.23876953125 0.2919921875 0.1025390625 0.107421875
0 0.12744140625 0.76904296875 0.1806640625 0.0927734375
0 0.255859375 0.17822265625 0.091796875 0.1669921875
0 0.5361328125 0.1357421875 0.109375 0.064453125
0 0.2158203125 0.33984375 0.09765625 0.0546875
0 0.037109375 0.1171875 0.07421875 0.064453125
0 0.07421875 0.25927734375 0.134765625 0.0751953125
0 0.3232421875 0.134765625 0.087890625 0.0703125
0 0.03466796875 0.97705078125 0.0693359375 0.0458984375
0 0.89794921875 0.1259765625 0.1826171875 0.087890625
0 0.8671875 0.6533203125 0.1328125 0.1875
0 0.1162109375 0.9560546875 0.142578125 0.087890625
0 0.68310546875 0.73486328125 0.1220703125 0.0751953125
0 0.8671875 0.43212890625 0.0703125 0.0654296875
0 0.7568359375 0.80859375 0.099609375 0.0625
0 0.57568359375 0.162109375 0.0771484375 0.07421875
0 0.82080078125 0.04833984375 0.1318359375 0.0673828125
0 0.12939453125 0.19189453125 0.0751953125 0.1396484375
0 0.35791015625 0.3369140625 0.1025390625 0.060546875
0 0.45263671875 0.783203125 0.1494140625 0.080078125
0 0.921875 0.02197265625 0.0703125 0.0400390625
0 0.94091796875 0.2392578125 0.1181640625 0.0703125
0 0.8662109375 0.75537109375 0.142578125 0.0771484375
0 0.21435546875 0.80322265625 0.1201171875 0.1572265625
0 0.96240234375 0.45947265625 0.0751953125 0.0556640625
0 0.3359375 0.8994140625 0.265625 0.09765625
0 0.02978515625 0.5830078125 0.0595703125 0.09765625
0 0.4130859375 0.68994140625 0.185546875 0.0927734375
0 0.076171875 0.65869140625 0.15234375 0.1025390625
0 0.0439453125 0.40087890625 0.087890625 0.1044921875
0 0.70654296875 0.97119140625 0.1220703125 0.0400390625
0 0.41943359375 0.57763671875 0.0830078125 0.0830078125
0 0.5224609375 0.46337890625 0.169921875 0.0771484375
0 0.61279296875 0.93896484375 0.1357421875 0.0654296875
0 0.94873046875 0.1533203125 0.1025390625 0.046875
0 0.71435546875 0.22607421875 0.1552734375 0.0908203125
0 0.28955078125 0.54638671875 0.1123046875 0.1044921875
0 0.70068359375 0.189453125 0.2119140625 0.0703125
0 0.4072265625 0.4013671875 0.1796875 0.08203125
