0 0.3466796875 0.98583984375 0.05078125 0.0283203125
0 0.2431640625 0.94921875 0.06640625 0.052734375
0 0.1787109375 0.95068359375 0.0234375 0.0224609375
0 0.15234375 0.85791015625 0.046875 0.0361328125
0 0.33154296875 0.9296875 0.0595703125 0.052734375
0 0.345703125 0.8876953125 0.041015625 0.03515625
0 0.212890625 0.67626953125 0.0859375 0.0732421875
0 0.31298828125 0.65771484375 0.0478515625 0.0419921875
0 0.3779296875 0.4228515625 0.041015625 0.0546875
0 0.33349609375 0.50390625 0.0673828125 0.103515625
0 0.20361328125 0.4287109375 0.0810546875 0.072265625
0 0.3046875 0.41162109375 0.0546875 0.0537109375
0 0.193359375 0.3779296875 0.06640625 0.037109375
0 0.1416015625 0.322265625 0.08984375 0.0703125
0 0.0654296875 0.27880859375 0.099609375 0.0732421875
0 0.18408203125 0.30224609375 0.1142578125 0.1044921875
0 0.22412109375 0.28466796875 0.1142578125 0.1337890625
0 0.31494140625 0.34130859375 0.0732421875 0.0595703125
0 0.1845703125 0.1220703125 0.046875 0.05859375
0 0.24072265625 0.103515625 0.0498046875 0.072265625
0 0.376953125 0.1455078125 0.064453125 0.060546875
0 0.35009765625 0.087890625 0.0517578125 0.11328125
0 0.7158203125 0.86083984375 0.0625 0.0498046875
0 0.673828125 0.78857421875 0.037109375 0.0341796875
0 0.7587890625 0.75146484375 0.05078125 0.0634765625
0 0.70703125 0.68310546875 0.06640625 0.0654296875
0 0.6591796875 0.66162109375 0.029296875 0.0322265625
0 0.59765625 0.7041015625 0.06640625 0.0625
0 0.79443359375 0.6083984375 0.0439453125 0.033203125
0 0.74951171875 0.5986328125 0.0693359375 0.076171875
0 0.72265625 0.5419921875 0.099609375 0.060546875
0 0.798828125 0.54443359375 0.072265625 0.0498046875
0 0.84619140625 0.494140625 0.0966796875 0.095703125
0 0.8701171875 0.55224609375 0.07421875 0.0498046875
0 0.7392578125 0.47314453125 0.0625 0.0634765625
0 0.79443359375 0.4228515625 0.0517578125 0.0390625
0 0.63623046875 0.42333984375 0.0478515625 0.0439453125
0 0.68896484375 0.45166015625 0.0517578125 0.1064453125
0 0.76953125 0.3974609375 0.021484375 0.037109375
0 0.7353515625 0.39892578125 0.064453125 0.1083984375
0 0.6923828125 0.35888671875 0.03125 0.0458984375
0 0.62158203125 0.36767578125 0.0322265625 0.0302734375
0 0.2587890625 0.033203125 0.0390625 0.0625
0 0.67138671875 0.29541015625 0.0302734375 0.0361328125
0 0.91162109375 0.86474609375 0.0986328125 0.1650390625
0 0.953125 0.84375 0.0390625 0.033203125
0 0.9814453125 0.892578125 0.037109375 0.068359375
0 0.98828125 0.50244140625 0.0234375 0.0498046875
0 0.32373046875 0.384765625 0.0341796875 0.037109375
0 0.30029296875 0.46533203125 0.0361328125 0.0576171875
