0 0.283203125 0.5556640625 0.0546875 0.1875
0 0.05908203125 0.5830078125 0.1181640625 0.091796875
0 0.0419921875 0.21630859375 0.0703125 0.0908203125
0 0.20947265625 0.83740234375 0.0869140625 0.0673828125
0 0.22802734375 0.19482421875 0.0595703125 0.1669921875
0 0.3603515625 0.8115234375 0.1484375 0.162109375
0 0.06982421875 0.10205078125 0.0908203125 0.0791015625
0 0.93994140625 0.4599609375 0.1162109375 0.126953125
0 0.87841796875 0.76904296875 0.0791015625 0.0830078125
0 0.32958984375 0.07373046875 0.1767578125 0.0712890625
0 0.705078125 0.95068359375 0.0859375 0.0947265625
0 0.791015625 0.92626953125 0.146484375 0.1103515625
0 0.5986328125 0.97705078125 0.076171875 0.0458984375
0 0.2958984375 0.95458984375 0.12109375 0.0888671875
0 0.908203125 0.5947265625 0.068359375 0.07421875
0 0.70947265625 0.8125 0.0771484375 0.115234375
0 0.7783203125 0.310546875 0.056640625 0.05078125
0 0.029296875 0.783203125 0.05859375 0.08984375
0 0.16455078125 0.3720703125 0.0576171875 0.064453125
0 0.71630859375 0.6875 0.0849609375 0.134765625
0 0.6201171875 0.34375 0.1015625 0.06640625
0 0.4580078125 0.59375 0.09765625 0.12890625
