0 0.6484375 0.423828125 0.119140625 0.060546875
0 0.37353515625 0.41650390625 0.1650390625 0.0986328125
0 0.64599609375 0.68603515625 0.0927734375 0.1064453125
0 0.77783203125 0.3447265625 0.0615234375 0.064453125
0 0.93603515625 0.1357421875 0.0576171875 0.09375
0 0.341796875 0.60986328125 0.13671875 0.1025390625
0 0.3291015625 0.23828125 0.099609375 0.095703125
0 0.603515625 0.6572265625 0.09375 0.08984375
0 0.29443359375 0.87890625 0.1044921875 0.138671875
0 0.2978515625 0.7666015625 0.16015625 0.08984375
0 0.04931640625 0.509765625 0.0947265625 0.0703125
0 0.208984375 0.68359375 0.09765625 0.119140625
0 0.7880859375 0.63916015625 0.1875 0.1533203125
0 0.3857421875 0.89208984375 0.115234375 0.0908203125
0 0.15869140625 0.40869140625 0.2021484375 0.0927734375
0 0.62353515625 0.12744140625 0.0947265625 0.0947265625
0 0.05712890625 0.09130859375 0.1142578125 0.0732421875
0 0.197265625 0.57861328125 0.099609375 0.1025390625
0 0.947265625 0.03369140625 0.08984375 0.0673828125
0 0.484375 0.34423828125 0.087890625 0.0927734375
0 0.3974609375 0.7890625 0.064453125 0.115234375
0 0.1884765625 0.89306640625 0.06640625 0.1201171875
