0 0.60546875 0.37548828125 0.076171875 0.0556640625
0 0.06640625 0.982421875 0.0859375 0.033203125
0 0.32275390625 0.171875 0.0693359375 0.052734375
0 0.13134765625 0.8046875 0.1240234375 0.06640625
0 0.66455078125 0.37744140625 0.1044921875 0.1083984375
0 0.671875 0.673828125 0.095703125 0.068359375
0 0.11767578125 0.4248046875 0.0693359375 0.056640625
0 0.0986328125 0.3759765625 0.0859375 0.06640625
0 0.2607421875 0.712890625 0.06640625 0.06640625
0 0.15625 0.89013671875 0.078125 0.0576171875
0 0.42919921875 0.9150390625 0.0615234375 0.044921875
0 0.13037109375 0.04833984375 0.0537109375 0.0966796875
0 0.5966796875 0.0771484375 0.15234375 0.06640625
0 0.1259765625 0.60888671875 0.078125 0.0732421875
0 0.07763671875 0.06494140625 0.0458984375 0.1298828125
0 0.2548828125 0.61669921875 0.09375 0.0517578125
0 0.02587890625 0.65380859375 0.0517578125 0.0673828125
0 0.673828125 0.513671875 0.13671875 0.072265625
0 0.28076171875 0.86083984375 0.0751953125 0.0751953125
0 0.0419921875 0.923828125 0.0625 0.0625
0 0.6904296875 0.72900390625 0.10546875 0.0595703125
0 0.0302734375 0.87646484375 0.060546875 0.0615234375
0 0.05810546875 0.17236328125 0.1162109375 0.0732421875
0 0.5693359375 0.65625 0.11328125 0.060546875
0 0.66650390625 0.904296875 0.1337890625 0.044921875
0 0.75830078125 0.5341796875 0.1455078125 0.0546875
0 0.345703125 0.3095703125 0.0703125 0.08984375
0 0.2275390625 0.23876953125 0.087890625 0.0634765625
0 0.8291015625 0.62939453125 0.11328125 0.0458984375
0 0.40966796875 0.54296875 0.0595703125 0.056640625
0 0.60205078125 0.45703125 0.0693359375 0.052734375
0 0.57470703125 0.8740234375 0.1025390625 0.07421875
0 0.2119140625 0.19140625 0.10546875 0.068359375
0 0.03857421875 0.0849609375 0.0693359375 0.109375
0 0.650390625 0.3330078125 0.052734375 0.048828125
0 0.94482421875 0.30908203125 0.1103515625 0.0556640625
0 0.70947265625 0.57373046875 0.1083984375 0.0537109375
0 0.7509765625 0.38134765625 0.10546875 0.0615234375
0 0.03076171875 0.52685546875 0.0615234375 0.0693359375
0 0.18359375 0.33203125 0.095703125 0.0625
0 0.4775390625 0.982421875 0.08203125 0.03515625
