0 0.57177734375 0.9033203125 0.0322265625 0.0703125
0 0.7265625 0.18408203125 0.05078125 0.1201171875
0 0.87109375 0.83203125 0.107421875 0.08984375
0 0.748046875 0.65771484375 0.0546875 0.0498046875
0 0.6708984375 0.3447265625 0.048828125 0.09375
0 0.25732421875 0.76953125 0.0673828125 0.09375
0 0.0322265625 0.48291015625 0.064453125 0.0576171875
0 0.87841796875 0.48486328125 0.1025390625 0.0947265625
0 0.681640625 0.5556640625 0.05078125 0.083984375
0 0.4140625 0.802734375 0.0390625 0.03125
0 0.76904296875 0.3984375 0.0634765625 0.087890625
0 0.20166015625 0.6513671875 0.0595703125 0.041015625
0 0.41845703125 0.27734375 0.0888671875 0.107421875
0 0.0634765625 0.0419921875 0.072265625 0.080078125
0 0.03076171875 0.322265625 0.0439453125 0.048828125
0 0.47705078125 0.10302734375 0.0341796875 0.0537109375
0 0.9697265625 0.03076171875 0.060546875 0.0576171875
0 0.833984375 0.310546875 0.037109375 0.05078125
0 0.54052734375 0.42431640625 0.0283203125 0.0712890625
0 0.34765625 0.4267578125 0.0390625 0.044921875
