0 0.359375 0.42578125 0.03515625 0.07421875
0 0.392578125 0.42431640625 0.044921875 0.0791015625
0 0.08251953125 0.5302734375 0.0537109375 0.1171875
0 0.759765625 0.38916015625 0.064453125 0.0908203125
0 0.5693359375 0.30712890625 0.046875 0.0517578125
0 0.22021484375 0.884765625 0.0341796875 0.064453125
0 0.6591796875 0.14599609375 0.09375 0.1083984375
0 0.12158203125 0.29345703125 0.0654296875 0.0908203125
0 0.7158203125 0.2099609375 0.0546875 0.076171875
0 0.56787109375 0.8525390625 0.0732421875 0.0546875
0 0.130859375 0.1875 0.05859375 0.0859375
0 0.77783203125 0.43896484375 0.1142578125 0.0556640625
0 0.982421875 0.36474609375 0.03515625 0.0615234375
0 0.595703125 0.13720703125 0.07421875 0.0634765625
0 0.33154296875 0.6064453125 0.0810546875 0.046875
0 0.84423828125 0.12939453125 0.0712890625 0.1025390625
0 0.3955078125 0.24853515625 0.048828125 0.1083984375
0 0.15087890625 0.41552734375 0.0576171875 0.0615234375
0 0.255859375 0.7734375 0.037109375 0.060546875
0 0.5693359375 0.77392578125 0.044921875 0.0341796875
0 0.77783203125 0.58447265625 0.0556640625 0.0380859375
0 0.0400390625 0.37060546875 0.064453125 0.0771484375
0 0.71728515625 0.271484375 0.0498046875 0.1484375
0 0.02734375 0.47412109375 0.0546875 0.1025390625
0 0.8515625 0.43017578125 0.048828125 0.1181640625
0 0.21533203125 0.423828125 0.0615234375 0.08984375
0 0.72998046875 0.1298828125 0.0732421875 0.078125
0 0.404296875 0.638671875 0.09765625 0.046875
0 0.5107421875 0.3740234375 0.044921875 0.103515625
