0 0.74755859375 0.91650390625 0.1416015625 0.1650390625
0 0.0947265625 0.50732421875 0.150390625 0.1650390625
0 0.10595703125 0.1181640625 0.2119140625 0.216796875
0 0.53955078125 0.505859375 0.1083984375 0.09375
0 0.60498046875 0.798828125 0.1318359375 0.279296875
0 0.73291015625 0.57666015625 0.1669921875 0.4755859375
0 0.18359375 0.88134765625 0.08984375 0.1044921875
0 0.70947265625 0.1982421875 0.1123046875 0.11328125
0 0.326171875 0.18017578125 0.1171875 0.3095703125
0 0.10546875 0.828125 0.2109375 0.333984375
0 0.81591796875 0.9189453125 0.1376953125 0.16015625
0 0.19140625 0.1337890625 0.212890625 0.267578125
0 0.6533203125 0.07568359375 0.15234375 0.1474609375
0 0.08447265625 0.69189453125 0.1005859375 0.1005859375
0 0.9462890625 0.5693359375 0.1015625 0.38671875
