0 0.958984375 0.556640625 0.068359375 0.109375
0 0.837890625 0.931640625 0.087890625 0.1015625
0 0.0849609375 0.580078125 0.083984375 0.04296875
0 0.69970703125 0.51611328125 0.0771484375 0.1748046875
0 0.078125 0.94189453125 0.083984375 0.1162109375
0 0.53466796875 0.84326171875 0.0732421875 0.0712890625
0 0.5048828125 0.7080078125 0.171875 0.1484375
0 0.93408203125 0.7890625 0.1044921875 0.1015625
0 0.865234375 0.07470703125 0.154296875 0.1376953125
0 0.2890625 0.58154296875 0.08203125 0.0615234375
0 0.8515625 0.60693359375 0.103515625 0.0966796875
0 0.26708984375 0.68359375 0.0732421875 0.06640625
0 0.921875 0.63232421875 0.064453125 0.0869140625
0 0.6103515625 0.06982421875 0.109375 0.0908203125
0 0.10009765625 0.65966796875 0.0830078125 0.0751953125
0 0.21533203125 0.810546875 0.2275390625 0.080078125
0 0.83984375 0.390625 0.103515625 0.1328125
0 0.8818359375 0.85498046875 0.064453125 0.0634765625
0 0.0556640625 0.4833984375 0.111328125 0.08984375
0 0.5693359375 0.2109375 0.125 0.103515625
0 0.923828125 0.15234375 0.1171875 0.109375
0 0.16748046875 0.421875 0.1318359375 0.1015625
0 0.0673828125 0.1728515625 0.130859375 0.0859375
0 0.33447265625 0.76318359375 0.0751953125 0.0693359375
0 0.8408203125 0.70703125 0.12890625 0.072265625
0 0.111328125 0.2958984375 0.12890625 0.08984375
0 0.9765625 0.458984375 0.046875 0.099609375
