0 0.322265625 0.8291015625 0.115234375 0.181640625
0 0.07373046875 0.7861328125 0.1455078125 0.10546875
0 0.2861328125 0.97509765625 0.0546875 0.0498046875
0 0.23876953125 0.73681640625 0.0556640625 0.0634765625
0 0.291015625 0.73828125 0.064453125 0.068359375
0 0.35205078125 0.8984375 0.0458984375 0.041015625
0 0.3974609375 0.93994140625 0.05859375 0.0615234375
0 0.44091796875 0.95654296875 0.0380859375 0.0869140625
0 0.52490234375 0.87451171875 0.0556640625 0.1220703125
0 0.6005859375 0.87841796875 0.08203125 0.1494140625
0 0.78173828125 0.98974609375 0.0419921875 0.0205078125
0 0.9326171875 0.978515625 0.0546875 0.04296875
0 0.56884765625 0.7470703125 0.0751953125 0.115234375
0 0.67236328125 0.70068359375 0.0732421875 0.0615234375
0 0.74462890625 0.68115234375 0.0849609375 0.0810546875
0 0.85400390625 0.7490234375 0.0986328125 0.052734375
0 0.90673828125 0.7236328125 0.0322265625 0.044921875
0 0.94921875 0.701171875 0.052734375 0.048828125
0 0.4052734375 0.671875 0.048828125 0.05859375
0 0.0810546875 0.45751953125 0.0625 0.0693359375
0 0.35205078125 0.5146484375 0.0537109375 0.0625
0 0.828125 0.3408203125 0.052734375 0.05859375
0 0.92529296875 0.29296875 0.0654296875 0.05859375
0 0.9580078125 0.3642578125 0.083984375 0.044921875
0 0.2890625 0.4169921875 0.056640625 0.068359375
0 0.33447265625 0.392578125 0.0439453125 0.087890625
0 0.376953125 0.42529296875 0.0546875 0.0673828125
0 0.42236328125 0.43603515625 0.0380859375 0.0673828125
0 0.36083984375 0.31494140625 0.0732421875 0.0791015625
0 0.29150390625 0.28271484375 0.0595703125 0.0576171875
0 0.43701171875 0.248046875 0.0458984375 0.07421875
0 0.306640625 0.2236328125 0.06640625 0.05859375
0 0.56689453125 0.22021484375 0.0458984375 0.0478515625
0 0.462890625 0.19775390625 0.025390625 0.0341796875
0 0.01171875 0.26220703125 0.0234375 0.0673828125
0 0.00537109375 0.33251953125 0.0107421875 0.0673828125
0 0.1005859375 0.29931640625 0.0546875 0.0556640625
0 0.11474609375 0.1572265625 0.0615234375 0.03515625
0 0.2275390625 0.1611328125 0.078125 0.095703125
0 0.02099609375 0.1005859375 0.0400390625 0.091796875
0 0.06689453125 0.0986328125 0.0556640625 0.064453125
0 0.1982421875 0.0537109375 0.115234375 0.10546875
0 0.25244140625 0.03369140625 0.0654296875 0.0673828125
0 0.455078125 0.078125 0.052734375 0.080078125
0 0.3916015625 0.11328125 0.056640625 0.0859375
0 0.3515625 0.07177734375 0.056640625 0.0751953125
0 0.333984375 0.03564453125 0.05078125 0.0712890625
0 0.29541015625 0.07763671875 0.0322265625 0.0322265625
0 0.38818359375 0.015625 0.0498046875 0.03125
0 0.974609375 0.072265625 0.05078125 0.08984375
0 0.98779296875 0.16748046875 0.0244140625 0.0419921875
0 0.92431640625 0.01318359375 0.0498046875 0.0263671875
0 0.984375 0.953125 0.03125 0.044921875
0 0.94873046875 0.6591796875 0.0341796875 0.033203125
0 0.34423828125 0.8544921875 0.0380859375 0.04296875
0 0.35595703125 0.7373046875 0.0576171875 0.025390625
0 0.583984375 0.16748046875 0.091796875 0.0693359375
0 0.10302734375 0.09765625 0.0419921875 0.037109375
0 0.439453125 0.302734375 0.03125 0.02734375
0 0.0751953125 0.73193359375 0.046875 0.0400390625
0 0.35107421875 0.9296875 0.0361328125 0.0234375
0 0.37353515625 0.9765625 0.0439453125 0.046875
0 0.41064453125 0.9853515625 0.0458984375 0.029296875
0 0.48583984375 0.90576171875 0.0517578125 0.0791015625
0 0.4755859375 0.96923828125 0.046875 0.0615234375
0 0.40673828125 0.84130859375 0.0634765625 0.1298828125
0 0.43994140625 0.84619140625 0.0576171875 0.0810546875
0 0.43017578125 0.8955078125 0.0439453125 0.041015625
0 0.349609375 0.01416015625 0.0390625 0.0283203125
0 0.986328125 0.4140625 0.02734375 0.03515625
0 0.9775390625 0.390625 0.044921875 0.0390625
0 0.98974609375 0.38037109375 0.0205078125 0.0283203125
0 0.37744140625 0.8935546875 0.0322265625 0.03515625
0 0.06689453125 0.22265625 0.0498046875 0.064453125
0 0.099609375 0.2548828125 0.04296875 0.03125
0 0.39111328125 0.052734375 0.0302734375 0.03515625
0 0.119140625 0.19775390625 0.056640625 0.0419921875
