0 0.021484375 0.95703125 0.04296875 0.0859375
0 0.56689453125 0.72802734375 0.0712890625 0.0712890625
0 0.98779296875 0.09521484375 0.0244140625 0.0986328125
0 0.087890625 0.02978515625 0.130859375 0.0576171875
0 0.830078125 0.18896484375 0.080078125 0.1318359375
0 0.02783203125 0.76953125 0.0517578125 0.076171875
0 0.1357421875 0.05517578125 0.12109375 0.0634765625
0 0.64208984375 0.259765625 0.0869140625 0.1484375
0 0.5205078125 0.6142578125 0.09765625 0.111328125
0 0.025390625 0.349609375 0.05078125 0.095703125
0 0.90576171875 0.77978515625 0.0927734375 0.1240234375
0 0.24072265625 0.23876953125 0.0673828125 0.1494140625
0 0.771484375 0.40234375 0.06640625 0.052734375
0 0.125 0.2890625 0.126953125 0.166015625
0 0.95849609375 0.27978515625 0.0830078125 0.0947265625
0 0.79833984375 0.3056640625 0.0478515625 0.044921875
0 0.36474609375 0.57568359375 0.0595703125 0.0634765625
0 0.3798828125 0.05615234375 0.064453125 0.1123046875
0 0.75830078125 0.89892578125 0.1162109375 0.1083984375
0 0.01953125 0.8623046875 0.0390625 0.064453125
0 0.1884765625 0.517578125 0.10546875 0.08984375
0 0.86572265625 0.4560546875 0.0478515625 0.052734375
0 0.5478515625 0.8291015625 0.0859375 0.052734375
0 0.39404296875 0.9033203125 0.0751953125 0.08203125
0 0.7412109375 0.77880859375 0.072265625 0.1279296875
0 0.59130859375 0.87939453125 0.0654296875 0.1279296875
0 0.69384765625 0.97509765625 0.1005859375 0.0478515625
0 0.13818359375 0.78515625 0.1064453125 0.13671875
0 0.21533203125 0.75146484375 0.0712890625 0.0439453125
0 0.3427734375 0.6865234375 0.087890625 0.072265625
0 0.1181640625 0.93212890625 0.056640625 0.1337890625
0 0.39794921875 0.7841796875 0.0537109375 0.048828125
0 0.20751953125 0.8935546875 0.1416015625 0.07421875
0 0.87890625 0.94189453125 0.111328125 0.0576171875
0 0.71435546875 0.31494140625 0.0673828125 0.1123046875
0 0.84814453125 0.404296875 0.0615234375 0.052734375
0 0.25537109375 0.80029296875 0.1474609375 0.1748046875
0 0.3544921875 0.1044921875 0.123046875 0.06640625
0 0.38525390625 0.35693359375 0.0791015625 0.1845703125
