0 0.677734375 0.57666015625 0.130859375 0.0830078125
0 0.84033203125 0.73974609375 0.0205078125 0.0498046875
0 0.8857421875 0.720703125 0.02734375 0.029296875
0 0.94287109375 0.67529296875 0.0556640625 0.0341796875
0 0.982421875 0.71826171875 0.033203125 0.0400390625
0 0.92578125 0.59326171875 0.146484375 0.0751953125
0 0.78125 0.78857421875 0.046875 0.0849609375
0 0.7373046875 0.79248046875 0.03515625 0.0517578125
0 0.77392578125 0.892578125 0.0458984375 0.056640625
0 0.84716796875 0.90869140625 0.0498046875 0.0439453125
0 0.5478515625 0.79345703125 0.072265625 0.0458984375
0 0.65576171875 0.55419921875 0.0224609375 0.0224609375
0 0.962890625 0.96533203125 0.056640625 0.0517578125
0 0.8505859375 0.96484375 0.12109375 0.0703125
0 0.6884765625 0.98681640625 0.037109375 0.0244140625
0 0.44287109375 0.908203125 0.1513671875 0.083984375
0 0.46484375 0.77734375 0.09765625 0.05859375
0 0.4658203125 0.66943359375 0.134765625 0.1201171875
0 0.3505859375 0.708984375 0.0234375 0.03125
0 0.3193359375 0.6982421875 0.02734375 0.03515625
0 0.24072265625 0.97021484375 0.0673828125 0.0595703125
0 0.0283203125 0.94775390625 0.0546875 0.0341796875
0 0.0224609375 0.8134765625 0.04296875 0.146484375
0 0.22607421875 0.841796875 0.0478515625 0.15234375
0 0.2490234375 0.66259765625 0.0703125 0.0400390625
0 0.14501953125 0.69921875 0.0498046875 0.0703125
0 0.0927734375 0.6826171875 0.056640625 0.06640625
0 0.02978515625 0.685546875 0.0576171875 0.046875
0 0.041015625 0.65185546875 0.033203125 0.0341796875
0 0.0126953125 0.53173828125 0.025390625 0.0576171875
0 0.08837890625 0.5947265625 0.0478515625 0.072265625
0 0.2080078125 0.60205078125 0.06640625 0.0478515625
0 0.11962890625 0.53662109375 0.0634765625 0.0458984375
0 0.162109375 0.4814453125 0.060546875 0.083984375
0 0.23974609375 0.52294921875 0.0693359375 0.0751953125
0 0.31640625 0.51953125 0.080078125 0.08203125
0 0.0126953125 0.455078125 0.025390625 0.048828125
0 0.04248046875 0.4541015625 0.0849609375 0.083984375
0 0.0595703125 0.337890625 0.119140625 0.068359375
0 0.11279296875 0.35400390625 0.1142578125 0.0400390625
0 0.06005859375 0.27978515625 0.0791015625 0.0615234375
0 0.01416015625 0.2841796875 0.0283203125 0.037109375
0 0.02392578125 0.23681640625 0.0478515625 0.0517578125
0 0.01904296875 0.1923828125 0.0380859375 0.068359375
0 0.01171875 0.14306640625 0.0234375 0.0791015625
0 0.1474609375 0.212890625 0.138671875 0.142578125
0 0.18701171875 0.29052734375 0.0380859375 0.0302734375
0 0.36572265625 0.462890625 0.0458984375 0.119140625
0 0.33349609375 0.39306640625 0.0771484375 0.0869140625
0 0.439453125 0.3291015625 0.015625 0.03125
0 0.5966796875 0.43310546875 0.029296875 0.0302734375
0 0.24169921875 0.27978515625 0.0498046875 0.0693359375
0 0.27490234375 0.3291015625 0.0224609375 0.04296875
0 0.521484375 0.29638671875 0.078125 0.1259765625
0 0.37060546875 0.17333984375 0.0537109375 0.0908203125
0 0.419921875 0.1640625 0.0625 0.046875
0 0.63330078125 0.14697265625 0.0419921875 0.0693359375
0 0.73583984375 0.36328125 0.0361328125 0.11328125
0 0.84228515625 0.47216796875 0.0400390625 0.0263671875
0 0.7822265625 0.44677734375 0.048828125 0.1630859375
0 0.03759765625 0.02978515625 0.0751953125 0.0595703125
0 0.23583984375 0.11962890625 0.1162109375 0.1767578125
0 0.314453125 0.056640625 0.05859375 0.11328125
0 0.42333984375 0.03564453125 0.0458984375 0.0712890625
0 0.2158203125 0.04541015625 0.111328125 0.0478515625
0 0.263671875 0.0517578125 0.0546875 0.044921875
0 0.71630859375 0.1103515625 0.0908203125 0.087890625
0 0.8681640625 0.08154296875 0.126953125 0.0634765625
0 0.91357421875 0.23681640625 0.0478515625 0.0888671875
0 0.87841796875 0.20361328125 0.0615234375 0.0732421875
0 0.921875 0.12841796875 0.056640625 0.0556640625
0 0.9765625 0.07470703125 0.046875 0.1103515625
0 0.72119140625 0.02490234375 0.0751953125 0.0244140625
0 0.90625 0.02587890625 0.046875 0.0517578125
0 0.81591796875 0.02490234375 0.0439453125 0.0498046875
0 0.96826171875 0.01953125 0.0302734375 0.033203125
0 0.19677734375 0.00927734375 0.0439453125 0.0185546875
0 0.14892578125 0.9326171875 0.0751953125 0.0859375
0 0.4755859375 0.02880859375 0.064453125 0.0556640625
