0 0.92333984375 0.37744140625 0.0380859375 0.0419921875
0 0.0419921875 0.6123046875 0.0546875 0.091796875
0 0.1005859375 0.68798828125 0.0703125 0.1650390625
0 0.67236328125 0.80029296875 0.0908203125 0.0849609375
0 0.939453125 0.6064453125 0.05859375 0.11328125
0 0.443359375 0.5908203125 0.0625 0.0546875
0 0.16357421875 0.0458984375 0.0654296875 0.091796875
0 0.28125 0.78515625 0.1015625 0.060546875
0 0.6142578125 0.5859375 0.07421875 0.064453125
0 0.08154296875 0.48828125 0.0693359375 0.154296875
0 0.35986328125 0.96923828125 0.0849609375 0.0615234375
0 0.62939453125 0.9072265625 0.1630859375 0.1171875
0 0.39453125 0.5830078125 0.16015625 0.162109375
0 0.4228515625 0.15869140625 0.087890625 0.0595703125
0 0.82421875 0.6494140625 0.087890625 0.189453125
0 0.9833984375 0.2255859375 0.03125 0.04296875
0 0.9765625 0.8193359375 0.046875 0.095703125
0 0.9794921875 0.95947265625 0.0390625 0.0810546875
0 0.115234375 0.796875 0.099609375 0.193359375
0 0.6259765625 0.361328125 0.158203125 0.109375
0 0.73974609375 0.44482421875 0.1689453125 0.0517578125
0 0.91552734375 0.26123046875 0.1337890625 0.0732421875
0 0.51806640625 0.6884765625 0.1259765625 0.052734375
