0 0.3310546875 0.77197265625 0.048828125 0.0478515625
0 0.408203125 0.56298828125 0.056640625 0.0498046875
0 0.828125 0.32470703125 0.0859375 0.0712890625
0 0.38232421875 0.89892578125 0.0380859375 0.0263671875
0 0.45263671875 0.4169921875 0.0458984375 0.05078125
0 0.22119140625 0.47998046875 0.0595703125 0.0537109375
0 0.82666015625 0.78857421875 0.0517578125 0.0380859375
0 0.89501953125 0.984375 0.0517578125 0.029296875
0 0.15966796875 0.32958984375 0.0888671875 0.0966796875
0 0.658203125 0.02685546875 0.048828125 0.0537109375
0 0.6123046875 0.2353515625 0.056640625 0.046875
0 0.6533203125 0.3828125 0.064453125 0.068359375
0 0.73046875 0.76025390625 0.064453125 0.0673828125
0 0.49267578125 0.306640625 0.0576171875 0.04296875
0 0.89892578125 0.13330078125 0.0712890625 0.0712890625
0 0.521484375 0.013671875 0.052734375 0.02734375
0 0.05078125 0.2216796875 0.06640625 0.08203125
0 0.955078125 0.79736328125 0.072265625 0.0517578125
0 0.33251953125 0.28466796875 0.0771484375 0.0791015625
0 0.1005859375 0.56494140625 0.064453125 0.0458984375
0 0.3310546875 0.57373046875 0.06640625 0.0537109375
0 0.75 0.9755859375 0.06640625 0.048828125
0 0.935546875 0.68310546875 0.0859375 0.0556640625
0 0.08447265625 0.91943359375 0.0634765625 0.1005859375
0 0.55126953125 0.1005859375 0.0966796875 0.0703125
0 0.7529296875 0.50830078125 0.056640625 0.0654296875
0 0.9423828125 0.41748046875 0.0625 0.0498046875
0 0.7509765625 0.88232421875 0.048828125 0.0458984375
0 0.91259765625 0.5947265625 0.0517578125 0.052734375
0 0.87646484375 0.7548828125 0.0576171875 0.0625
0 0.67041015625 0.84619140625 0.0673828125 0.0615234375
0 0.958984375 0.044921875 0.08203125 0.08984375
0 0.45068359375 0.94189453125 0.0498046875 0.0458984375
0 0.0712890625 0.69091796875 0.10546875 0.1044921875
0 0.48828125 0.1689453125 0.04296875 0.041015625
0 0.29345703125 0.18310546875 0.0439453125 0.0810546875
0 0.966796875 0.98388671875 0.064453125 0.0322265625
0 0.30712890625 0.62158203125 0.0556640625 0.0341796875
0 0.3134765625 0.2119140625 0.037109375 0.064453125
0 0.58203125 0.46826171875 0.078125 0.0693359375
0 0.74951171875 0.2216796875 0.0791015625 0.064453125
0 0.2734375 0.38427734375 0.06640625 0.0478515625
0 0.51513671875 0.9580078125 0.0673828125 0.072265625
0 0.61376953125 0.61669921875 0.0908203125 0.0810546875
0 0.08544921875 0.4443359375 0.0615234375 0.037109375
0 0.859375 0.9443359375 0.064453125 0.03515625
0 0.404296875 0.4228515625 0.056640625 0.046875
0 0.3408203125 0.70556640625 0.052734375 0.0478515625
0 0.638671875 0.76708984375 0.046875 0.0400390625
