0 0.96484375 0.64013671875 0.06640625 0.0556640625
0 0.50390625 0.9169921875 0.048828125 0.05078125
0 0.669921875 0.30322265625 0.087890625 0.1279296875
0 0.853515625 0.28076171875 0.083984375 0.0986328125
0 0.34423828125 0.36767578125 0.0791015625 0.1396484375
0 0.123046875 0.4150390625 0.07421875 0.1171875
0 0.0380859375 0.15966796875 0.072265625 0.1318359375
0 0.22900390625 0.435546875 0.0458984375 0.0546875
0 0.43408203125 0.66552734375 0.0576171875 0.0361328125
0 0.75927734375 0.74365234375 0.1044921875 0.1396484375
0 0.2529296875 0.95068359375 0.05859375 0.0830078125
0 0.55322265625 0.1875 0.0927734375 0.162109375
0 0.6748046875 0.44140625 0.060546875 0.099609375
0 0.74462890625 0.2861328125 0.0576171875 0.09765625
0 0.958984375 0.509765625 0.080078125 0.068359375
0 0.82275390625 0.47412109375 0.0712890625 0.1298828125
0 0.1943359375 0.0263671875 0.08984375 0.052734375
0 0.7392578125 0.9384765625 0.09375 0.115234375
0 0.8896484375 0.7646484375 0.06640625 0.05859375
0 0.08837890625 0.6533203125 0.0712890625 0.12890625
0 0.44921875 0.11572265625 0.076171875 0.1005859375
0 0.3310546875 0.77734375 0.052734375 0.08203125
0 0.787109375 0.1796875 0.10546875 0.115234375
0 0.18212890625 0.8232421875 0.0595703125 0.08203125
0 0.9150390625 0.888671875 0.12109375 0.076171875
0 0.732421875 0.43115234375 0.0546875 0.0927734375
