0 0.18701171875 0.7607421875 0.0673828125 0.09375
0 0.111328125 0.50341796875 0.04296875 0.0517578125
0 0.544921875 0.568359375 0.072265625 0.060546875
0 0.9697265625 0.95361328125 0.046875 0.0712890625
0 0.36328125 0.50146484375 0.060546875 0.0439453125
0 0.236328125 0.31396484375 0.037109375 0.0341796875
0 0.30419921875 0.31982421875 0.0302734375 0.0439453125
0 0.24658203125 0.04736328125 0.0947265625 0.0908203125
0 0.66162109375 0.56005859375 0.0458984375 0.0419921875
0 0.2900390625 0.7353515625 0.03515625 0.041015625
0 0.28369140625 0.22314453125 0.0478515625 0.0302734375
0 0.13037109375 0.28564453125 0.0361328125 0.0341796875
0 0.31005859375 0.82568359375 0.0224609375 0.0361328125
0 0.7294921875 0.66796875 0.05859375 0.0390625
0 0.29931640625 0.025390625 0.0283203125 0.046875
0 0.39892578125 0.09033203125 0.0263671875 0.0224609375
0 0.81396484375 0.12451171875 0.0458984375 0.0556640625
0 0.31396484375 0.6015625 0.0439453125 0.056640625
0 0.94873046875 0.4404296875 0.0419921875 0.05078125
0 0.0263671875 0.578125 0.052734375 0.0390625
0 0.62451171875 0.619140625 0.0556640625 0.076171875
0 0.072265625 0.548828125 0.07421875 0.05078125
0 0.40087890625 0.134765625 0.0654296875 0.06640625
0 0.8134765625 0.84423828125 0.052734375 0.1064453125
0 0.33642578125 0.08349609375 0.0458984375 0.0712890625
0 0.0498046875 0.0458984375 0.064453125 0.091796875
0 0.1708984375 0.26513671875 0.041015625 0.0361328125
0 0.87744140625 0.9775390625 0.1181640625 0.044921875
0 0.02001953125 0.7548828125 0.0322265625 0.021484375
0 0.7197265625 0.1904296875 0.05859375 0.046875
0 0.1474609375 0.22265625 0.080078125 0.048828125
0 0.4736328125 0.4482421875 0.060546875 0.119140625
0 0.69970703125 0.109375 0.0361328125 0.08203125
0 0.10009765625 0.68505859375 0.0458984375 0.0615234375
0 0.58544921875 0.427734375 0.0634765625 0.125
0 0.8974609375 0.01904296875 0.02734375 0.0322265625
0 0.7490234375 0.04248046875 0.05859375 0.0439453125
0 0.36181640625 0.04052734375 0.0478515625 0.0771484375
0 0.14013671875 0.95068359375 0.0380859375 0.0244140625
0 0.97412109375 0.6572265625 0.0517578125 0.044921875
0 0.60498046875 0.91015625 0.0712890625 0.04296875
0 0.8896484375 0.5341796875 0.041015625 0.06640625
0 0.62255859375 0.0869140625 0.0361328125 0.05078125
0 0.13232421875 0.10498046875 0.0673828125 0.1064453125
0 0.89453125 0.06884765625 0.0546875 0.0654296875
0 0.6689453125 0.890625 0.0703125 0.046875
0 0.7138671875 0.36328125 0.091796875 0.095703125
0 0.4326171875 0.2685546875 0.037109375 0.072265625
0 0.7587890625 0.46630859375 0.0625 0.0615234375
0 0.8349609375 0.4736328125 0.08203125 0.109375
0 0.2001953125 0.6123046875 0.05078125 0.04296875
0 0.85595703125 0.20947265625 0.0361328125 0.0361328125
0 0.4794921875 0.09912109375 0.044921875 0.0556640625
0 0.75 0.7197265625 0.060546875 0.037109375
0 0.83056640625 0.73681640625 0.0380859375 0.0361328125
