0 0.03857421875 0.064453125 0.0751953125 0.12890625
0 0.1328125 0.9521484375 0.107421875 0.09375
0 0.2080078125 0.87548828125 0.060546875 0.0634765625
0 0.93603515625 0.3818359375 0.0908203125 0.087890625
0 0.0908203125 0.36572265625 0.05859375 0.0576171875
0 0.3974609375 0.27490234375 0.08984375 0.0751953125
0 0.0673828125 0.3232421875 0.0703125 0.064453125
0 0.35107421875 0.3662109375 0.1083984375 0.087890625
0 0.47998046875 0.31201171875 0.0634765625 0.0986328125
0 0.1123046875 0.1435546875 0.087890625 0.072265625
0 0.115234375 0.212890625 0.142578125 0.076171875
0 0.38037109375 0.78857421875 0.0615234375 0.0595703125
0 0.5673828125 0.93798828125 0.08984375 0.0498046875
0 0.33056640625 0.19091796875 0.1083984375 0.0634765625
0 0.5283203125 0.466796875 0.052734375 0.0546875
0 0.037109375 0.65869140625 0.07421875 0.0693359375
0 0.72265625 0.3486328125 0.064453125 0.080078125
0 0.38720703125 0.5341796875 0.0556640625 0.06640625
0 0.1884765625 0.28857421875 0.052734375 0.0576171875
0 0.0263671875 0.2607421875 0.052734375 0.126953125
0 0.75244140625 0.24853515625 0.0654296875 0.0986328125
0 0.27880859375 0.5087890625 0.1083984375 0.095703125
0 0.4423828125 0.666015625 0.095703125 0.08203125
0 0.81640625 0.4677734375 0.056640625 0.064453125
0 0.6044921875 0.88427734375 0.060546875 0.0537109375
0 0.12548828125 0.32470703125 0.0478515625 0.0673828125
0 0.6943359375 0.0615234375 0.056640625 0.064453125
0 0.19677734375 0.0361328125 0.0400390625 0.072265625
0 0.333984375 0.8681640625 0.060546875 0.060546875
0 0.96826171875 0.5078125 0.0615234375 0.05078125
0 0.43798828125 0.43701171875 0.0830078125 0.0693359375
0 0.2998046875 0.79638671875 0.060546875 0.0810546875
0 0.5263671875 0.7783203125 0.064453125 0.0625
0 0.77783203125 0.58642578125 0.1044921875 0.0595703125
