0 0.09033203125 0.23388671875 0.0791015625 0.0986328125
0 0.02587890625 0.951171875 0.0478515625 0.078125
0 0.01708984375 0.89013671875 0.0263671875 0.0341796875
0 0.587890625 0.4326171875 0.080078125 0.064453125
0 0.52783203125 0.14306640625 0.0791015625 0.0595703125
0 0.2578125 0.3271484375 0.08203125 0.056640625
0 0.318359375 0.197265625 0.072265625 0.056640625
0 0.72607421875 0.72412109375 0.1025390625 0.0673828125
0 0.96630859375 0.96875 0.0673828125 0.05859375
0 0.4853515625 0.54296875 0.09375 0.11328125
0 0.099609375 0.14208984375 0.060546875 0.0849609375
0 0.603515625 0.05029296875 0.095703125 0.1005859375
0 0.7275390625 0.13232421875 0.064453125 0.0498046875
0 0.3076171875 0.51513671875 0.07421875 0.0693359375
0 0.89697265625 0.23486328125 0.0888671875 0.0634765625
0 0.4140625 0.14208984375 0.083984375 0.0537109375
0 0.5126953125 0.259765625 0.06640625 0.0546875
0 0.0146484375 0.25634765625 0.029296875 0.0361328125
0 0.7294921875 0.62744140625 0.11328125 0.0791015625
0 0.4033203125 0.47705078125 0.1015625 0.0888671875
0 0.94580078125 0.1396484375 0.0869140625 0.064453125
0 0.9677734375 0.615234375 0.0625 0.05859375
0 0.6025390625 0.23193359375 0.08984375 0.0654296875
0 0.1982421875 0.27099609375 0.064453125 0.0537109375
0 0.6494140625 0.9619140625 0.1171875 0.076171875
0 0.09375 0.5234375 0.06640625 0.107421875
0 0.75732421875 0.07080078125 0.0400390625 0.0458984375
0 0.8623046875 0.4169921875 0.107421875 0.07421875
0 0.251953125 0.11865234375 0.107421875 0.0634765625
0 0.3173828125 0.84375 0.05078125 0.044921875
0 0.6162109375 0.4091796875 0.134765625 0.05859375
0 0.2275390625 0.427734375 0.0859375 0.07421875
0 0.90478515625 0.81884765625 0.1083984375 0.0927734375
0 0.02978515625 0.32861328125 0.0478515625 0.0400390625
