0 0.09375 0.03125 0.109375 0.0625
0 0.36328125 0.0654296875 0.08984375 0.130859375
0 0.6259765625 0.1279296875 0.111328125 0.099609375
0 0.7548828125 0.1005859375 0.169921875 0.091796875
0 0.7119140625 0.1689453125 0.138671875 0.087890625
0 0.8564453125 0.2392578125 0.134765625 0.083984375
0 0.9677734375 0.1376953125 0.064453125 0.119140625
0 0.2431640625 0.2451171875 0.076171875 0.130859375
0 0.47265625 0.443359375 0.0859375 0.18359375
0 0.4169921875 0.595703125 0.158203125 0.08203125
0 0.103515625 0.6181640625 0.10546875 0.087890625
0 0.068359375 0.685546875 0.0703125 0.06640625
0 0.0283203125 0.7109375 0.056640625 0.08203125
0 0.2265625 0.8095703125 0.09765625 0.107421875
0 0.0322265625 0.8369140625 0.064453125 0.099609375
0 0.029296875 0.9658203125 0.05859375 0.068359375
0 0.1689453125 0.87890625 0.185546875 0.10546875
0 0.3203125 0.939453125 0.08984375 0.12109375
0 0.4931640625 0.8271484375 0.119140625 0.115234375
0 0.5732421875 0.767578125 0.154296875 0.08203125
0 0.8291015625 0.93359375 0.177734375 0.0859375
0 0.8193359375 0.8583984375 0.076171875 0.080078125
0 0.9326171875 0.7880859375 0.134765625 0.087890625
0 0.96875 0.70703125 0.0625 0.0859375
0 0.90234375 0.681640625 0.109375 0.13671875
0 0.994140625 0.625 0.01171875 0.03515625
0 0.7412109375 0.01171875 0.107421875 0.0234375
