0 0.50048828125 0.12890625 0.0400390625 0.052734375
0 0.822265625 0.4150390625 0.04296875 0.025390625
0 0.43310546875 0.03173828125 0.0498046875 0.0634765625
0 0.54150390625 0.462890625 0.0634765625 0.037109375
0 0.92724609375 0.96923828125 0.0361328125 0.0498046875
0 0.521484375 0.595703125 0.0625 0.083984375
0 0.892578125 0.728515625 0.05078125 0.07421875
0 0.6064453125 0.15673828125 0.0546875 0.0830078125
0 0.59423828125 0.0283203125 0.0830078125 0.056640625
0 0.82763671875 0.4912109375 0.0537109375 0.0625
0 0.40673828125 0.60595703125 0.0498046875 0.0576171875
0 0.69482421875 0.560546875 0.0615234375 0.134765625
0 0.4248046875 0.88671875 0.09375 0.056640625
0 0.65185546875 0.650390625 0.0732421875 0.087890625
0 0.7421875 0.08203125 0.064453125 0.064453125
0 0.89306640625 0.34423828125 0.1416015625 0.1435546875
0 0.0830078125 0.05859375 0.048828125 0.087890625
0 0.74755859375 0.95458984375 0.0517578125 0.0478515625
0 0.2958984375 0.7890625 0.0859375 0.05078125
0 0.236328125 0.587890625 0.068359375 0.0546875
0 0.1240234375 0.9697265625 0.064453125 0.03125
0 0.97998046875 0.1181640625 0.0361328125 0.056640625
0 0.0361328125 0.02734375 0.072265625 0.0546875
0 0.20166015625 0.69970703125 0.0654296875 0.0419921875
0 0.22265625 0.63720703125 0.060546875 0.0810546875
0 0.59619140625 0.6416015625 0.0302734375 0.091796875
0 0.85693359375 0.10205078125 0.0458984375 0.0673828125
0 0.060546875 0.1083984375 0.080078125 0.052734375
0 0.958984375 0.06103515625 0.046875 0.0537109375
0 0.65771484375 0.30712890625 0.0634765625 0.0517578125
0 0.0888671875 0.7275390625 0.029296875 0.0390625
0 0.34912109375 0.6474609375 0.0537109375 0.060546875
0 0.0185546875 0.548828125 0.037109375 0.087890625
0 0.42138671875 0.94580078125 0.1455078125 0.0986328125
0 0.81396484375 0.55859375 0.0849609375 0.056640625
0 0.45361328125 0.60498046875 0.0517578125 0.0458984375
0 0.7509765625 0.48095703125 0.041015625 0.1064453125
0 0.15283203125 0.4140625 0.0771484375 0.09375
0 0.60791015625 0.26708984375 0.0517578125 0.0517578125
0 0.1591796875 0.28125 0.06640625 0.0703125
0 0.18798828125 0.06494140625 0.0576171875 0.0263671875
0 0.5078125 0.16162109375 0.033203125 0.0341796875
0 0.77490234375 0.35205078125 0.0419921875 0.0673828125
0 0.22314453125 0.2998046875 0.0439453125 0.05859375
0 0.68017578125 0.2255859375 0.0634765625 0.078125
0 0.5107421875 0.693359375 0.041015625 0.0390625
0 0.2470703125 0.85888671875 0.068359375 0.0966796875
0 0.80615234375 0.81689453125 0.0673828125 0.0419921875
0 0.96826171875 0.90234375 0.0458984375 0.052734375
0 0.21728515625 0.408203125 0.0888671875 0.046875
0 0.7177734375 0.5234375 0.05078125 0.072265625
0 0.06201171875 0.34521484375 0.0771484375 0.0693359375
0 0.8056640625 0.95849609375 0.05859375 0.0537109375
0 0.76953125 0.625 0.056640625 0.052734375
0 0.974609375 0.67578125 0.05078125 0.0546875
0 0.634765625 0.43994140625 0.044921875 0.0322265625
0 0.908203125 0.2294921875 0.0859375 0.0703125
0 0.9296875 0.57177734375 0.04296875 0.0458984375
0 0.23046875 0.37158203125 0.0546875 0.0458984375
0 0.38525390625 0.7568359375 0.0517578125 0.06640625
0 0.7900390625 0.0751953125 0.05859375 0.04296875
0 0.29833984375 0.66796875 0.0537109375 0.033203125
0 0.7578125 0.7578125 0.05078125 0.0625
0 0.5205078125 0.68017578125 0.041015625 0.0517578125
0 0.85546875 0.75146484375 0.052734375 0.0380859375
0 0.87158203125 0.58203125 0.0537109375 0.087890625
0 0.78125 0.373046875 0.05859375 0.0546875
