0 0.4375 0.46337890625 0.1328125 0.0615234375
0 0.76953125 0.0224609375 0.19921875 0.044921875
0 0.0673828125 0.1044921875 0.134765625 0.0703125
0 0.3271484375 0.5966796875 0.091796875 0.056640625
0 0.83740234375 0.4560546875 0.0849609375 0.08984375
0 0.5107421875 0.0234375 0.115234375 0.044921875
0 0.75439453125 0.1533203125 0.1103515625 0.056640625
0 0.1435546875 0.4833984375 0.0546875 0.052734375
0 0.123046875 0.83544921875 0.05859375 0.0888671875
0 0.9658203125 0.166015625 0.068359375 0.0625
0 0.58203125 0.71435546875 0.22265625 0.0927734375
0 0.4169921875 0.63916015625 0.134765625 0.0849609375
0 0.11572265625 0.6220703125 0.0556640625 0.0390625
0 0.5234375 0.24658203125 0.12890625 0.0576171875
0 0.88427734375 0.08740234375 0.1611328125 0.1123046875
0 0.11181640625 0.22705078125 0.1552734375 0.1103515625
0 0.9130859375 0.02490234375 0.123046875 0.0498046875
0 0.583984375 0.80078125 0.185546875 0.05078125
0 0.91064453125 0.82763671875 0.1474609375 0.0771484375
0 0.529296875 0.9013671875 0.126953125 0.05859375
0 0.4140625 0.580078125 0.08203125 0.060546875
0 0.15576171875 0.5908203125 0.0634765625 0.048828125
0 0.095703125 0.67041015625 0.1328125 0.1025390625
0 0.1572265625 0.1806640625 0.068359375 0.05078125
0 0.0283203125 0.5205078125 0.056640625 0.197265625
0 0.9609375 0.2822265625 0.078125 0.05859375
0 0.59033203125 0.9580078125 0.1416015625 0.05078125
0 0.92919921875 0.39306640625 0.1201171875 0.0673828125
0 0.951171875 0.93701171875 0.09765625 0.1005859375
0 0.2861328125 0.970703125 0.205078125 0.05859375
0 0.912109375 0.6572265625 0.17578125 0.064453125
0 0.79443359375 0.66943359375 0.2099609375 0.1142578125
0 0.61328125 0.41259765625 0.1640625 0.0986328125
0 0.1943359375 0.6796875 0.115234375 0.0546875
0 0.30810546875 0.40869140625 0.0830078125 0.1025390625
0 0.5556640625 0.4208984375 0.123046875 0.080078125
0 0.3740234375 0.0771484375 0.083984375 0.068359375
0 0.24560546875 0.7724609375 0.0458984375 0.06640625
0 0.9736328125 0.52197265625 0.052734375 0.0654296875
0 0.94482421875 0.06787109375 0.1103515625 0.0810546875
0 0.59130859375 0.02294921875 0.1318359375 0.0458984375
0 0.74462890625 0.96240234375 0.1064453125 0.0537109375
0 0.25439453125 0.314453125 0.0947265625 0.07421875
0 0.28076171875 0.90576171875 0.2783203125 0.0927734375
0 0.35107421875 0.51806640625 0.1025390625 0.1005859375
0 0.34814453125 0.84814453125 0.1474609375 0.1923828125
0 0.904296875 0.62841796875 0.115234375 0.0830078125
0 0.79736328125 0.20703125 0.1201171875 0.095703125
0 0.2431640625 0.4794921875 0.072265625 0.109375
0 0.8310546875 0.3779296875 0.1171875 0.09765625
0 0.3564453125 0.1953125 0.134765625 0.060546875
0 0.48193359375 0.7333984375 0.1044921875 0.0546875
0 0.38330078125 0.2451171875 0.1474609375 0.06640625
0 0.705078125 0.515625 0.06640625 0.05078125
