0 0.2138671875 0.07666015625 0.03125 0.1513671875
0 0.06982421875 0.037109375 0.0634765625 0.07421875
0 0.044921875 0.1474609375 0.087890625 0.181640625
0 0.42919921875 0.05322265625 0.0927734375 0.1064453125
0 0.14111328125 0.34521484375 0.0595703125 0.2705078125
0 0.2685546875 0.22802734375 0.021484375 0.0712890625
0 0.28466796875 0.3291015625 0.0849609375 0.13671875
0 0.27685546875 0.37841796875 0.0576171875 0.1064453125
0 0.47607421875 0.29736328125 0.1142578125 0.1943359375
0 0.21435546875 0.52099609375 0.0693359375 0.0400390625
0 0.029296875 0.60009765625 0.05859375 0.0791015625
0 0.095703125 0.591796875 0.044921875 0.20703125
0 0.0244140625 0.76123046875 0.048828125 0.0537109375
0 0.11083984375 0.7138671875 0.0302734375 0.07421875
0 0.09765625 0.78564453125 0.029296875 0.0712890625
0 0.1484375 0.78125 0.060546875 0.181640625
0 0.22705078125 0.7705078125 0.1025390625 0.099609375
0 0.32861328125 0.57763671875 0.1435546875 0.1904296875
0 0.27685546875 0.69287109375 0.0380859375 0.0556640625
0 0.3115234375 0.72021484375 0.033203125 0.1396484375
0 0.35595703125 0.6455078125 0.0673828125 0.1796875
0 0.45947265625 0.5712890625 0.0283203125 0.048828125
0 0.46826171875 0.6025390625 0.1708984375 0.193359375
0 0.4248046875 0.69384765625 0.072265625 0.1103515625
0 0.51904296875 0.6005859375 0.1064453125 0.169921875
0 0.458984375 0.4296875 0.134765625 0.26953125
0 0.0322265625 0.9482421875 0.052734375 0.103515625
0 0.17626953125 0.91552734375 0.0283203125 0.0634765625
0 0.11083984375 0.8876953125 0.0888671875 0.095703125
0 0.3037109375 0.95849609375 0.185546875 0.0830078125
0 0.3740234375 0.95849609375 0.083984375 0.0830078125
0 0.55517578125 0.86376953125 0.0478515625 0.1943359375
0 0.6220703125 0.01123046875 0.04296875 0.0224609375
0 0.6826171875 0.1259765625 0.1328125 0.25
0 0.84375 0.01708984375 0.029296875 0.0341796875
0 0.9560546875 0.12890625 0.0859375 0.224609375
0 0.96923828125 0.21044921875 0.0556640625 0.1064453125
0 0.6533203125 0.1005859375 0.029296875 0.0390625
0 0.8095703125 0.09912109375 0.08203125 0.0869140625
0 0.8564453125 0.12646484375 0.056640625 0.1904296875
0 0.8447265625 0.26953125 0.111328125 0.181640625
0 0.830078125 0.33154296875 0.029296875 0.0263671875
0 0.80224609375 0.19873046875 0.0322265625 0.1142578125
0 0.81884765625 0.240234375 0.0302734375 0.08203125
0 0.900390625 0.265625 0.033203125 0.10546875
0 0.8681640625 0.32470703125 0.037109375 0.2158203125
0 0.908203125 0.3330078125 0.041015625 0.0625
0 0.9306640625 0.36474609375 0.107421875 0.1494140625
0 0.7587890625 0.29638671875 0.07421875 0.1396484375
0 0.57080078125 0.341796875 0.0947265625 0.25
0 0.61572265625 0.3388671875 0.0537109375 0.1875
0 0.662109375 0.9482421875 0.07421875 0.103515625
0 0.63037109375 0.9169921875 0.0654296875 0.1640625
0 0.6337890625 0.6689453125 0.126953125 0.140625
0 0.578125 0.6484375 0.046875 0.109375
0 0.857421875 0.79052734375 0.060546875 0.1767578125
0 0.96728515625 0.69921875 0.0654296875 0.1171875
0 0.94482421875 0.59130859375 0.0712890625 0.0966796875
0 0.916015625 0.57421875 0.048828125 0.1484375
0 0.87109375 0.58349609375 0.0390625 0.1064453125
0 0.6455078125 0.47998046875 0.08203125 0.1513671875
0 0.6875 0.533203125 0.0390625 0.119140625
0 0.68017578125 0.45703125 0.1025390625 0.193359375
0 0.75927734375 0.46484375 0.0517578125 0.197265625
0 0.8642578125 0.52685546875 0.037109375 0.1220703125
0 0.00634765625 0.26611328125 0.0126953125 0.1279296875
0 0.50732421875 0.49169921875 0.0419921875 0.1103515625
0 0.0908203125 0.82470703125 0.02734375 0.0322265625
0 0.0107421875 0.0361328125 0.021484375 0.0625
