0 0.861328125 0.9169921875 0.05859375 0.046875
0 0.66357421875 0.87109375 0.0595703125 0.046875
0 0.72216796875 0.87890625 0.0478515625 0.05078125
0 0.7119140625 0.7900390625 0.056640625 0.048828125
0 0.794921875 0.75390625 0.103515625 0.05859375
0 0.89599609375 0.6767578125 0.0341796875 0.033203125
0 0.7724609375 0.66357421875 0.056640625 0.0380859375
0 0.74658203125 0.59375 0.0595703125 0.056640625
0 0.70703125 0.64306640625 0.04296875 0.0439453125
0 0.67822265625 0.66943359375 0.0244140625 0.0244140625
0 0.5380859375 0.87548828125 0.04296875 0.0322265625
0 0.4892578125 0.91259765625 0.03515625 0.0380859375
0 0.318359375 0.78955078125 0.064453125 0.0458984375
0 0.47314453125 0.71240234375 0.0419921875 0.0419921875
0 0.3779296875 0.7900390625 0.03125 0.048828125
0 0.533203125 0.78466796875 0.04296875 0.0380859375
0 0.57421875 0.748046875 0.03515625 0.052734375
0 0.54248046875 0.6904296875 0.0517578125 0.033203125
0 0.44140625 0.59716796875 0.060546875 0.0498046875
0 0.49072265625 0.5732421875 0.1025390625 0.052734375
0 0.546875 0.59619140625 0.103515625 0.0498046875
0 0.5458984375 0.4697265625 0.091796875 0.048828125
0 0.6416015625 0.47802734375 0.044921875 0.0478515625
0 0.79248046875 0.47412109375 0.0400390625 0.0478515625
0 0.81640625 0.41162109375 0.033203125 0.0400390625
0 0.884765625 0.34765625 0.0625 0.04296875
0 0.80126953125 0.28466796875 0.0576171875 0.0302734375
0 0.4853515625 0.2763671875 0.080078125 0.05859375
0 0.30078125 0.3798828125 0.052734375 0.115234375
0 0.37353515625 0.37109375 0.0322265625 0.08203125
0 0.42529296875 0.41748046875 0.0517578125 0.0693359375
0 0.3955078125 0.5029296875 0.0546875 0.056640625
0 0.32958984375 0.5615234375 0.0380859375 0.078125
0 0.25341796875 0.60009765625 0.0498046875 0.0634765625
0 0.54150390625 0.4130859375 0.0673828125 0.076171875
0 0.07568359375 0.70703125 0.0810546875 0.064453125
0 0.13525390625 0.6396484375 0.0908203125 0.052734375
0 0.07763671875 0.59326171875 0.0439453125 0.0654296875
0 0.119140625 0.34716796875 0.04296875 0.0751953125
0 0.07177734375 0.32421875 0.0732421875 0.05859375
0 0.17529296875 0.36669921875 0.0791015625 0.0654296875
0 0.15478515625 0.2578125 0.0537109375 0.05859375
0 0.1376953125 0.09130859375 0.0546875 0.0478515625
0 0.21875 0.13916015625 0.04296875 0.0673828125
0 0.28271484375 0.16015625 0.0458984375 0.037109375
0 0.5126953125 0.03662109375 0.06640625 0.0732421875
0 0.5634765625 0.14208984375 0.072265625 0.0439453125
0 0.6923828125 0.11474609375 0.05078125 0.0673828125
0 0.6943359375 0.21728515625 0.060546875 0.0615234375
0 0.89892578125 0.18994140625 0.0810546875 0.0634765625
0 0.31689453125 0.17431640625 0.0400390625 0.0380859375
0 0.2607421875 0.23828125 0.033203125 0.033203125
0 0.7392578125 0.255859375 0.0390625 0.0625
0 0.64208984375 0.1474609375 0.0595703125 0.044921875
0 0.322265625 0.75634765625 0.021484375 0.0205078125
0 0.91162109375 0.103515625 0.0341796875 0.072265625
0 0.3583984375 0.92724609375 0.0625 0.0244140625
0 0.43701171875 0.54296875 0.0654296875 0.03515625
0 0.095703125 0.11279296875 0.041015625 0.0458984375
0 0.90771484375 0.49365234375 0.0322265625 0.0810546875
0 0.77734375 0.51708984375 0.046875 0.0439453125
0 0.26708984375 0.548828125 0.0458984375 0.041015625
0 0.841796875 0.630859375 0.037109375 0.04296875
0 0.9013671875 0.62939453125 0.0390625 0.0400390625
