0 0.64404296875 0.66259765625 0.1025390625 0.1591796875
0 0.7021484375 0.46826171875 0.048828125 0.0439453125
0 0.03466796875 0.28857421875 0.0478515625 0.1103515625
0 0.09326171875 0.6220703125 0.0556640625 0.10546875
0 0.037109375 0.5654296875 0.07421875 0.109375
0 0.82373046875 0.97216796875 0.1298828125 0.0556640625
0 0.96240234375 0.6142578125 0.0751953125 0.146484375
0 0.83447265625 0.5732421875 0.0888671875 0.091796875
0 0.18359375 0.9677734375 0.107421875 0.064453125
0 0.97900390625 0.94140625 0.0419921875 0.1171875
0 0.4677734375 0.4013671875 0.111328125 0.11328125
0 0.75927734375 0.8076171875 0.1064453125 0.171875
0 0.8564453125 0.76904296875 0.09765625 0.1845703125
0 0.4833984375 0.9541015625 0.142578125 0.08984375
0 0.958984375 0.40185546875 0.08203125 0.0712890625
0 0.90283203125 0.08203125 0.0673828125 0.068359375
0 0.29541015625 0.05224609375 0.0830078125 0.0673828125
0 0.748046875 0.14501953125 0.083984375 0.0849609375
0 0.7578125 0.02685546875 0.072265625 0.0537109375
0 0.84814453125 0.20263671875 0.0947265625 0.0654296875
0 0.0244140625 0.49365234375 0.046875 0.0634765625
0 0.56591796875 0.3544921875 0.0888671875 0.083984375
0 0.6640625 0.2724609375 0.14453125 0.12109375
0 0.181640625 0.26171875 0.091796875 0.056640625
0 0.236328125 0.69287109375 0.140625 0.0751953125
0 0.60986328125 0.07470703125 0.0869140625 0.0634765625
0 0.81884765625 0.630859375 0.0673828125 0.068359375
0 0.033203125 0.04052734375 0.06640625 0.0810546875
0 0.05712890625 0.15625 0.0673828125 0.099609375
0 0.1162109375 0.86767578125 0.1171875 0.0693359375
0 0.60302734375 0.900390625 0.0927734375 0.18359375
0 0.37646484375 0.20849609375 0.1181640625 0.0751953125
0 0.41748046875 0.0791015625 0.0888671875 0.048828125
0 0.24267578125 0.8779296875 0.1474609375 0.07421875
0 0.43896484375 0.27978515625 0.0927734375 0.0791015625
0 0.47216796875 0.68701171875 0.1181640625 0.1162109375
