0 0.1708984375 0.98974609375 0.0703125 0.0205078125
0 0.56396484375 0.8447265625 0.0869140625 0.072265625
0 0.978515625 0.974609375 0.04296875 0.05078125
0 0.91015625 0.6640625 0.080078125 0.064453125
0 0.6103515625 0.92236328125 0.1015625 0.0927734375
0 0.34765625 0.51806640625 0.107421875 0.1142578125
0 0.7177734375 0.7822265625 0.146484375 0.068359375
0 0.7216796875 0.47607421875 0.10546875 0.0595703125
0 0.0439453125 0.9404296875 0.087890625 0.068359375
0 0.73828125 0.69921875 0.095703125 0.0703125
0 0.16357421875 0.33837890625 0.0791015625 0.0947265625
0 0.9248046875 0.1748046875 0.072265625 0.078125
0 0.7529296875 0.96044921875 0.111328125 0.0791015625
0 0.54345703125 0.70751953125 0.0966796875 0.0888671875
0 0.03564453125 0.0947265625 0.0712890625 0.1328125
0 0.77392578125 0.54931640625 0.0751953125 0.0908203125
0 0.93701171875 0.27392578125 0.0693359375 0.0908203125
0 0.1767578125 0.7255859375 0.123046875 0.1484375
0 0.74560546875 0.17431640625 0.0771484375 0.0634765625
0 0.56494140625 0.08349609375 0.1865234375 0.0810546875
0 0.4814453125 0.95947265625 0.103515625 0.0712890625
0 0.478515625 0.8564453125 0.1171875 0.10546875
0 0.927734375 0.0341796875 0.109375 0.068359375
0 0.04052734375 0.869140625 0.0810546875 0.056640625
