0 0.5078125 0.5869140625 0.279296875 0.126953125
0 0.69287109375 0.0595703125 0.3134765625 0.119140625
0 0.634765625 0.0263671875 0.26953125 0.052734375
0 0.955078125 0.03564453125 0.08984375 0.0712890625
0 0.8427734375 0.212890625 0.240234375 0.0859375
0 0.13232421875 0.056640625 0.0439453125 0.11328125
0 0.11279296875 0.05517578125 0.0439453125 0.1103515625
0 0.0751953125 0.03955078125 0.0390625 0.0791015625
0 0.048828125 0.05126953125 0.08203125 0.1025390625
0 0.1689453125 0.23779296875 0.337890625 0.0751953125
0 0.3408203125 0.29150390625 0.251953125 0.0947265625
0 0.2333984375 0.48291015625 0.24609375 0.0908203125
0 0.060546875 0.4775390625 0.12109375 0.125
0 0.04931640625 0.587890625 0.0986328125 0.080078125
0 0.09130859375 0.6611328125 0.1103515625 0.298828125
0 0.0859375 0.78369140625 0.171875 0.1767578125
0 0.1337890625 0.72021484375 0.267578125 0.1494140625
0 0.228515625 0.888671875 0.0703125 0.22265625
0 0.08935546875 0.96728515625 0.0517578125 0.0634765625
0 0.09716796875 0.9365234375 0.1923828125 0.123046875
0 0.2685546875 0.951171875 0.033203125 0.095703125
0 0.37841796875 0.759765625 0.1220703125 0.26171875
0 0.4951171875 0.9296875 0.05859375 0.138671875
0 0.5625 0.90234375 0.0625 0.1953125
0 0.2568359375 0.49609375 0.193359375 0.310546875
0 0.513671875 0.35400390625 0.30859375 0.0634765625
0 0.38134765625 0.4921875 0.3994140625 0.13671875
0 0.7666015625 0.3291015625 0.158203125 0.123046875
0 0.8544921875 0.38720703125 0.248046875 0.0478515625
0 0.90234375 0.453125 0.1953125 0.060546875
0 0.931640625 0.5390625 0.13671875 0.060546875
0 0.880859375 0.59765625 0.23828125 0.18359375
0 0.8779296875 0.62109375 0.087890625 0.302734375
0 0.7607421875 0.7197265625 0.216796875 0.208984375
0 0.83984375 0.81640625 0.3046875 0.123046875
0 0.935546875 0.91650390625 0.07421875 0.1650390625
0 0.98046875 0.8232421875 0.037109375 0.16796875
0 0.59423828125 0.69482421875 0.2626953125 0.3017578125
0 0.53369140625 0.62158203125 0.2822265625 0.1611328125
0 0.39111328125 0.62158203125 0.2197265625 0.2587890625
0 0.66943359375 0.4609375 0.3603515625 0.1640625
0 0.5869140625 0.46484375 0.3203125 0.130859375
0 0.4423828125 0.041015625 0.029296875 0.08203125
0 0.75927734375 0.46142578125 0.0869140625 0.0478515625
0 0.0166015625 0.20556640625 0.033203125 0.0244140625
