0 0.763671875 0.9267578125 0.044921875 0.0703125
0 0.93408203125 0.77001953125 0.0244140625 0.0849609375
0 0.97119140625 0.71533203125 0.0556640625 0.0595703125
0 0.0556640625 0.51904296875 0.0390625 0.0302734375
0 0.8203125 0.47705078125 0.041015625 0.0419921875
0 0.48876953125 0.6923828125 0.0556640625 0.056640625
0 0.5302734375 0.29541015625 0.03125 0.0400390625
0 0.27880859375 0.0732421875 0.0439453125 0.03125
0 0.404296875 0.4443359375 0.083984375 0.037109375
0 0.86865234375 0.88330078125 0.0419921875 0.0322265625
0 0.82666015625 0.07958984375 0.0634765625 0.0400390625
0 0.52392578125 0.8828125 0.0380859375 0.05078125
0 0.5771484375 0.52734375 0.068359375 0.046875
0 0.66455078125 0.40576171875 0.0869140625 0.0615234375
0 0.97705078125 0.8515625 0.0458984375 0.05859375
0 0.3505859375 0.51611328125 0.072265625 0.0615234375
0 0.0224609375 0.89111328125 0.044921875 0.0458984375
0 0.01708984375 0.69970703125 0.0341796875 0.0556640625
0 0.9794921875 0.05810546875 0.0390625 0.0419921875
0 0.66064453125 0.6142578125 0.0517578125 0.107421875
0 0.67333984375 0.23291015625 0.0263671875 0.0380859375
0 0.02734375 0.95947265625 0.0546875 0.0654296875
0 0.49951171875 0.10595703125 0.0478515625 0.0185546875
0 0.17138671875 0.3134765625 0.0927734375 0.03125
0 0.294921875 0.90185546875 0.046875 0.0458984375
0 0.6552734375 0.92041015625 0.044921875 0.0478515625
0 0.5830078125 0.6923828125 0.052734375 0.03125
0 0.966796875 0.91552734375 0.06640625 0.0556640625
0 0.55859375 0.6298828125 0.05078125 0.04296875
0 0.36572265625 0.64208984375 0.0927734375 0.0498046875
0 0.54931640625 0.09130859375 0.0634765625 0.0322265625
0 0.89501953125 0.23974609375 0.0283203125 0.0205078125
0 0.828125 0.19384765625 0.025390625 0.0205078125
0 0.341796875 0.12109375 0.0234375 0.021484375
0 0.7177734375 0.91650390625 0.048828125 0.0712890625
0 0.84375 0.673828125 0.029296875 0.05859375
0 0.84814453125 0.513671875 0.0615234375 0.03125
0 0.4501953125 0.91064453125 0.044921875 0.0810546875
0 0.69482421875 0.625 0.0439453125 0.046875
0 0.4443359375 0.94873046875 0.10546875 0.1025390625
0 0.73388671875 0.60595703125 0.0498046875 0.0693359375
0 0.70947265625 0.1787109375 0.0478515625 0.0546875
0 0.15087890625 0.7548828125 0.1005859375 0.103515625
0 0.5498046875 0.34033203125 0.052734375 0.0283203125
0 0.42138671875 0.8154296875 0.0986328125 0.0625
0 0.61474609375 0.84423828125 0.0869140625 0.0517578125
0 0.47021484375 0.09228515625 0.0595703125 0.0419921875
0 0.78271484375 0.60302734375 0.0478515625 0.0556640625
