0 0.59912109375 0.75341796875 0.0634765625 0.0537109375
0 0.49267578125 0.18701171875 0.0673828125 0.0615234375
0 0.13720703125 0.73193359375 0.0478515625 0.0478515625
0 0.63818359375 0.8642578125 0.0849609375 0.080078125
0 0.1572265625 0.87451171875 0.056640625 0.0537109375
0 0.03466796875 0.283203125 0.0537109375 0.04296875
0 0.54052734375 0.34716796875 0.0517578125 0.0478515625
0 0.7314453125 0.486328125 0.09765625 0.064453125
0 0.189453125 0.310546875 0.03515625 0.0390625
0 0.28662109375 0.93994140625 0.0791015625 0.0537109375
0 0.03759765625 0.451171875 0.0712890625 0.05078125
0 0.33447265625 0.7490234375 0.0712890625 0.0546875
0 0.7080078125 0.86376953125 0.068359375 0.0419921875
0 0.97216796875 0.36572265625 0.0556640625 0.0966796875
0 0.34716796875 0.3447265625 0.0302734375 0.029296875
0 0.44677734375 0.23974609375 0.0478515625 0.0458984375
0 0.7001953125 0.015625 0.064453125 0.03125
0 0.88623046875 0.02490234375 0.0888671875 0.0498046875
0 0.7724609375 0.7734375 0.080078125 0.044921875
0 0.7392578125 0.67578125 0.048828125 0.048828125
0 0.03955078125 0.8271484375 0.0498046875 0.044921875
0 0.24951171875 0.02197265625 0.0751953125 0.0439453125
0 0.90576171875 0.5654296875 0.1220703125 0.0625
0 0.6162109375 0.04736328125 0.033203125 0.0380859375
0 0.53125 0.66943359375 0.095703125 0.0556640625
0 0.83203125 0.62353515625 0.064453125 0.0712890625
0 0.27783203125 0.3779296875 0.0517578125 0.048828125
0 0.84716796875 0.2490234375 0.0517578125 0.064453125
0 0.9755859375 0.9580078125 0.046875 0.03515625
0 0.38916015625 0.349609375 0.0322265625 0.03125
0 0.919921875 0.08935546875 0.052734375 0.0615234375
0 0.92822265625 0.84814453125 0.1181640625 0.0849609375
0 0.34619140625 0.98681640625 0.0537109375 0.0244140625
0 0.177734375 0.822265625 0.05078125 0.076171875
0 0.39404296875 0.146484375 0.0634765625 0.046875
0 0.080078125 0.17431640625 0.072265625 0.0576171875
0 0.5087890625 0.55419921875 0.107421875 0.0869140625
0 0.54150390625 0.4794921875 0.0595703125 0.041015625
0 0.86572265625 0.36669921875 0.0732421875 0.0263671875
0 0.9521484375 0.537109375 0.09375 0.064453125
0 0.134765625 0.0771484375 0.087890625 0.10546875
0 0.705078125 0.93603515625 0.064453125 0.0732421875
0 0.94970703125 0.05029296875 0.0380859375 0.0361328125
0 0.90283203125 0.7021484375 0.0849609375 0.056640625
0 0.59716796875 0.654296875 0.0576171875 0.05859375
0 0.0439453125 0.47802734375 0.06640625 0.0341796875
0 0.73828125 0.296875 0.060546875 0.064453125
0 0.564453125 0.20361328125 0.048828125 0.0478515625
0 0.8408203125 0.720703125 0.064453125 0.052734375
0 0.20654296875 0.40380859375 0.0576171875 0.0576171875
0 0.63818359375 0.25146484375 0.0556640625 0.0576171875
0 0.34375 0.2041015625 0.06640625 0.06640625
0 0.41259765625 0.98193359375 0.0771484375 0.0341796875
0 0.287109375 0.31103515625 0.064453125 0.0537109375
0 0.2490234375 0.20361328125 0.046875 0.0771484375
0 0.9638671875 0.775390625 0.072265625 0.068359375
0 0.87744140625 0.8623046875 0.0654296875 0.052734375
0 0.53759765625 0.9248046875 0.1279296875 0.076171875
0 0.39208984375 0.01171875 0.0439453125 0.0234375
0 0.10791015625 0.2705078125 0.0732421875 0.048828125
