0 0.59912109375 0.9013671875 0.1279296875 0.181640625
0 0.75634765625 0.82666015625 0.0869140625 0.1728515625
0 0.95654296875 0.748046875 0.0869140625 0.05078125
0 0.89990234375 0.71630859375 0.0537109375 0.0927734375
0 0.8203125 0.65966796875 0.080078125 0.0869140625
0 0.72998046875 0.63525390625 0.1201171875 0.0986328125
0 0.84326171875 0.5498046875 0.0927734375 0.05859375
0 0.8583984375 0.50341796875 0.078125 0.0693359375
0 0.8056640625 0.46728515625 0.0703125 0.0380859375
0 0.7197265625 0.51611328125 0.029296875 0.0283203125
0 0.62255859375 0.451171875 0.1103515625 0.091796875
0 0.8642578125 0.19970703125 0.03125 0.0498046875
0 0.83544921875 0.08837890625 0.0537109375 0.1103515625
0 0.74365234375 0.123046875 0.0380859375 0.04296875
0 0.38525390625 0.93603515625 0.0576171875 0.0595703125
0 0.4091796875 0.9765625 0.048828125 0.046875
0 0.20703125 0.95849609375 0.080078125 0.0615234375
0 0.4599609375 0.82373046875 0.068359375 0.0673828125
0 0.359375 0.7646484375 0.068359375 0.0625
0 0.3984375 0.68798828125 0.072265625 0.1025390625
0 0.07958984375 0.70166015625 0.1591796875 0.0947265625
0 0.01220703125 0.595703125 0.0244140625 0.087890625
0 0.11279296875 0.619140625 0.0498046875 0.10546875
0 0.30810546875 0.6064453125 0.0751953125 0.068359375
0 0.3681640625 0.58544921875 0.107421875 0.0908203125
0 0.09765625 0.47021484375 0.064453125 0.0888671875
0 0.1572265625 0.4599609375 0.060546875 0.07421875
0 0.32177734375 0.48193359375 0.0634765625 0.1083984375
0 0.4794921875 0.4658203125 0.0703125 0.033203125
0 0.39404296875 0.43408203125 0.0791015625 0.0556640625
0 0.283203125 0.376953125 0.056640625 0.078125
0 0.3662109375 0.267578125 0.099609375 0.134765625
0 0.43505859375 0.29833984375 0.0419921875 0.1455078125
0 0.49267578125 0.23193359375 0.0654296875 0.0751953125
0 0.271484375 0.068359375 0.064453125 0.111328125
0 0.8369140625 0.7568359375 0.048828125 0.044921875
0 0.31884765625 0.1904296875 0.0400390625 0.0859375
0 0.28076171875 0.01708984375 0.0458984375 0.0341796875
0 0.81201171875 0.00732421875 0.0400390625 0.0146484375
0 0.34765625 0.80712890625 0.0390625 0.0322265625
0 0.70751953125 0.72216796875 0.0751953125 0.0302734375
0 0.25146484375 0.1484375 0.0576171875 0.056640625
0 0.67041015625 0.515625 0.0439453125 0.037109375
0 0.8369140625 0.4462890625 0.05078125 0.0546875
0 0.787109375 0.58154296875 0.052734375 0.0380859375
0 0.3525390625 0.9775390625 0.060546875 0.044921875
0 0.26220703125 0.79931640625 0.0400390625 0.0380859375
0 0.19140625 0.3994140625 0.11328125 0.171875
0 0.1640625 0.3046875 0.0546875 0.041015625
0 0.4287109375 0.03857421875 0.10546875 0.0771484375
0 0.52001953125 0.07177734375 0.1240234375 0.1435546875
0 0.5576171875 0.1396484375 0.087890625 0.0703125
0 0.19482421875 0.3447265625 0.0419921875 0.0390625
