0 0.4150390625 0.85009765625 0.14453125 0.0634765625
0 0.30615234375 0.82568359375 0.0771484375 0.0595703125
0 0.3603515625 0.9267578125 0.08984375 0.068359375
0 0.02099609375 0.92138671875 0.0380859375 0.0302734375
0 0.115234375 0.9541015625 0.09765625 0.033203125
0 0.65478515625 0.259765625 0.1201171875 0.119140625
0 0.2900390625 0.73095703125 0.0390625 0.0595703125
0 0.31396484375 0.17578125 0.0830078125 0.1015625
0 0.41162109375 0.267578125 0.0302734375 0.0234375
0 0.12744140625 0.451171875 0.1240234375 0.1171875
0 0.056640625 0.2314453125 0.111328125 0.125
