0 0.8154296875 0.93017578125 0.033203125 0.0224609375
0 0.8994140625 0.5927734375 0.056640625 0.04296875
0 0.884765625 0.7001953125 0.0859375 0.056640625
0 0.5 0.6328125 0.046875 0.0390625
0 0.50634765625 0.52734375 0.0478515625 0.056640625
0 0.865234375 0.81982421875 0.052734375 0.0556640625
0 0.74169921875 0.3662109375 0.0576171875 0.078125
0 0.708984375 0.49462890625 0.041015625 0.0634765625
0 0.89404296875 0.23291015625 0.0341796875 0.0400390625
0 0.36767578125 0.59765625 0.1083984375 0.05078125
0 0.40625 0.1162109375 0.05078125 0.0859375
0 0.61474609375 0.18017578125 0.0654296875 0.0380859375
0 0.35302734375 0.2802734375 0.0498046875 0.083984375
0 0.853515625 0.10791015625 0.05859375 0.0458984375
0 0.2890625 0.029296875 0.0625 0.05859375
0 0.85546875 0.009765625 0.029296875 0.01953125
0 0.693359375 0.66162109375 0.03125 0.0439453125
0 0.8994140625 0.63916015625 0.0390625 0.0498046875
0 0.9853515625 0.29052734375 0.0234375 0.0322265625
0 0.568359375 0.2509765625 0.095703125 0.05078125
0 0.9853515625 0.35888671875 0.025390625 0.0380859375
0 0.1845703125 0.03076171875 0.060546875 0.0595703125
0 0.9638671875 0.18310546875 0.072265625 0.0458984375
0 0.1064453125 0.2998046875 0.056640625 0.048828125
0 0.8115234375 0.68310546875 0.044921875 0.0341796875
0 0.43310546875 0.2685546875 0.0615234375 0.080078125
0 0.75341796875 0.50732421875 0.0478515625 0.0380859375
0 0.3505859375 0.775390625 0.05078125 0.044921875
0 0.3251953125 0.22607421875 0.0703125 0.0556640625
0 0.353515625 0.02294921875 0.041015625 0.0419921875
0 0.73974609375 0.4287109375 0.0283203125 0.03515625
0 0.7880859375 0.89990234375 0.05078125 0.0478515625
0 0.70361328125 0.4453125 0.0224609375 0.0234375
0 0.07666015625 0.07177734375 0.0712890625 0.0888671875
0 0.328125 0.47314453125 0.056640625 0.1044921875
0 0.62939453125 0.580078125 0.0654296875 0.064453125
0 0.35400390625 0.84765625 0.0361328125 0.044921875
0 0.79443359375 0.5966796875 0.0341796875 0.029296875
0 0.03857421875 0.97802734375 0.0673828125 0.0419921875
0 0.06201171875 0.517578125 0.1025390625 0.05078125
0 0.86474609375 0.28125 0.0693359375 0.0546875
0 0.38037109375 0.37646484375 0.0498046875 0.0732421875
0 0.4501953125 0.53369140625 0.048828125 0.0517578125
0 0.6357421875 0.92578125 0.056640625 0.05859375
0 0.41650390625 0.84619140625 0.0478515625 0.0400390625
0 0.89306640625 0.41845703125 0.0400390625 0.0341796875
0 0.0576171875 0.6318359375 0.095703125 0.080078125
0 0.56787109375 0.41552734375 0.0458984375 0.0771484375
0 0.6025390625 0.751953125 0.052734375 0.0546875
0 0.587890625 0.0986328125 0.060546875 0.072265625
0 0.16845703125 0.9091796875 0.0693359375 0.09765625
0 0.1201171875 0.89306640625 0.064453125 0.0751953125
