0 0.68896484375 0.7353515625 0.0673828125 0.0859375
0 0.09228515625 0.08642578125 0.1181640625 0.0888671875
0 0.02978515625 0.1083984375 0.0595703125 0.078125
0 0.90087890625 0.453125 0.1201171875 0.0859375
0 0.90380859375 0.6220703125 0.1025390625 0.10546875
0 0.947265625 0.2373046875 0.103515625 0.10546875
0 0.826171875 0.091796875 0.109375 0.080078125
0 0.8369140625 0.86962890625 0.060546875 0.0458984375
0 0.82763671875 0.5224609375 0.1142578125 0.08203125
0 0.76953125 0.95751953125 0.052734375 0.0771484375
0 0.64697265625 0.55859375 0.0849609375 0.107421875
