0 0.96923828125 0.3740234375 0.0615234375 0.078125
0 0.75537109375 0.1865234375 0.0849609375 0.03515625
0 0.11376953125 0.16748046875 0.0771484375 0.0888671875
0 0.03466796875 0.033203125 0.0693359375 0.06640625
0 0.8408203125 0.70361328125 0.08203125 0.0595703125
0 0.6279296875 0.7919921875 0.09765625 0.109375
0 0.0263671875 0.78515625 0.052734375 0.056640625
0 0.75830078125 0.125 0.0537109375 0.04296875
0 0.97314453125 0.30078125 0.0537109375 0.068359375
0 0.951171875 0.95849609375 0.08984375 0.0791015625
0 0.88623046875 0.28369140625 0.0595703125 0.0595703125
0 0.7470703125 0.3076171875 0.06640625 0.052734375
0 0.75439453125 0.94091796875 0.0830078125 0.0927734375
0 0.9326171875 0.7626953125 0.068359375 0.0703125
0 0.88330078125 0.41552734375 0.0908203125 0.0673828125
0 0.03662109375 0.60400390625 0.0732421875 0.0693359375
0 0.96826171875 0.6318359375 0.0595703125 0.080078125
