0 0.037109375 0.1015625 0.07421875 0.140625
0 0.1201171875 0.05859375 0.076171875 0.09375
0 0.623046875 0.162109375 0.1328125 0.078125
0 0.8115234375 0.0146484375 0.091796875 0.029296875
0 0.9296875 0.15234375 0.140625 0.08984375
0 0.923828125 0.0498046875 0.15234375 0.068359375
0 0.0537109375 0.5419921875 0.052734375 0.052734375
0 0.556640625 0.302734375 0.06640625 0.0546875
0 0.076171875 0.9365234375 0.1171875 0.083984375
0 0.509765625 0.9765625 0.12890625 0.046875
0 0.90625 0.84375 0.1875 0.08203125
0 0.697265625 0.9609375 0.12890625 0.078125
0 0.7763671875 0.927734375 0.228515625 0.14453125
0 0.044921875 0.982421875 0.08984375 0.03515625
0 0.076171875 0.78515625 0.15234375 0.13671875
0 0.9541015625 0.9189453125 0.091796875 0.087890625
0 0.9677734375 0.6591796875 0.064453125 0.083984375
0 0.2861328125 0.9228515625 0.119140625 0.099609375
0 0.2900390625 0.822265625 0.119140625 0.09375
0 0.9052734375 0.7333984375 0.189453125 0.087890625
0 0.9580078125 0.751953125 0.076171875 0.1171875
0 0.28125 0.7421875 0.20703125 0.15625
0 0.4248046875 0.828125 0.099609375 0.10546875
0 0.490234375 0.39453125 0.06640625 0.09375
0 0.7978515625 0.5302734375 0.111328125 0.083984375
0 0.56640625 0.625 0.08984375 0.05859375
0 0.630859375 0.5712890625 0.1328125 0.076171875
0 0.4052734375 0.560546875 0.201171875 0.109375
0 0.4228515625 0.4921875 0.107421875 0.1015625
0 0.49609375 0.5400390625 0.07421875 0.072265625
0 0.8173828125 0.6435546875 0.220703125 0.091796875
0 0.5576171875 0.8310546875 0.103515625 0.087890625
0 0.9130859375 0.697265625 0.080078125 0.03125
0 0.3759765625 0.03515625 0.119140625 0.0703125
0 0.1875 0.095703125 0.125 0.0859375
