0 0.3291015625 0.0361328125 0.123046875 0.072265625
0 0.2490234375 0.341796875 0.263671875 0.11328125
0 0.2275390625 0.287109375 0.201171875 0.0546875
0 0.14453125 0.3369140625 0.09375 0.064453125
0 0.6689453125 0.4443359375 0.080078125 0.107421875
0 0.74609375 0.400390625 0.09375 0.19921875
0 0.9638671875 0.4765625 0.072265625 0.125
0 0.8408203125 0.7421875 0.099609375 0.09375
0 0.078125 0.6650390625 0.15234375 0.080078125
0 0.279296875 0.744140625 0.12109375 0.08203125
0 0.0078125 0.5498046875 0.015625 0.052734375
0 0.01171875 0.4501953125 0.01953125 0.044921875
0 0.2734375 0.4140625 0.1015625 0.07421875
0 0.2705078125 0.4541015625 0.072265625 0.052734375
0 0.3642578125 0.974609375 0.119140625 0.05078125
0 0.4521484375 0.85546875 0.232421875 0.2109375
0 0.0205078125 0.818359375 0.041015625 0.09375
0 0.7841796875 0.70703125 0.146484375 0.1171875
0 0.228515625 0.427734375 0.0390625 0.0703125
