0 0.060546875 0.90966796875 0.076171875 0.0673828125
0 0.88134765625 0.04296875 0.0361328125 0.07421875
0 0.09326171875 0.13037109375 0.0888671875 0.0908203125
0 0.58642578125 0.0478515625 0.0771484375 0.095703125
0 0.58056640625 0.43359375 0.0849609375 0.0859375
0 0.501953125 0.26611328125 0.103515625 0.1064453125
0 0.931640625 0.728515625 0.05078125 0.080078125
0 0.6640625 0.18798828125 0.076171875 0.1298828125
0 0.7021484375 0.529296875 0.0546875 0.041015625
0 0.72216796875 0.482421875 0.0439453125 0.04296875
0 0.43408203125 0.1806640625 0.0400390625 0.072265625
0 0.14013671875 0.12158203125 0.0712890625 0.0595703125
0 0.7763671875 0.7880859375 0.048828125 0.0546875
0 0.302734375 0.064453125 0.083984375 0.091796875
0 0.95068359375 0.75732421875 0.0283203125 0.0693359375
0 0.138671875 0.82861328125 0.107421875 0.0654296875
0 0.58056640625 0.685546875 0.0576171875 0.052734375
0 0.39501953125 0.0732421875 0.0458984375 0.064453125
0 0.68603515625 0.35498046875 0.0771484375 0.0908203125
0 0.1826171875 0.7802734375 0.05859375 0.060546875
0 0.89990234375 0.58349609375 0.0400390625 0.0888671875
0 0.943359375 0.36083984375 0.072265625 0.0830078125
0 0.7451171875 0.49658203125 0.041015625 0.0322265625
0 0.2705078125 0.9208984375 0.115234375 0.06640625
0 0.71435546875 0.12353515625 0.0419921875 0.0888671875
0 0.33642578125 0.2607421875 0.1123046875 0.0546875
0 0.171875 0.4931640625 0.087890625 0.083984375
0 0.0244140625 0.5322265625 0.048828125 0.033203125
0 0.037109375 0.22412109375 0.07421875 0.0791015625
0 0.27392578125 0.759765625 0.1162109375 0.08203125
0 0.89892578125 0.83349609375 0.0751953125 0.0498046875
0 0.759765625 0.33056640625 0.07421875 0.0986328125
0 0.59814453125 0.97314453125 0.0830078125 0.0537109375
0 0.6591796875 0.4765625 0.072265625 0.048828125
0 0.556640625 0.720703125 0.048828125 0.03515625
0 0.9052734375 0.68212890625 0.052734375 0.0361328125
0 0.61767578125 0.79736328125 0.0732421875 0.0712890625
0 0.4951171875 0.93603515625 0.078125 0.0419921875
0 0.029296875 0.5634765625 0.05859375 0.06640625
0 0.46728515625 0.54345703125 0.0400390625 0.0693359375
0 0.34375 0.37255859375 0.06640625 0.0361328125
0 0.83642578125 0.34716796875 0.0439453125 0.0673828125
0 0.64111328125 0.75244140625 0.0849609375 0.0810546875
0 0.4091796875 0.34033203125 0.044921875 0.0341796875
0 0.96875 0.33349609375 0.05859375 0.0634765625
0 0.50732421875 0.63671875 0.0478515625 0.0859375
0 0.12890625 0.33349609375 0.1015625 0.0712890625
0 0.263671875 0.67919921875 0.08203125 0.0478515625
0 0.06396484375 0.0419921875 0.1123046875 0.078125
0 0.58544921875 0.90283203125 0.0595703125 0.0732421875
0 0.55908203125 0.16748046875 0.0732421875 0.0791015625
0 0.8955078125 0.9755859375 0.029296875 0.048828125
0 0.4091796875 0.7958984375 0.072265625 0.06640625
0 0.44091796875 0.93701171875 0.0634765625 0.0615234375
0 0.39453125 0.1708984375 0.03515625 0.025390625
0 0.07763671875 0.01953125 0.0361328125 0.037109375
0 0.908203125 0.02294921875 0.0234375 0.0458984375
0 0.9384765625 0.97412109375 0.041015625 0.0302734375
0 0.58544921875 0.90185546875 0.0595703125 0.0732421875
0 0.03955078125 0.3828125 0.0419921875 0.0234375
0 0.54443359375 0.5673828125 0.0361328125 0.05078125
0 0.107421875 0.75390625 0.0625 0.080078125
0 0.736328125 0.8994140625 0.1171875 0.0546875
0 0.35595703125 0.17138671875 0.0322265625 0.0673828125
0 0.4921875 0.14208984375 0.072265625 0.0634765625
0 0.4091796875 0.88427734375 0.111328125 0.0517578125
0 0.349609375 0.4677734375 0.0390625 0.0546875
0 0.2236328125 0.40625 0.099609375 0.056640625
0 0.27587890625 0.96826171875 0.0478515625 0.0634765625
0 0.0712890625 0.990234375 0.072265625 0.01953125
