0 0.64990234375 0.86669921875 0.0576171875 0.1240234375
0 0.64404296875 0.966796875 0.0361328125 0.05859375
0 0.2705078125 0.39013671875 0.109375 0.1767578125
0 0.0654296875 0.029296875 0.119140625 0.056640625
0 0.54150390625 0.13232421875 0.1591796875 0.0576171875
0 0.05908203125 0.888671875 0.1181640625 0.07421875
0 0.81005859375 0.06982421875 0.0615234375 0.1220703125
0 0.7900390625 0.265625 0.05859375 0.08203125
0 0.05517578125 0.576171875 0.0615234375 0.078125
0 0.708984375 0.8291015625 0.0546875 0.08984375
0 0.08740234375 0.46875 0.1748046875 0.115234375
0 0.52783203125 0.7265625 0.0498046875 0.18359375
0 0.33935546875 0.8486328125 0.1123046875 0.193359375
0 0.69580078125 0.14990234375 0.0732421875 0.0595703125
0 0.9814453125 0.65185546875 0.037109375 0.0537109375
0 0.91650390625 0.14892578125 0.0615234375 0.0654296875
0 0.96240234375 0.07666015625 0.0751953125 0.0595703125
0 0.15283203125 0.0830078125 0.1279296875 0.1015625
0 0.47900390625 0.82763671875 0.0693359375 0.1552734375
0 0.384765625 0.734375 0.05078125 0.0859375
0 0.966796875 0.21337890625 0.05859375 0.0615234375
0 0.98291015625 0.92236328125 0.0341796875 0.0556640625
0 0.47314453125 0.51611328125 0.0986328125 0.1806640625
0 0.828125 0.4521484375 0.07421875 0.1484375
0 0.517578125 0.4384765625 0.09375 0.185546875
0 0.09619140625 0.8095703125 0.1435546875 0.09375
0 0.4384765625 0.9541015625 0.083984375 0.0859375
0 0.966796875 0.712890625 0.052734375 0.056640625
0 0.607421875 0.7802734375 0.09375 0.109375
0 0.92138671875 0.66015625 0.0751953125 0.064453125
0 0.85302734375 0.962890625 0.0908203125 0.04296875
0 0.3818359375 0.24169921875 0.080078125 0.1650390625
0 0.73974609375 0.70068359375 0.1123046875 0.1650390625
0 0.97119140625 0.3212890625 0.0439453125 0.0625
0 0.61181640625 0.71533203125 0.0498046875 0.0400390625
0 0.84765625 0.66015625 0.072265625 0.060546875
