0 0.1572265625 0.623046875 0.083984375 0.06640625
0 0.9755859375 0.591796875 0.048828125 0.05078125
0 0.111328125 0.0712890625 0.052734375 0.05859375
0 0.498046875 0.2919921875 0.044921875 0.044921875
0 0.8271484375 0.6220703125 0.05078125 0.041015625
0 0.69287109375 0.30126953125 0.0380859375 0.0361328125
0 0.13232421875 0.71875 0.0458984375 0.0390625
0 0.9580078125 0.92041015625 0.056640625 0.0498046875
0 0.6826171875 0.17041015625 0.04296875 0.0517578125
0 0.09814453125 0.46875 0.0595703125 0.04296875
0 0.64599609375 0.2412109375 0.0517578125 0.0390625
0 0.1162109375 0.6787109375 0.03515625 0.033203125
0 0.33203125 0.5146484375 0.05859375 0.05859375
0 0.89453125 0.74365234375 0.068359375 0.0556640625
0 0.3583984375 0.23974609375 0.04296875 0.0439453125
0 0.40087890625 0.57421875 0.0595703125 0.064453125
0 0.541015625 0.765625 0.0546875 0.05078125
0 0.5654296875 0.0849609375 0.056640625 0.0546875
0 0.97314453125 0.4853515625 0.0458984375 0.0390625
0 0.103515625 0.95556640625 0.06640625 0.0400390625
0 0.73193359375 0.8203125 0.0400390625 0.044921875
0 0.166015625 0.25048828125 0.0546875 0.0537109375
0 0.66259765625 0.4189453125 0.0400390625 0.0390625
0 0.59033203125 0.98291015625 0.0654296875 0.0341796875
0 0.02490234375 0.59228515625 0.0498046875 0.0458984375
0 0.37646484375 0.94384765625 0.0537109375 0.0517578125
0 0.84375 0.38525390625 0.044921875 0.0341796875
0 0.65478515625 0.6455078125 0.0791015625 0.0625
0 0.36572265625 0.63134765625 0.0615234375 0.0439453125
0 0.39453125 0.10546875 0.048828125 0.046875
0 0.8935546875 0.412109375 0.048828125 0.044921875
0 0.2177734375 0.0166015625 0.09375 0.033203125
0 0.93701171875 0.04296875 0.0517578125 0.056640625
0 0.18505859375 0.8896484375 0.0595703125 0.052734375
0 0.53369140625 0.587890625 0.0751953125 0.0625
0 0.8408203125 0.26220703125 0.052734375 0.0615234375
0 0.07958984375 0.39306640625 0.0693359375 0.0556640625
0 0.85009765625 0.0458984375 0.0537109375 0.046875
0 0.28271484375 0.94384765625 0.0927734375 0.0654296875
0 0.5419921875 0.1494140625 0.04296875 0.037109375
0 0.94091796875 0.98046875 0.0380859375 0.037109375
0 0.29052734375 0.84912109375 0.0615234375 0.0576171875
0 0.6181640625 0.3701171875 0.048828125 0.09765625
0 0.66552734375 0.97216796875 0.0537109375 0.0556640625
0 0.984375 0.7392578125 0.03125 0.05859375
0 0.68310546875 0.6943359375 0.0576171875 0.048828125
0 0.49755859375 0.0185546875 0.1005859375 0.037109375
0 0.93798828125 0.66796875 0.0595703125 0.056640625
0 0.67529296875 0.91259765625 0.0537109375 0.0458984375
0 0.63037109375 0.16845703125 0.0458984375 0.0673828125
0 0.82470703125 0.505859375 0.0693359375 0.07421875
0 0.1591796875 0.150390625 0.0859375 0.064453125
0 0.07958984375 0.6435546875 0.0634765625 0.056640625
0 0.7626953125 0.22705078125 0.046875 0.0556640625
0 0.26904296875 0.38427734375 0.0498046875 0.0478515625
0 0.06640625 0.75927734375 0.056640625 0.0595703125
0 0.466796875 0.6015625 0.052734375 0.056640625
0 0.46728515625 0.3681640625 0.0400390625 0.0390625
0 0.4482421875 0.951171875 0.046875 0.048828125
0 0.5185546875 0.6689453125 0.056640625 0.0546875
0 0.685546875 0.7451171875 0.0625 0.0625
0 0.201171875 0.962890625 0.091796875 0.072265625
0 0.818359375 0.7998046875 0.05078125 0.04296875
0 0.4775390625 0.06396484375 0.0859375 0.1025390625
0 0.85546875 0.9072265625 0.05859375 0.048828125
