0 0.33447265625 0.91748046875 0.0732421875 0.0751953125
0 0.41064453125 0.6123046875 0.0751953125 0.064453125
0 0.5341796875 0.41162109375 0.060546875 0.0751953125
0 0.25146484375 0.392578125 0.1318359375 0.130859375
0 0.775390625 0.54248046875 0.07421875 0.0751953125
0 0.3251953125 0.28759765625 0.05078125 0.0634765625
0 0.16748046875 0.70361328125 0.0771484375 0.1083984375
0 0.8203125 0.4423828125 0.0859375 0.107421875
0 0.96826171875 0.49072265625 0.0634765625 0.0986328125
0 0.93017578125 0.98486328125 0.0869140625 0.0283203125
0 0.24169921875 0.58447265625 0.0810546875 0.0751953125
0 0.931640625 0.31298828125 0.13671875 0.1748046875
0 0.5107421875 0.5595703125 0.0625 0.080078125
0 0.02685546875 0.4326171875 0.0537109375 0.06640625
0 0.6591796875 0.60986328125 0.103515625 0.0751953125
0 0.52294921875 0.4755859375 0.0810546875 0.064453125
0 0.31298828125 0.58935546875 0.0771484375 0.0771484375
0 0.57421875 0.5205078125 0.068359375 0.11328125
0 0.8154296875 0.61279296875 0.0546875 0.0615234375
0 0.1572265625 0.60791015625 0.09375 0.0791015625
0 0.71630859375 0.60498046875 0.0654296875 0.1025390625
0 0.17236328125 0.96728515625 0.0791015625 0.0654296875
0 0.88623046875 0.5625 0.0908203125 0.119140625
0 0.27392578125 0.97900390625 0.0908203125 0.0419921875
0 0.8310546875 0.92626953125 0.11328125 0.0810546875
0 0.7412109375 0.4130859375 0.171875 0.08203125
0 0.5869140625 0.435546875 0.072265625 0.0625
0 0.13818359375 0.27734375 0.0869140625 0.1484375
0 0.576171875 0.2919921875 0.083984375 0.091796875
0 0.16015625 0.50048828125 0.103515625 0.1279296875
0 0.60205078125 0.97119140625 0.0615234375 0.0576171875
0 0.2451171875 0.83251953125 0.07421875 0.0732421875
0 0.4755859375 0.29638671875 0.0859375 0.0888671875
0 0.68798828125 0.95849609375 0.1220703125 0.0830078125
0 0.0751953125 0.4091796875 0.052734375 0.103515625
0 0.2666015625 0.5244140625 0.076171875 0.060546875
0 0.6025390625 0.3583984375 0.091796875 0.068359375
0 0.39208984375 0.9560546875 0.1376953125 0.076171875
