0 0.96875 0.8349609375 0.0625 0.0859375
0 0.4169921875 0.9716796875 0.05859375 0.056640625
0 0.595703125 0.08837890625 0.09375 0.1337890625
0 0.5556640625 0.01220703125 0.04296875 0.0244140625
0 0.38525390625 0.75830078125 0.0439453125 0.0380859375
0 0.20654296875 0.38916015625 0.0419921875 0.0478515625
0 0.33544921875 0.771484375 0.0634765625 0.048828125
0 0.0361328125 0.36083984375 0.033203125 0.0361328125
0 0.20947265625 0.623046875 0.0595703125 0.05859375
0 0.06689453125 0.15966796875 0.0517578125 0.0673828125
0 0.83056640625 0.9072265625 0.0478515625 0.05078125
0 0.4326171875 0.08544921875 0.056640625 0.0849609375
0 0.28662109375 0.2724609375 0.0400390625 0.04296875
0 0.63037109375 0.197265625 0.0771484375 0.0390625
0 0.91796875 0.5302734375 0.044921875 0.068359375
0 0.5712890625 0.8212890625 0.044921875 0.033203125
0 0.46533203125 0.61328125 0.0595703125 0.044921875
0 0.05517578125 0.3974609375 0.0302734375 0.02734375
0 0.91259765625 0.291015625 0.0498046875 0.03125
0 0.85546875 0.50927734375 0.0390625 0.1044921875
0 0.54443359375 0.72802734375 0.0576171875 0.0517578125
0 0.14404296875 0.4931640625 0.0498046875 0.05078125
0 0.36083984375 0.82470703125 0.0322265625 0.0224609375
0 0.115234375 0.4384765625 0.03515625 0.046875
0 0.36474609375 0.2734375 0.0693359375 0.064453125
0 0.44921875 0.37255859375 0.0390625 0.0283203125
0 0.810546875 0.58154296875 0.0625 0.0693359375
0 0.17626953125 0.2158203125 0.0673828125 0.091796875
0 0.84765625 0.681640625 0.078125 0.044921875
0 0.3154296875 0.6455078125 0.04296875 0.0546875
0 0.24609375 0.35009765625 0.044921875 0.0576171875
0 0.3857421875 0.10791015625 0.029296875 0.0947265625
0 0.71337890625 0.85009765625 0.0439453125 0.0498046875
0 0.09228515625 0.66259765625 0.0634765625 0.0908203125
0 0.80517578125 0.75048828125 0.0595703125 0.0517578125
0 0.09326171875 0.0712890625 0.0361328125 0.0625
0 0.728515625 0.62744140625 0.06640625 0.0400390625
0 0.4951171875 0.7373046875 0.0390625 0.05859375
0 0.41748046875 0.43115234375 0.0361328125 0.0576171875
0 0.9375 0.04052734375 0.080078125 0.0791015625
0 0.31103515625 0.419921875 0.0419921875 0.052734375
0 0.01806640625 0.341796875 0.0361328125 0.068359375
0 0.9404296875 0.76708984375 0.064453125 0.0498046875
0 0.19677734375 0.79443359375 0.0810546875 0.0556640625
0 0.1083984375 0.29931640625 0.06640625 0.0654296875
0 0.22802734375 0.515625 0.0419921875 0.072265625
0 0.814453125 0.6611328125 0.044921875 0.0390625
0 0.025390625 0.82861328125 0.046875 0.0458984375
0 0.85693359375 0.04736328125 0.0556640625 0.0478515625
0 0.7890625 0.71533203125 0.04296875 0.0302734375
