0 0.06298828125 0.8330078125 0.1240234375 0.0859375
0 0.095703125 0.31396484375 0.109375 0.1298828125
0 0.58447265625 0.61572265625 0.1748046875 0.1767578125
0 0.287109375 0.5888671875 0.06640625 0.08203125
0 0.1513671875 0.69287109375 0.185546875 0.3369140625
0 0.4765625 0.67626953125 0.10546875 0.1474609375
0 0.306640625 0.93701171875 0.181640625 0.1259765625
0 0.67578125 0.236328125 0.08984375 0.251953125
0 0.421875 0.4150390625 0.115234375 0.060546875
0 0.15869140625 0.40625 0.1748046875 0.0703125
0 0.08203125 0.11572265625 0.087890625 0.0693359375
0 0.2373046875 0.447265625 0.037109375 0.044921875
0 0.97314453125 0.94970703125 0.0537109375 0.0634765625
0 0.32421875 0.7802734375 0.080078125 0.095703125
0 0.52197265625 0.224609375 0.1103515625 0.189453125
0 0.65087890625 0.26171875 0.1669921875 0.0703125
0 0.7783203125 0.0771484375 0.443359375 0.119140625
0 0.3720703125 0.59814453125 0.103515625 0.0869140625
0 0.4814453125 0.181640625 0.080078125 0.1796875
0 0.12841796875 0.50732421875 0.2568359375 0.1650390625
