0 0.18212890625 0.04541015625 0.1533203125 0.0908203125
0 0.1083984375 0.11328125 0.216796875 0.12109375
0 0.5869140625 0.013671875 0.052734375 0.02734375
0 0.78125 0.0166015625 0.06640625 0.033203125
0 0.63720703125 0.12646484375 0.0986328125 0.2509765625
0 0.931640625 0.087890625 0.05859375 0.08984375
0 0.857421875 0.056640625 0.103515625 0.11328125
0 0.8388671875 0.1650390625 0.26171875 0.0546875
0 0.8330078125 0.1962890625 0.0546875 0.099609375
0 0.61962890625 0.205078125 0.2939453125 0.046875
0 0.5009765625 0.27978515625 0.103515625 0.1416015625
0 0.064453125 0.1962890625 0.12890625 0.064453125
0 0.19140625 0.2734375 0.0859375 0.109375
0 0.45849609375 0.21630859375 0.0869140625 0.1962890625
0 0.396484375 0.33056640625 0.080078125 0.1455078125
0 0.328125 0.2470703125 0.11328125 0.1953125
0 0.09814453125 0.23828125 0.1962890625 0.216796875
0 0.01416015625 0.3486328125 0.0283203125 0.021484375
0 0.41357421875 0.412109375 0.1455078125 0.1328125
0 0.6533203125 0.4150390625 0.318359375 0.189453125
0 0.15234375 0.5322265625 0.06640625 0.046875
0 0.74365234375 0.3603515625 0.2978515625 0.072265625
0 0.939453125 0.2783203125 0.119140625 0.087890625
0 0.91015625 0.31201171875 0.1796875 0.0595703125
0 0.92431640625 0.3837890625 0.1494140625 0.3203125
0 0.86962890625 0.5576171875 0.2587890625 0.064453125
0 0.69775390625 0.5634765625 0.0439453125 0.068359375
0 0.654296875 0.5263671875 0.05859375 0.185546875
0 0.4267578125 0.52294921875 0.0390625 0.0830078125
0 0.13916015625 0.65234375 0.2587890625 0.140625
0 0.72802734375 0.90673828125 0.1181640625 0.1064453125
0 0.9375 0.79150390625 0.123046875 0.2783203125
0 0.88134765625 0.7099609375 0.0478515625 0.19921875
0 0.89453125 0.904296875 0.05078125 0.189453125
0 0.8583984375 0.716796875 0.126953125 0.267578125
0 0.76220703125 0.6318359375 0.0791015625 0.099609375
0 0.5537109375 0.5439453125 0.03515625 0.041015625
0 0.52734375 0.70166015625 0.171875 0.2509765625
0 0.5498046875 0.56884765625 0.044921875 0.0556640625
0 0.51953125 0.6005859375 0.263671875 0.083984375
0 0.7421875 0.97509765625 0.0703125 0.0478515625
0 0.63427734375 0.97119140625 0.0478515625 0.0556640625
0 0.96484375 0.9326171875 0.0703125 0.044921875
0 0.86767578125 0.92333984375 0.2626953125 0.1181640625
0 0.02783203125 0.9599609375 0.0556640625 0.052734375
0 0.03955078125 0.8701171875 0.0791015625 0.16015625
0 0.4130859375 0.47119140625 0.283203125 0.2041015625
0 0.359375 0.7138671875 0.091796875 0.19140625
0 0.59326171875 0.83837890625 0.0517578125 0.3212890625
0 0.5322265625 0.7998046875 0.078125 0.23046875
0 0.18994140625 0.94189453125 0.0478515625 0.1142578125
0 0.4287109375 0.94970703125 0.193359375 0.0986328125
0 0.2919921875 0.91796875 0.126953125 0.162109375
0 0.2509765625 0.8671875 0.078125 0.265625
0 0.14208984375 0.80126953125 0.0400390625 0.0517578125
0 0.1875 0.75146484375 0.0390625 0.1650390625
0 0.70068359375 0.0146484375 0.0244140625 0.029296875
0 0.21923828125 0.755859375 0.0439453125 0.16796875
