0 0.66796875 0.55712890625 0.0625 0.0615234375
0 0.9609375 0.435546875 0.078125 0.078125
0 0.6884765625 0.33203125 0.099609375 0.078125
0 0.36279296875 0.94482421875 0.0693359375 0.0419921875
0 0.84716796875 0.970703125 0.0751953125 0.05859375
0 0.9208984375 0.97314453125 0.0859375 0.0537109375
0 0.77392578125 0.041015625 0.1181640625 0.08203125
0 0.0576171875 0.19091796875 0.076171875 0.0869140625
0 0.41845703125 0.0654296875 0.0732421875 0.078125
0 0.564453125 0.93359375 0.0859375 0.072265625
0 0.52734375 0.966796875 0.0390625 0.0546875
0 0.4189453125 0.90087890625 0.080078125 0.0751953125
0 0.521484375 0.42578125 0.078125 0.08203125
0 0.88330078125 0.13427734375 0.0830078125 0.0654296875
0 0.7607421875 0.48974609375 0.09765625 0.0810546875
0 0.861328125 0.89501953125 0.087890625 0.0654296875
0 0.259765625 0.96044921875 0.08984375 0.0771484375
0 0.34716796875 0.17822265625 0.0751953125 0.0634765625
0 0.017578125 0.46435546875 0.03515625 0.0537109375
0 0.4208984375 0.97265625 0.083984375 0.0546875
0 0.27587890625 0.03515625 0.0947265625 0.0703125
0 0.419921875 0.646484375 0.078125 0.080078125
0 0.32275390625 0.923828125 0.0458984375 0.0390625
0 0.47900390625 0.923828125 0.0791015625 0.064453125
0 0.23583984375 0.21630859375 0.0791015625 0.0830078125
