0 0.88525390625 0.29931640625 0.1025390625 0.0615234375
0 0.6123046875 0.39111328125 0.0703125 0.0771484375
0 0.806640625 0.02294921875 0.08203125 0.0458984375
0 0.630859375 0.203125 0.078125 0.087890625
0 0.67431640625 0.39404296875 0.0654296875 0.0693359375
0 0.17724609375 0.14208984375 0.0458984375 0.0654296875
0 0.94970703125 0.05517578125 0.1005859375 0.0712890625
0 0.07763671875 0.26611328125 0.0615234375 0.0556640625
0 0.62548828125 0.55078125 0.0478515625 0.08984375
0 0.103515625 0.0625 0.07421875 0.08984375
0 0.6318359375 0.2861328125 0.080078125 0.072265625
0 0.64794921875 0.12744140625 0.0615234375 0.0732421875
0 0.70556640625 0.234375 0.0927734375 0.08984375
0 0.33544921875 0.09814453125 0.0673828125 0.0673828125
0 0.37890625 0.2021484375 0.0703125 0.076171875
0 0.6953125 0.05908203125 0.095703125 0.0927734375
0 0.58447265625 0.30224609375 0.0751953125 0.0849609375
0 0.96484375 0.29345703125 0.0703125 0.0771484375
0 0.2333984375 0.3154296875 0.04296875 0.04296875
0 0.1875 0.32080078125 0.048828125 0.0439453125
0 0.09326171875 0.0166015625 0.0595703125 0.033203125
0 0.35205078125 0.23388671875 0.0556640625 0.0634765625
0 0.02880859375 0.09130859375 0.0556640625 0.0673828125
0 0.21923828125 0.12451171875 0.0498046875 0.0498046875
0 0.93798828125 0.10791015625 0.0888671875 0.0517578125
0 0.45654296875 0.49609375 0.0595703125 0.07421875
0 0.85205078125 0.11328125 0.1142578125 0.091796875
0 0.22705078125 0.28759765625 0.0556640625 0.0419921875
0 0.79736328125 0.052734375 0.0537109375 0.04296875
0 0.66064453125 0.48876953125 0.0810546875 0.0673828125
0 0.61083984375 0.0322265625 0.0927734375 0.064453125
0 0.7529296875 0.40283203125 0.068359375 0.0654296875
0 0.50048828125 0.23193359375 0.0849609375 0.1416015625
