0 0.86328125 0.0703125 0.09375 0.140625
0 0.7763671875 0.0380859375 0.083984375 0.076171875
0 0.962890625 0.1064453125 0.0703125 0.064453125
0 0.931640625 0.181640625 0.09375 0.08203125
0 0.5390625 0.3818359375 0.09765625 0.076171875
0 0.642578125 0.046875 0.0703125 0.06640625
0 0.5546875 0.0390625 0.1328125 0.07421875
0 0.431640625 0.04296875 0.15234375 0.0859375
0 0.16796875 0.154296875 0.1015625 0.0703125
0 0.0712890625 0.02734375 0.142578125 0.0546875
0 0.0986328125 0.2294921875 0.197265625 0.048828125
0 0.2490234375 0.630859375 0.166015625 0.12109375
0 0.19921875 0.7099609375 0.21875 0.154296875
0 0.4501953125 0.5791015625 0.080078125 0.060546875
0 0.2841796875 0.8251953125 0.146484375 0.177734375
0 0.0751953125 0.9052734375 0.150390625 0.080078125
0 0.083984375 0.861328125 0.16796875 0.125
0 0.0478515625 0.7646484375 0.087890625 0.068359375
0 0.078125 0.9638671875 0.1328125 0.072265625
0 0.7138671875 0.80859375 0.056640625 0.0625
0 0.76171875 0.662109375 0.0625 0.078125
0 0.849609375 0.5966796875 0.125 0.095703125
0 0.9814453125 0.8515625 0.037109375 0.11328125
0 0.619140625 0.9296875 0.0625 0.078125
0 0.814453125 0.7421875 0.0859375 0.10546875
0 0.1279296875 0.0849609375 0.255859375 0.087890625
0 0.03515625 0.966796875 0.0703125 0.06640625
