0 0.90966796875 0.39794921875 0.1044921875 0.1123046875
0 0.94091796875 0.57958984375 0.1181640625 0.0595703125
0 0.189453125 0.58984375 0.17578125 0.134765625
0 0.76318359375 0.5595703125 0.1181640625 0.095703125
0 0.06494140625 0.96142578125 0.0908203125 0.0693359375
0 0.03955078125 0.265625 0.0791015625 0.126953125
0 0.84716796875 0.14892578125 0.0849609375 0.1044921875
0 0.93408203125 0.0361328125 0.0791015625 0.0703125
0 0.158203125 0.54052734375 0.08203125 0.0771484375
0 0.767578125 0.19921875 0.0625 0.07421875
0 0.2734375 0.96630859375 0.109375 0.0634765625
0 0.94287109375 0.88232421875 0.1005859375 0.0537109375
0 0.095703125 0.45458984375 0.08203125 0.1142578125
0 0.06640625 0.79541015625 0.05078125 0.0712890625
0 0.2451171875 0.6103515625 0.095703125 0.10546875
0 0.17431640625 0.8193359375 0.0732421875 0.041015625
0 0.74169921875 0.85498046875 0.0654296875 0.0322265625
0 0.78564453125 0.36865234375 0.0712890625 0.0400390625
0 0.19384765625 0.3671875 0.1201171875 0.115234375
0 0.96875 0.74755859375 0.05859375 0.0634765625
0 0.9384765625 0.68603515625 0.123046875 0.0771484375
0 0.02099609375 0.82177734375 0.0419921875 0.1201171875
