0 0.45849609375 0.6181640625 0.0908203125 0.09765625
0 0.30859375 0.60693359375 0.142578125 0.1357421875
0 0.70166015625 0.9287109375 0.1748046875 0.134765625
0 0.544921875 0.38232421875 0.09375 0.0849609375
0 0.49609375 0.87451171875 0.1328125 0.1552734375
0 0.3916015625 0.04248046875 0.125 0.0849609375
0 0.73974609375 0.21142578125 0.0810546875 0.0654296875
0 0.39990234375 0.18896484375 0.0986328125 0.1181640625
0 0.35009765625 0.8154296875 0.0966796875 0.13671875
0 0.70654296875 0.109375 0.1201171875 0.10546875
0 0.92333984375 0.64599609375 0.1279296875 0.1376953125
0 0.11572265625 0.966796875 0.0947265625 0.0625
0 0.9208984375 0.083984375 0.15625 0.1171875
0 0.2783203125 0.443359375 0.099609375 0.09375
