0 0.90673828125 0.3671875 0.0400390625 0.048828125
0 0.40966796875 0.07421875 0.0810546875 0.099609375
0 0.17822265625 0.08740234375 0.1025390625 0.1318359375
0 0.08251953125 0.04296875 0.1044921875 0.076171875
0 0.3173828125 0.890625 0.06640625 0.06640625
0 0.435546875 0.81201171875 0.05078125 0.0400390625
0 0.513671875 0.10986328125 0.09375 0.1279296875
0 0.94482421875 0.22119140625 0.0849609375 0.1650390625
0 0.9765625 0.498046875 0.046875 0.1328125
0 0.3505859375 0.5458984375 0.05078125 0.05078125
0 0.3701171875 0.4599609375 0.052734375 0.052734375
0 0.31787109375 0.451171875 0.0810546875 0.1015625
