0 0.412109375 0.115234375 0.048828125 0.04296875
0 0.7744140625 0.90380859375 0.03515625 0.0361328125
0 0.783203125 0.08984375 0.048828125 0.052734375
0 0.8623046875 0.3359375 0.07421875 0.05859375
0 0.12060546875 0.1494140625 0.0654296875 0.052734375
0 0.55810546875 0.15625 0.0771484375 0.076171875
0 0.40625 0.15185546875 0.056640625 0.0439453125
0 0.072265625 0.69482421875 0.11328125 0.1064453125
0 0.51904296875 0.10302734375 0.0400390625 0.0380859375
0 0.66015625 0.97119140625 0.07421875 0.0576171875
0 0.3701171875 0.47705078125 0.0859375 0.0810546875
0 0.32861328125 0.4306640625 0.0400390625 0.0390625
0 0.16845703125 0.83740234375 0.0576171875 0.0439453125
0 0.51806640625 0.36767578125 0.0478515625 0.0517578125
0 0.97119140625 0.38623046875 0.0576171875 0.0634765625
0 0.40380859375 0.79052734375 0.0419921875 0.0654296875
0 0.421875 0.58740234375 0.044921875 0.0771484375
0 0.41259765625 0.95947265625 0.0693359375 0.0810546875
0 0.87353515625 0.8330078125 0.0341796875 0.03515625
0 0.73486328125 0.244140625 0.0654296875 0.076171875
0 0.3515625 0.1025390625 0.05859375 0.0625
0 0.81982421875 0.04052734375 0.0732421875 0.0537109375
0 0.3486328125 0.6328125 0.091796875 0.078125
0 0.33203125 0.31591796875 0.064453125 0.0732421875
0 0.2705078125 0.34521484375 0.033203125 0.0478515625
0 0.33837890625 0.8564453125 0.0537109375 0.04296875
0 0.64794921875 0.275390625 0.0556640625 0.052734375
0 0.9208984375 0.44580078125 0.046875 0.0517578125
0 0.74462890625 0.466796875 0.1103515625 0.05859375
0 0.70166015625 0.875 0.0283203125 0.0390625
0 0.47900390625 0.11328125 0.0771484375 0.064453125
0 0.55859375 0.9296875 0.048828125 0.107421875
0 0.9716796875 0.46240234375 0.056640625 0.0517578125
0 0.47412109375 0.0732421875 0.0439453125 0.033203125
0 0.12744140625 0.5771484375 0.0810546875 0.052734375
0 0.8818359375 0.6787109375 0.0390625 0.064453125
0 0.88720703125 0.5 0.0517578125 0.046875
0 0.056640625 0.44775390625 0.046875 0.0576171875
0 0.25927734375 0.2041015625 0.0869140625 0.068359375
0 0.66552734375 0.72021484375 0.0322265625 0.0302734375
0 0.38134765625 0.8984375 0.0830078125 0.0703125
0 0.48779296875 0.466796875 0.0302734375 0.0390625
0 0.3330078125 0.69189453125 0.07421875 0.0458984375
0 0.98876953125 0.57275390625 0.0185546875 0.0380859375
0 0.93408203125 0.119140625 0.0673828125 0.0625
0 0.78466796875 0.1259765625 0.0986328125 0.044921875
0 0.56787109375 0.27880859375 0.0654296875 0.0634765625
0 0.08251953125 0.10205078125 0.0615234375 0.0732421875
0 0.24609375 0.767578125 0.0546875 0.0390625
