0 0.693359375 0.92529296875 0.091796875 0.0986328125
0 0.04443359375 0.9296875 0.0732421875 0.060546875
0 0.1337890625 0.8388671875 0.1171875 0.0703125
0 0.39453125 0.359375 0.05078125 0.064453125
0 0.69580078125 0.41748046875 0.1279296875 0.0771484375
0 0.7724609375 0.64013671875 0.126953125 0.1005859375
0 0.65478515625 0.19189453125 0.1357421875 0.0771484375
0 0.92529296875 0.5244140625 0.1455078125 0.078125
0 0.91748046875 0.9228515625 0.0791015625 0.048828125
0 0.82470703125 0.8984375 0.1044921875 0.0546875
0 0.8955078125 0.986328125 0.1015625 0.02734375
0 0.79443359375 0.53857421875 0.0732421875 0.0576171875
0 0.02685546875 0.83935546875 0.0537109375 0.0732421875
0 0.5498046875 0.162109375 0.109375 0.0625
0 0.79443359375 0.302734375 0.0634765625 0.0625
0 0.66796875 0.814453125 0.109375 0.072265625
0 0.67041015625 0.0341796875 0.0947265625 0.06640625
0 0.87939453125 0.62890625 0.1298828125 0.072265625
