0 0.859375 0.86328125 0.064453125 0.041015625
0 0.14501953125 0.80322265625 0.0478515625 0.0673828125
0 0.19921875 0.33935546875 0.115234375 0.0947265625
0 0.35498046875 0.8046875 0.0732421875 0.095703125
0 0.17626953125 0.7724609375 0.0732421875 0.0703125
0 0.1123046875 0.0517578125 0.09765625 0.080078125
0 0.16943359375 0.462890625 0.0771484375 0.072265625
0 0.09228515625 0.72509765625 0.0595703125 0.0537109375
0 0.31982421875 0.63916015625 0.1044921875 0.1376953125
0 0.16064453125 0.57373046875 0.0634765625 0.0517578125
0 0.40625 0.5556640625 0.078125 0.0546875
0 0.19384765625 0.52197265625 0.0458984375 0.0732421875
0 0.72314453125 0.15478515625 0.0751953125 0.1005859375
0 0.96337890625 0.4912109375 0.0732421875 0.07421875
0 0.54296875 0.03466796875 0.060546875 0.0693359375
0 0.54443359375 0.87939453125 0.0634765625 0.0830078125
0 0.43603515625 0.63427734375 0.0673828125 0.0595703125
0 0.158203125 0.09228515625 0.09765625 0.1474609375
0 0.84326171875 0.31982421875 0.0830078125 0.1142578125
0 0.1767578125 0.294921875 0.046875 0.0703125
0 0.26171875 0.16845703125 0.0859375 0.1240234375
0 0.02734375 0.76318359375 0.0546875 0.0771484375
0 0.3154296875 0.4931640625 0.052734375 0.052734375
0 0.43359375 0.130859375 0.0625 0.115234375
0 0.6865234375 0.26220703125 0.060546875 0.0673828125
0 0.71923828125 0.82177734375 0.0791015625 0.0947265625
0 0.6640625 0.9150390625 0.0859375 0.103515625
0 0.05419921875 0.9765625 0.0576171875 0.046875
0 0.62548828125 0.490234375 0.0498046875 0.046875
0 0.234375 0.029296875 0.080078125 0.05859375
0 0.48681640625 0.283203125 0.0615234375 0.048828125
0 0.05078125 0.3515625 0.1015625 0.10546875
0 0.677734375 0.60107421875 0.068359375 0.0537109375
0 0.267578125 0.767578125 0.103515625 0.068359375
0 0.5478515625 0.19384765625 0.12109375 0.0712890625
0 0.75244140625 0.29833984375 0.0498046875 0.0576171875
0 0.9765625 0.3095703125 0.046875 0.1328125
0 0.162109375 0.92431640625 0.0703125 0.0791015625
0 0.58544921875 0.6630859375 0.0771484375 0.087890625
0 0.748046875 0.39892578125 0.052734375 0.0576171875
0 0.79736328125 0.22412109375 0.0693359375 0.0576171875
0 0.947265625 0.65771484375 0.07421875 0.1064453125
0 0.8291015625 0.40478515625 0.06640625 0.0673828125
0 0.8486328125 0.70556640625 0.123046875 0.1181640625
0 0.98291015625 0.9140625 0.0341796875 0.056640625
0 0.02978515625 0.6513671875 0.0595703125 0.080078125
0 0.80517578125 0.068359375 0.0849609375 0.072265625
0 0.791015625 0.916015625 0.068359375 0.05859375
0 0.71533203125 0.974609375 0.0654296875 0.05078125
0 0.265625 0.59716796875 0.07421875 0.0947265625
0 0.88720703125 0.1220703125 0.0771484375 0.0703125
