0 0.9716796875 0.98193359375 0.029296875 0.0302734375
0 0.869140625 0.97216796875 0.07421875 0.0458984375
0 0.76611328125 0.99267578125 0.0322265625 0.0126953125
0 0.70751953125 0.9521484375 0.0361328125 0.041015625
0 0.82373046875 0.93408203125 0.0400390625 0.0341796875
0 0.75830078125 0.9482421875 0.0322265625 0.0234375
0 0.7451171875 0.9130859375 0.07421875 0.056640625
0 0.79150390625 0.9013671875 0.0419921875 0.02734375
0 0.63671875 0.87744140625 0.015625 0.0166015625
0 0.75439453125 0.86572265625 0.0302734375 0.0244140625
0 0.791015625 0.87060546875 0.04296875 0.0361328125
0 0.93115234375 0.78271484375 0.0322265625 0.0244140625
0 0.98876953125 0.72900390625 0.0224609375 0.0576171875
0 0.9599609375 0.728515625 0.0390625 0.04296875
0 0.9873046875 0.6484375 0.025390625 0.04296875
0 0.85693359375 0.62744140625 0.0908203125 0.0498046875
0 0.94580078125 0.56201171875 0.0263671875 0.0302734375
0 0.94091796875 0.37744140625 0.0341796875 0.0263671875
0 0.9736328125 0.34326171875 0.044921875 0.0419921875
0 0.96337890625 0.25341796875 0.0419921875 0.0537109375
0 0.9853515625 0.2041015625 0.029296875 0.037109375
0 0.958984375 0.15625 0.046875 0.04296875
0 0.99365234375 0.0703125 0.0126953125 0.041015625
0 0.923828125 0.0400390625 0.033203125 0.03125
0 0.6708984375 0.80712890625 0.033203125 0.0205078125
0 0.67333984375 0.7470703125 0.0478515625 0.0390625
0 0.6650390625 0.70947265625 0.064453125 0.0595703125
0 0.6630859375 0.66357421875 0.0625 0.0283203125
0 0.669921875 0.5732421875 0.048828125 0.044921875
0 0.6767578125 0.53369140625 0.0546875 0.0439453125
0 0.68798828125 0.50830078125 0.0673828125 0.0419921875
0 0.73046875 0.482421875 0.05078125 0.046875
0 0.71435546875 0.5263671875 0.0400390625 0.037109375
0 0.748046875 0.53369140625 0.06640625 0.0634765625
0 0.7421875 0.57177734375 0.041015625 0.0302734375
0 0.6474609375 0.46044921875 0.01953125 0.0146484375
0 0.724609375 0.41259765625 0.03515625 0.0361328125
0 0.85302734375 0.35791015625 0.0517578125 0.0556640625
0 0.6630859375 0.353515625 0.021484375 0.017578125
0 0.7021484375 0.3046875 0.025390625 0.025390625
0 0.66162109375 0.3125 0.0556640625 0.056640625
0 0.83447265625 0.2236328125 0.0537109375 0.0546875
0 0.65869140625 0.1875 0.0498046875 0.060546875
0 0.7392578125 0.16357421875 0.068359375 0.0361328125
0 0.638671875 0.14013671875 0.0390625 0.0478515625
0 0.57177734375 0.13134765625 0.0400390625 0.0419921875
0 0.84228515625 0.13427734375 0.0478515625 0.0517578125
0 0.83203125 0.0576171875 0.046875 0.060546875
0 0.78271484375 0.05859375 0.0615234375 0.0546875
0 0.7353515625 0.03515625 0.044921875 0.05078125
0 0.7177734375 0.009765625 0.05078125 0.01953125
0 0.67236328125 0.01416015625 0.0380859375 0.0283203125
0 0.50927734375 0.84130859375 0.0458984375 0.0400390625
0 0.45361328125 0.857421875 0.0693359375 0.056640625
0 0.23193359375 0.96142578125 0.0302734375 0.0322265625
0 0.15234375 0.98095703125 0.05078125 0.0361328125
0 0.11279296875 0.87158203125 0.0400390625 0.0341796875
0 0.16650390625 0.9140625 0.0478515625 0.046875
0 0.14404296875 0.89306640625 0.0419921875 0.0458984375
0 0.22607421875 0.8798828125 0.0498046875 0.046875
0 0.2646484375 0.86376953125 0.0390625 0.0517578125
0 0.25 0.81298828125 0.037109375 0.0302734375
0 0.16796875 0.8212890625 0.07421875 0.0546875
0 0.1904296875 0.791015625 0.03515625 0.025390625
0 0.24169921875 0.77783203125 0.0380859375 0.0302734375
0 0.28759765625 0.97412109375 0.0341796875 0.0283203125
0 0.1123046875 0.623046875 0.0625 0.05859375
0 0.20361328125 0.37744140625 0.0478515625 0.0380859375
0 0.1796875 0.48193359375 0.048828125 0.0595703125
0 0.13671875 0.38037109375 0.0390625 0.0537109375
0 0.01416015625 0.40380859375 0.0283203125 0.0556640625
0 0.0595703125 0.34326171875 0.0625 0.1025390625
0 0.1201171875 0.31689453125 0.0625 0.0478515625
0 0.11376953125 0.13427734375 0.0224609375 0.0244140625
0 0.2314453125 0.193359375 0.046875 0.05859375
0 0.20068359375 0.14111328125 0.0478515625 0.0615234375
0 0.23974609375 0.10693359375 0.0400390625 0.0556640625
0 0.06005859375 0.06201171875 0.0595703125 0.0732421875
0 0.1259765625 0.0537109375 0.06640625 0.0625
0 0.1767578125 0.041015625 0.046875 0.08203125
0 0.32861328125 0.03076171875 0.0517578125 0.0615234375
0 0.2587890625 0.02880859375 0.046875 0.0576171875
0 0.21533203125 0.03076171875 0.0458984375 0.0615234375
0 0.31689453125 0.8974609375 0.0615234375 0.05078125
0 0.77001953125 0.42236328125 0.0478515625 0.0498046875
0 0.77880859375 0.38623046875 0.0283203125 0.0263671875
