0 0.05517578125 0.02099609375 0.0517578125 0.0400390625
0 0.16943359375 0.1689453125 0.0419921875 0.029296875
0 0.572265625 0.2041015625 0.041015625 0.037109375
0 0.40283203125 0.32177734375 0.0673828125 0.0400390625
0 0.03515625 0.2822265625 0.0703125 0.03125
0 0.53662109375 0.68798828125 0.0361328125 0.0322265625
0 0.68017578125 0.31005859375 0.0361328125 0.0341796875
0 0.35791015625 0.7314453125 0.0322265625 0.0234375
0 0.7236328125 0.33349609375 0.048828125 0.0380859375
0 0.43115234375 0.67236328125 0.0205078125 0.0205078125
0 0.4931640625 0.6201171875 0.041015625 0.0390625
0 0.830078125 0.9287109375 0.02734375 0.048828125
0 0.6259765625 0.64990234375 0.0390625 0.0400390625
0 0.3896484375 0.78564453125 0.05078125 0.0361328125
0 0.49462890625 0.1826171875 0.0634765625 0.03125
0 0.9033203125 0.908203125 0.033203125 0.076171875
0 0.7451171875 0.9248046875 0.056640625 0.05859375
0 0.30615234375 0.8623046875 0.0771484375 0.0625
0 0.248046875 0.6044921875 0.06640625 0.095703125
0 0.6416015625 0.95654296875 0.09765625 0.0458984375
0 0.8173828125 0.6640625 0.02734375 0.03125
0 0.7265625 0.76025390625 0.037109375 0.0205078125
0 0.33642578125 0.9599609375 0.0400390625 0.044921875
0 0.3671875 0.7109375 0.03125 0.021484375
0 0.955078125 0.08251953125 0.056640625 0.0400390625
0 0.6484375 0.2412109375 0.056640625 0.0390625
0 0.46044921875 0.14892578125 0.0244140625 0.0126953125
0 0.60400390625 0.431640625 0.0791015625 0.033203125
0 0.9521484375 0.70458984375 0.03515625 0.0615234375
0 0.02685546875 0.40185546875 0.0458984375 0.0419921875
0 0.8525390625 0.77587890625 0.037109375 0.0341796875
0 0.0166015625 0.13916015625 0.033203125 0.0322265625
0 0.36181640625 0.14013671875 0.0458984375 0.0361328125
0 0.98388671875 0.84716796875 0.0322265625 0.0693359375
0 0.79150390625 0.7236328125 0.0419921875 0.029296875
0 0.98486328125 0.2763671875 0.0302734375 0.048828125
0 0.17236328125 0.09228515625 0.0654296875 0.0556640625
0 0.26416015625 0.15576171875 0.0595703125 0.0439453125
0 0.52685546875 0.7958984375 0.0302734375 0.02734375
0 0.30224609375 0.400390625 0.0322265625 0.04296875
0 0.70751953125 0.08447265625 0.0458984375 0.0400390625
0 0.0986328125 0.34375 0.05859375 0.037109375
0 0.92333984375 0.29736328125 0.0361328125 0.0400390625
0 0.94189453125 0.42431640625 0.0341796875 0.0322265625
0 0.369140625 0.9599609375 0.046875 0.044921875
0 0.70751953125 0.25390625 0.0341796875 0.02734375
0 0.5966796875 0.85009765625 0.03515625 0.0615234375
0 0.58447265625 0.34228515625 0.0283203125 0.0419921875
