0 0.7177734375 0.81494140625 0.09375 0.1044921875
0 0.2802734375 0.74609375 0.125 0.1640625
0 0.41259765625 0.4267578125 0.1259765625 0.138671875
0 0.833984375 0.4990234375 0.14453125 0.080078125
0 0.3720703125 0.0478515625 0.103515625 0.095703125
0 0.18505859375 0.6748046875 0.1005859375 0.095703125
0 0.7822265625 0.88232421875 0.09375 0.0595703125
0 0.2548828125 0.89208984375 0.11328125 0.0732421875
0 0.9755859375 0.6064453125 0.048828125 0.07421875
0 0.95849609375 0.8154296875 0.0830078125 0.064453125
0 0.037109375 0.7001953125 0.052734375 0.068359375
0 0.96337890625 0.43896484375 0.0732421875 0.1123046875
0 0.81201171875 0.0478515625 0.1357421875 0.095703125
0 0.96044921875 0.2919921875 0.0791015625 0.06640625
0 0.66162109375 0.1171875 0.1240234375 0.1015625
0 0.326171875 0.349609375 0.1015625 0.10546875
0 0.86474609375 0.22802734375 0.0810546875 0.0771484375
0 0.865234375 0.55224609375 0.07421875 0.0517578125
0 0.75341796875 0.69384765625 0.0888671875 0.1044921875
0 0.83203125 0.3154296875 0.12109375 0.0859375
0 0.47265625 0.6708984375 0.119140625 0.12890625
0 0.09619140625 0.1357421875 0.1494140625 0.083984375
0 0.9560546875 0.046875 0.087890625 0.05859375
0 0.66162109375 0.69482421875 0.0986328125 0.0537109375
0 0.48193359375 0.50830078125 0.0908203125 0.0615234375
0 0.02392578125 0.0537109375 0.0478515625 0.0703125
0 0.642578125 0.38134765625 0.181640625 0.1201171875
