0 0.0634765625 0.02294921875 0.0703125 0.0458984375
0 0.0390625 0.06982421875 0.03515625 0.0322265625
0 0.037109375 0.11279296875 0.0390625 0.0380859375
0 0.11083984375 0.10546875 0.0419921875 0.044921875
0 0.17724609375 0.10107421875 0.0361328125 0.0537109375
0 0.30078125 0.01123046875 0.048828125 0.0224609375
0 0.2861328125 0.05224609375 0.052734375 0.0693359375
0 0.3603515625 0.072265625 0.0625 0.07421875
0 0.35205078125 0.12109375 0.0537109375 0.041015625
0 0.4501953125 0.13818359375 0.06640625 0.0517578125
0 0.41357421875 0.1611328125 0.0517578125 0.060546875
0 0.37890625 0.185546875 0.048828125 0.0703125
0 0.39794921875 0.234375 0.0537109375 0.04296875
0 0.283203125 0.26416015625 0.03125 0.0380859375
0 0.3759765625 0.3125 0.056640625 0.044921875
0 0.341796875 0.32568359375 0.037109375 0.0439453125
0 0.31005859375 0.31982421875 0.0380859375 0.0517578125
0 0.341796875 0.271484375 0.048828125 0.068359375
0 0.4541015625 0.3330078125 0.046875 0.048828125
0 0.224609375 0.3798828125 0.099609375 0.056640625
0 0.42626953125 0.42333984375 0.0654296875 0.0517578125
0 0.77294921875 0.3359375 0.0615234375 0.072265625
0 0.884765625 0.361328125 0.072265625 0.046875
0 0.9130859375 0.2822265625 0.056640625 0.060546875
0 0.77978515625 0.25927734375 0.0341796875 0.0341796875
0 0.880859375 0.25341796875 0.06640625 0.0888671875
0 0.83642578125 0.28271484375 0.0693359375 0.0966796875
0 0.78955078125 0.29931640625 0.0361328125 0.0361328125
0 0.78271484375 0.23828125 0.0693359375 0.068359375
0 0.7470703125 0.234375 0.044921875 0.0390625
0 0.73974609375 0.18701171875 0.0634765625 0.0517578125
0 0.8447265625 0.21923828125 0.044921875 0.0400390625
0 0.89990234375 0.15478515625 0.0595703125 0.1044921875
0 0.9599609375 0.181640625 0.078125 0.0625
0 0.734375 0.064453125 0.02734375 0.041015625
0 0.8115234375 0.06396484375 0.033203125 0.0322265625
0 0.884765625 0.06005859375 0.076171875 0.0615234375
0 0.9619140625 0.052734375 0.076171875 0.10546875
0 0.765625 0.4501953125 0.0546875 0.07421875
0 0.7763671875 0.3916015625 0.05859375 0.052734375
0 0.90234375 0.55078125 0.0859375 0.06640625
0 0.9482421875 0.56689453125 0.07421875 0.0751953125
0 0.783203125 0.65869140625 0.0703125 0.0576171875
0 0.751953125 0.63427734375 0.037109375 0.0400390625
0 0.73046875 0.6064453125 0.0625 0.056640625
0 0.92822265625 0.76953125 0.0654296875 0.072265625
0 0.42919921875 0.95263671875 0.0341796875 0.0244140625
0 0.41259765625 0.98095703125 0.0458984375 0.0380859375
0 0.3740234375 0.91650390625 0.025390625 0.0224609375
0 0.3369140625 0.90869140625 0.03515625 0.0244140625
0 0.3115234375 0.86328125 0.064453125 0.048828125
0 0.38037109375 0.81201171875 0.0458984375 0.0439453125
0 0.34326171875 0.79541015625 0.0537109375 0.0537109375
0 0.2099609375 0.6884765625 0.099609375 0.0546875
0 0.32421875 0.595703125 0.041015625 0.0390625
0 0.2841796875 0.578125 0.0625 0.0546875
0 0.31005859375 0.5244140625 0.0517578125 0.0546875
0 0.27587890625 0.48193359375 0.0595703125 0.0615234375
0 0.27685546875 0.533203125 0.0537109375 0.041015625
0 0.0263671875 0.77685546875 0.052734375 0.0478515625
0 0.02001953125 0.5908203125 0.0400390625 0.052734375
0 0.06103515625 0.38134765625 0.0537109375 0.0498046875
0 0.04150390625 0.32958984375 0.0458984375 0.0576171875
0 0.01513671875 0.42431640625 0.0302734375 0.0361328125
0 0.01123046875 0.2763671875 0.0224609375 0.044921875
0 0.8837890625 0.06640625 0.0703125 0.103515625
0 0.677734375 0.0908203125 0.02734375 0.041015625
0 0.6962890625 0.12060546875 0.029296875 0.0166015625
0 0.609375 0.29443359375 0.025390625 0.0185546875
0 0.892578125 0.013671875 0.05859375 0.02734375
