0 0.26611328125 0.22607421875 0.1416015625 0.2470703125
0 0.20703125 0.216796875 0.1328125 0.18359375
0 0.310546875 0.052734375 0.08203125 0.10546875
0 0.43603515625 0.05712890625 0.2041015625 0.0791015625
0 0.38525390625 0.15283203125 0.2080078125 0.1181640625
0 0.44287109375 0.1416015625 0.0634765625 0.228515625
0 0.3828125 0.28125 0.1328125 0.1328125
0 0.5400390625 0.2763671875 0.076171875 0.056640625
0 0.61572265625 0.24072265625 0.0791015625 0.0556640625
0 0.59765625 0.16455078125 0.0703125 0.0673828125
0 0.1962890625 0.314453125 0.080078125 0.171875
0 0.0244140625 0.39990234375 0.048828125 0.1025390625
0 0.189453125 0.46728515625 0.181640625 0.1884765625
0 0.17578125 0.548828125 0.0703125 0.259765625
0 0.2509765625 0.55712890625 0.109375 0.1298828125
0 0.2900390625 0.70703125 0.09375 0.224609375
0 0.14892578125 0.8134765625 0.0712890625 0.197265625
0 0.1376953125 0.921875 0.068359375 0.154296875
0 0.0576171875 0.93408203125 0.115234375 0.1142578125
0 0.2294921875 0.94384765625 0.05078125 0.1103515625
0 0.287109375 0.87060546875 0.22265625 0.0751953125
0 0.5537109375 0.916015625 0.07421875 0.16796875
0 0.236328125 0.798828125 0.119140625 0.109375
0 0.353515625 0.66259765625 0.11328125 0.1494140625
0 0.3486328125 0.7236328125 0.103515625 0.171875
0 0.4619140625 0.68017578125 0.1484375 0.1767578125
0 0.466796875 0.5888671875 0.1484375 0.138671875
0 0.40087890625 0.47705078125 0.1689453125 0.0830078125
0 0.4404296875 0.47705078125 0.068359375 0.1845703125
0 0.7275390625 0.39306640625 0.166015625 0.1884765625
0 0.81103515625 0.51416015625 0.1884765625 0.0556640625
0 0.83251953125 0.4453125 0.1455078125 0.083984375
0 0.85205078125 0.41259765625 0.1572265625 0.0986328125
0 0.82763671875 0.330078125 0.1142578125 0.04296875
0 0.7763671875 0.3056640625 0.193359375 0.0625
0 0.7802734375 0.26513671875 0.201171875 0.0986328125
0 0.8916015625 0.2138671875 0.044921875 0.05078125
0 0.6875 0.1162109375 0.1015625 0.05859375
0 0.607421875 0.02587890625 0.0546875 0.0517578125
0 0.7822265625 0.04736328125 0.21875 0.0947265625
0 0.974609375 0.16259765625 0.05078125 0.2080078125
0 0.916015625 0.5234375 0.16796875 0.1015625
0 0.943359375 0.576171875 0.11328125 0.08984375
0 0.935546875 0.6845703125 0.12890625 0.138671875
0 0.74658203125 0.845703125 0.2041015625 0.15234375
0 0.7470703125 0.9033203125 0.162109375 0.15625
0 0.77490234375 0.966796875 0.1103515625 0.064453125
0 0.90478515625 0.9501953125 0.0830078125 0.0703125
0 0.85205078125 0.92041015625 0.0595703125 0.1572265625
0 0.9228515625 0.85009765625 0.1484375 0.1298828125
0 0.93212890625 0.82861328125 0.1337890625 0.2275390625
