0 0.3701171875 0.03369140625 0.068359375 0.0673828125
0 0.9599609375 0.328125 0.064453125 0.171875
0 0.09033203125 0.08740234375 0.0771484375 0.0888671875
0 0.8408203125 0.7392578125 0.05859375 0.060546875
0 0.36328125 0.58056640625 0.140625 0.0595703125
0 0.4267578125 0.939453125 0.05078125 0.08203125
0 0.38916015625 0.8369140625 0.0341796875 0.025390625
0 0.625 0.193359375 0.07421875 0.068359375
0 0.9716796875 0.205078125 0.056640625 0.05859375
0 0.31689453125 0.02392578125 0.0458984375 0.0458984375
0 0.63818359375 0.63330078125 0.0732421875 0.0849609375
0 0.3056640625 0.11328125 0.09765625 0.091796875
0 0.919921875 0.548828125 0.068359375 0.060546875
0 0.6435546875 0.42333984375 0.04296875 0.0400390625
0 0.298828125 0.8994140625 0.072265625 0.10546875
0 0.75 0.3701171875 0.07421875 0.0859375
0 0.544921875 0.49462890625 0.06640625 0.1181640625
0 0.8271484375 0.5048828125 0.072265625 0.0859375
0 0.77099609375 0.787109375 0.0615234375 0.072265625
0 0.84423828125 0.56689453125 0.0693359375 0.0478515625
0 0.0400390625 0.734375 0.080078125 0.068359375
0 0.6787109375 0.96142578125 0.0390625 0.0439453125
0 0.29248046875 0.32080078125 0.0654296875 0.0751953125
0 0.4365234375 0.404296875 0.04296875 0.072265625
0 0.74658203125 0.603515625 0.0615234375 0.05859375
0 0.86328125 0.166015625 0.06640625 0.0625
0 0.6123046875 0.478515625 0.068359375 0.064453125
0 0.71142578125 0.7666015625 0.0712890625 0.080078125
0 0.720703125 0.53662109375 0.056640625 0.0693359375
0 0.56591796875 0.15283203125 0.0556640625 0.0517578125
0 0.1884765625 0.47705078125 0.0859375 0.0810546875
0 0.388671875 0.4677734375 0.064453125 0.05078125
0 0.40234375 0.75634765625 0.06640625 0.0634765625
0 0.498046875 0.0458984375 0.048828125 0.064453125
0 0.46826171875 0.84423828125 0.0771484375 0.0771484375
0 0.6005859375 0.6044921875 0.052734375 0.06640625
0 0.14111328125 0.4443359375 0.0595703125 0.056640625
0 0.578125 0.0517578125 0.07421875 0.06640625
0 0.779296875 0.95166015625 0.064453125 0.0771484375
0 0.6044921875 0.83642578125 0.072265625 0.0712890625
0 0.87744140625 0.505859375 0.0556640625 0.0703125
0 0.72216796875 0.97998046875 0.0478515625 0.0400390625
0 0.33251953125 0.68505859375 0.0869140625 0.0556640625
0 0.48486328125 0.38427734375 0.0615234375 0.1064453125
0 0.80810546875 0.1943359375 0.0634765625 0.060546875
0 0.1142578125 0.17333984375 0.08984375 0.1064453125
0 0.9462890625 0.8583984375 0.07421875 0.056640625
0 0.59814453125 0.6669921875 0.0439453125 0.064453125
0 0.96923828125 0.07861328125 0.0615234375 0.0830078125
0 0.26416015625 0.0380859375 0.1201171875 0.07421875
0 0.1220703125 0.72265625 0.064453125 0.091796875
