0 0.05859375 0.9150390625 0.068359375 0.087890625
0 0.01904296875 0.0810546875 0.0380859375 0.0703125
0 0.67431640625 0.93505859375 0.1435546875 0.1123046875
0 0.15087890625 0.5029296875 0.2275390625 0.076171875
0 0.75830078125 0.6240234375 0.0712890625 0.14453125
0 0.33935546875 0.2646484375 0.0673828125 0.060546875
0 0.86279296875 0.92236328125 0.1025390625 0.0830078125
0 0.79833984375 0.73876953125 0.1025390625 0.0654296875
0 0.8955078125 0.625 0.19140625 0.1328125
0 0.578125 0.0361328125 0.044921875 0.072265625
0 0.1748046875 0.08447265625 0.0625 0.0888671875
0 0.607421875 0.6689453125 0.12109375 0.126953125
0 0.2978515625 0.611328125 0.140625 0.1015625
0 0.43701171875 0.3720703125 0.0556640625 0.044921875
0 0.126953125 0.08544921875 0.05859375 0.0888671875
0 0.0751953125 0.24462890625 0.076171875 0.0791015625
0 0.35009765625 0.5205078125 0.0869140625 0.09375
0 0.6767578125 0.388671875 0.119140625 0.078125
0 0.0439453125 0.880859375 0.0859375 0.05078125
0 0.72607421875 0.0458984375 0.0712890625 0.08984375
0 0.58935546875 0.97900390625 0.0947265625 0.0419921875
0 0.96142578125 0.5107421875 0.0771484375 0.15625
0 0.064453125 0.12646484375 0.048828125 0.0498046875
0 0.6337890625 0.32373046875 0.068359375 0.0654296875
0 0.30419921875 0.93115234375 0.1279296875 0.1103515625
0 0.0615234375 0.05517578125 0.064453125 0.1103515625
0 0.71923828125 0.42724609375 0.0693359375 0.0654296875
0 0.31494140625 0.84765625 0.2197265625 0.125
0 0.314453125 0.26806640625 0.068359375 0.1767578125
0 0.02099609375 0.18994140625 0.0419921875 0.0732421875
0 0.9306640625 0.916015625 0.0546875 0.0703125
0 0.68798828125 0.30517578125 0.0673828125 0.0810546875
0 0.16259765625 0.822265625 0.0732421875 0.076171875
