0 0.83984375 0.775390625 0.076171875 0.06640625
0 0.14990234375 0.595703125 0.1298828125 0.1328125
0 0.83984375 0.166015625 0.1875 0.169921875
0 0.1357421875 0.88232421875 0.091796875 0.1044921875
0 0.18798828125 0.35693359375 0.0869140625 0.0791015625
0 0.5048828125 0.41650390625 0.138671875 0.1162109375
0 0.625 0.4013671875 0.11328125 0.0859375
0 0.65234375 0.583984375 0.125 0.103515625
0 0.24072265625 0.05224609375 0.0927734375 0.0654296875
0 0.58837890625 0.1533203125 0.1728515625 0.123046875
0 0.06982421875 0.23828125 0.1396484375 0.1171875
0 0.38330078125 0.8134765625 0.1220703125 0.107421875
0 0.0458984375 0.765625 0.091796875 0.1171875
0 0.32080078125 0.68408203125 0.1083984375 0.0849609375
0 0.9052734375 0.66845703125 0.11328125 0.1318359375
0 0.359375 0.0498046875 0.115234375 0.099609375
0 0.24072265625 0.64453125 0.0966796875 0.095703125
0 0.48583984375 0.0693359375 0.1669921875 0.09375
0 0.810546875 0.890625 0.1171875 0.078125
0 0.31103515625 0.90283203125 0.1025390625 0.0849609375
