0 0.9521484375 0.08837890625 0.064453125 0.0654296875
0 0.91015625 0.05029296875 0.0859375 0.0908203125
0 0.865234375 0.1953125 0.052734375 0.08203125
0 0.8603515625 0.13525390625 0.03125 0.0439453125
0 0.70068359375 0.1826171875 0.0458984375 0.046875
0 0.91015625 0.31201171875 0.068359375 0.0791015625
0 0.57763671875 0.25732421875 0.0302734375 0.0244140625
0 0.5615234375 0.1474609375 0.048828125 0.056640625
0 0.53857421875 0.1201171875 0.0595703125 0.064453125
0 0.5048828125 0.16552734375 0.048828125 0.0439453125
0 0.58154296875 0.05859375 0.0400390625 0.06640625
0 0.16552734375 0.01904296875 0.0380859375 0.0380859375
0 0.03759765625 0.18017578125 0.0751953125 0.0693359375
0 0.82568359375 0.033203125 0.0400390625 0.03515625
0 0.81640625 0.40087890625 0.0390625 0.0361328125
0 0.6005859375 0.3369140625 0.08203125 0.099609375
0 0.5341796875 0.30810546875 0.041015625 0.0380859375
0 0.453125 0.30517578125 0.052734375 0.0576171875
0 0.576171875 0.39794921875 0.080078125 0.0556640625
0 0.52490234375 0.37451171875 0.0380859375 0.0439453125
0 0.38671875 0.2939453125 0.05078125 0.09375
0 0.3330078125 0.32421875 0.060546875 0.0703125
0 0.470703125 0.41455078125 0.060546875 0.0712890625
0 0.43701171875 0.39794921875 0.0556640625 0.0537109375
0 0.5966796875 0.56396484375 0.0625 0.0732421875
0 0.42529296875 0.4931640625 0.0771484375 0.07421875
0 0.31787109375 0.48193359375 0.0595703125 0.0634765625
0 0.50634765625 0.60595703125 0.0849609375 0.0771484375
0 0.40869140625 0.60986328125 0.0673828125 0.0517578125
0 0.02783203125 0.4775390625 0.0380859375 0.02734375
0 0.0244140625 0.43408203125 0.046875 0.0380859375
0 0.0654296875 0.96435546875 0.046875 0.0341796875
0 0.49365234375 0.78955078125 0.0537109375 0.0498046875
0 0.3515625 0.66259765625 0.05859375 0.0419921875
0 0.361328125 0.86083984375 0.046875 0.0498046875
0 0.30419921875 0.865234375 0.0791015625 0.05859375
0 0.525390625 0.8759765625 0.05078125 0.041015625
0 0.490234375 0.8603515625 0.064453125 0.052734375
0 0.43408203125 0.8271484375 0.0810546875 0.0703125
0 0.35595703125 0.72021484375 0.0810546875 0.0712890625
0 0.84716796875 0.736328125 0.0634765625 0.0703125
0 0.8564453125 0.85888671875 0.091796875 0.0595703125
0 0.9365234375 0.90478515625 0.07421875 0.0576171875
0 0.90478515625 0.9736328125 0.0810546875 0.052734375
0 0.97607421875 0.96142578125 0.0458984375 0.0576171875
0 0.96728515625 0.65087890625 0.0654296875 0.0537109375
0 0.91650390625 0.541015625 0.0830078125 0.041015625
0 0.8662109375 0.4697265625 0.08984375 0.08984375
0 0.91259765625 0.48291015625 0.0927734375 0.0673828125
0 0.97265625 0.45068359375 0.052734375 0.0595703125
0 0.77880859375 0.02294921875 0.0634765625 0.0458984375
0 0.72802734375 0.02099609375 0.0458984375 0.0419921875
0 0.52685546875 0.0283203125 0.0498046875 0.056640625
0 0.65234375 0.0205078125 0.072265625 0.041015625
0 0.60498046875 0.01708984375 0.0419921875 0.0341796875
0 0.3857421875 0.9697265625 0.0390625 0.029296875
0 0.427734375 0.9716796875 0.076171875 0.056640625
0 0.0341796875 0.6494140625 0.03515625 0.03125
0 0.0361328125 0.5888671875 0.048828125 0.04296875
0 0.919921875 0.51904296875 0.072265625 0.0361328125
0 0.974609375 0.70458984375 0.05078125 0.0771484375
0 0.9833984375 0.99072265625 0.03125 0.0185546875
0 0.0673828125 0.990234375 0.05078125 0.01953125
0 0.68017578125 0.23388671875 0.0185546875 0.0146484375
0 0.732421875 0.27099609375 0.025390625 0.0244140625
0 0.9814453125 0.63916015625 0.037109375 0.0634765625
0 0.0078125 0.2421875 0.015625 0.03515625
