0 0.0380859375 0.037109375 0.07421875 0.07421875
0 0.169921875 0.0458984375 0.06640625 0.091796875
0 0.1201171875 0.01806640625 0.087890625 0.0361328125
0 0.0400390625 0.166015625 0.080078125 0.0390625
0 0.0830078125 0.23876953125 0.052734375 0.0869140625
0 0.0576171875 0.28759765625 0.115234375 0.2392578125
0 0.025390625 0.3447265625 0.05078125 0.0625
0 0.19775390625 0.2978515625 0.0517578125 0.0390625
0 0.3251953125 0.31689453125 0.087890625 0.0556640625
0 0.177734375 0.353515625 0.087890625 0.064453125
0 0.17333984375 0.3486328125 0.1337890625 0.052734375
0 0.38330078125 0.01171875 0.0517578125 0.0234375
0 0.58447265625 0.0634765625 0.0673828125 0.126953125
0 0.4453125 0.1337890625 0.099609375 0.169921875
0 0.37353515625 0.1484375 0.1259765625 0.20703125
0 0.3740234375 0.2275390625 0.056640625 0.25
0 0.474609375 0.18212890625 0.09765625 0.0556640625
0 0.71142578125 0.03369140625 0.0634765625 0.0673828125
0 0.6845703125 0.12451171875 0.3046875 0.2001953125
0 0.87060546875 0.205078125 0.0595703125 0.078125
0 0.92138671875 0.19580078125 0.1064453125 0.1416015625
0 0.748046875 0.08984375 0.033203125 0.115234375
0 0.95361328125 0.10595703125 0.0908203125 0.1103515625
0 0.962890625 0.06640625 0.072265625 0.130859375
0 0.80615234375 0.20751953125 0.0791015625 0.2353515625
0 0.525390625 0.25 0.1953125 0.078125
0 0.54931640625 0.3427734375 0.1416015625 0.115234375
0 0.3798828125 0.501953125 0.087890625 0.07421875
0 0.453125 0.47900390625 0.05078125 0.0595703125
0 0.2783203125 0.36474609375 0.115234375 0.1728515625
0 0.2841796875 0.416015625 0.091796875 0.12109375
0 0.66015625 0.46630859375 0.08984375 0.2119140625
0 0.07421875 0.529296875 0.1484375 0.07421875
0 0.67431640625 0.578125 0.0791015625 0.05859375
0 0.55517578125 0.59765625 0.0908203125 0.0625
0 0.34765625 0.4951171875 0.14453125 0.251953125
0 0.375 0.634765625 0.09765625 0.126953125
0 0.2109375 0.611328125 0.123046875 0.12890625
0 0.21923828125 0.6865234375 0.1689453125 0.11328125
0 0.333984375 0.74609375 0.173828125 0.078125
0 0.10693359375 0.75634765625 0.0947265625 0.1650390625
0 0.05126953125 0.7392578125 0.1025390625 0.078125
0 0.03173828125 0.6865234375 0.0634765625 0.060546875
0 0.16357421875 0.83447265625 0.0986328125 0.1064453125
0 0.2109375 0.95947265625 0.1171875 0.0791015625
0 0.34033203125 0.8603515625 0.2119140625 0.15625
0 0.4423828125 0.935546875 0.083984375 0.12890625
0 0.56298828125 0.966796875 0.1181640625 0.064453125
0 0.7119140625 0.974609375 0.076171875 0.048828125
0 0.5703125 0.841796875 0.1484375 0.087890625
0 0.58837890625 0.8349609375 0.1884765625 0.20703125
0 0.5830078125 0.7578125 0.203125 0.1171875
0 0.65869140625 0.6455078125 0.1142578125 0.076171875
0 0.6875 0.6982421875 0.07421875 0.044921875
0 0.75732421875 0.8583984375 0.0751953125 0.041015625
0 0.84130859375 0.91015625 0.2119140625 0.07421875
0 0.947265625 0.9482421875 0.103515625 0.060546875
0 0.935546875 0.75 0.12890625 0.091796875
0 0.892578125 0.83984375 0.095703125 0.09765625
0 0.89453125 0.77001953125 0.2109375 0.2314453125
0 0.90234375 0.6328125 0.193359375 0.15234375
0 0.8955078125 0.6298828125 0.185546875 0.158203125
0 0.93505859375 0.54296875 0.0556640625 0.08203125
0 0.9140625 0.439453125 0.171875 0.14453125
0 0.8388671875 0.349609375 0.068359375 0.171875
0 0.94189453125 0.3779296875 0.1142578125 0.169921875
0 0.892578125 0.3486328125 0.05859375 0.064453125
0 0.96875 0.3173828125 0.060546875 0.1796875
0 0.97900390625 0.5380859375 0.0400390625 0.056640625
0 0.0146484375 0.27392578125 0.029296875 0.0400390625
0 0.990234375 0.38232421875 0.01953125 0.0283203125
