0 0.0244140625 0.58203125 0.048828125 0.0546875
0 0.2294921875 0.65234375 0.072265625 0.1015625
0 0.0556640625 0.30078125 0.083984375 0.14453125
0 0.390625 0.3837890625 0.11328125 0.068359375
0 0.2890625 0.4375 0.0546875 0.09375
0 0.96875 0.5634765625 0.0625 0.068359375
0 0.4541015625 0.623046875 0.099609375 0.08203125
0 0.5859375 0.2841796875 0.10546875 0.095703125
0 0.345703125 0.0537109375 0.078125 0.080078125
0 0.4619140625 0.087890625 0.072265625 0.08203125
0 0.53515625 0.0751953125 0.0625 0.091796875
0 0.6533203125 0.0400390625 0.076171875 0.060546875
0 0.98046875 0.109375 0.0390625 0.04296875
0 0.98046875 0.009765625 0.0390625 0.01953125
0 0.9697265625 0.0576171875 0.060546875 0.072265625
0 0.689453125 0.5498046875 0.62109375 0.595703125
0 0.521484375 0.55078125 0.0703125 0.10546875
0 0.90625 0.3818359375 0.16015625 0.115234375
0 0.640625 0.4619140625 0.11328125 0.068359375
0 0.779296875 0.3828125 0.25390625 0.13671875
0 0.6953125 0.630859375 0.16015625 0.1484375
0 0.6669921875 0.6708984375 0.068359375 0.060546875
0 0.6806640625 0.7294921875 0.076171875 0.080078125
0 0.5810546875 0.93359375 0.126953125 0.1171875
0 0.59375 0.8740234375 0.14453125 0.251953125
