0 0.62890625 0.03173828125 0.150390625 0.0576171875
0 0.65625 0.55322265625 0.087890625 0.0830078125
0 0.7392578125 0.16552734375 0.0703125 0.0654296875
0 0.736328125 0.0263671875 0.115234375 0.052734375
0 0.02978515625 0.75732421875 0.0595703125 0.0888671875
0 0.1318359375 0.5263671875 0.05859375 0.076171875
0 0.9775390625 0.14794921875 0.044921875 0.0595703125
0 0.0859375 0.4267578125 0.05859375 0.09375
0 0.14794921875 0.8017578125 0.0849609375 0.068359375
0 0.45458984375 0.39990234375 0.0537109375 0.0517578125
0 0.46484375 0.96337890625 0.078125 0.0732421875
0 0.66650390625 0.83447265625 0.1240234375 0.0712890625
0 0.27978515625 0.22998046875 0.0654296875 0.0595703125
0 0.2060546875 0.9189453125 0.087890625 0.0625
0 0.84912109375 0.5537109375 0.1982421875 0.111328125
0 0.15771484375 0.2822265625 0.0693359375 0.0703125
0 0.95751953125 0.24755859375 0.0849609375 0.0712890625
0 0.20751953125 0.18359375 0.1220703125 0.06640625
0 0.9404296875 0.8095703125 0.119140625 0.12890625
0 0.58642578125 0.72900390625 0.0693359375 0.0576171875
0 0.3857421875 0.861328125 0.095703125 0.076171875
0 0.27685546875 0.84326171875 0.0791015625 0.0673828125
0 0.46875 0.18701171875 0.189453125 0.0810546875
0 0.68798828125 0.966796875 0.0771484375 0.06640625
0 0.0615234375 0.640625 0.123046875 0.119140625
0 0.39794921875 0.70849609375 0.0517578125 0.0478515625
0 0.26171875 0.712890625 0.185546875 0.07421875
0 0.0126953125 0.439453125 0.025390625 0.091796875
0 0.4794921875 0.27294921875 0.072265625 0.0712890625
0 0.306640625 0.37451171875 0.134765625 0.1708984375
0 0.60107421875 0.4169921875 0.1708984375 0.16015625
0 0.27001953125 0.650390625 0.1123046875 0.064453125
0 0.7998046875 0.33251953125 0.126953125 0.1376953125
0 0.63671875 0.17041015625 0.072265625 0.0595703125
0 0.515625 0.5849609375 0.251953125 0.1015625
0 0.16796875 0.97802734375 0.078125 0.0439453125
0 0.3857421875 0.7763671875 0.09765625 0.07421875
