0 0.0625 0.1318359375 0.125 0.072265625
0 0.0322265625 0.29296875 0.052734375 0.0546875
0 0.0703125 0.3984375 0.09765625 0.1171875
0 0.2490234375 0.263671875 0.060546875 0.1171875
0 0.34765625 0.287109375 0.1015625 0.078125
0 0.431640625 0.1865234375 0.08984375 0.083984375
0 0.48046875 0.109375 0.09765625 0.09375
0 0.5927734375 0.2509765625 0.162109375 0.115234375
0 0.7216796875 0.275390625 0.138671875 0.12890625
0 0.7734375 0.193359375 0.078125 0.26953125
0 0.671875 0.392578125 0.0703125 0.1484375
0 0.388671875 0.416015625 0.08203125 0.09375
0 0.162109375 0.513671875 0.0703125 0.0703125
0 0.234375 0.6826171875 0.171875 0.107421875
0 0.404296875 0.6064453125 0.0859375 0.080078125
0 0.5244140625 0.71484375 0.080078125 0.0859375
0 0.794921875 0.70703125 0.1484375 0.09375
0 0.8798828125 0.6376953125 0.080078125 0.076171875
0 0.5625 0.7958984375 0.25 0.095703125
0 0.888671875 0.8388671875 0.078125 0.056640625
0 0.1806640625 0.91015625 0.146484375 0.1015625
0 0.0517578125 0.98046875 0.064453125 0.0390625
0 0.029296875 0.216796875 0.05859375 0.1328125
0 0.9912109375 0.3017578125 0.017578125 0.083984375
