0 0.29541015625 0.01611328125 0.0556640625 0.0322265625
0 0.02587890625 0.0400390625 0.0517578125 0.046875
0 0.02978515625 0.083984375 0.0595703125 0.03515625
0 0.10009765625 0.1328125 0.1181640625 0.05859375
0 0.337890625 0.16845703125 0.1328125 0.1650390625
0 0.21142578125 0.1953125 0.1572265625 0.07421875
0 0.37548828125 0.23486328125 0.1767578125 0.0830078125
0 0.05078125 0.30517578125 0.1015625 0.0986328125
0 0.0517578125 0.43505859375 0.103515625 0.1494140625
0 0.42626953125 0.52978515625 0.1806640625 0.1142578125
0 0.30859375 0.4267578125 0.224609375 0.09375
0 0.17822265625 0.4423828125 0.1806640625 0.060546875
0 0.3515625 0.7236328125 0.068359375 0.138671875
0 0.40234375 0.80859375 0.0859375 0.107421875
0 0.1845703125 0.7412109375 0.177734375 0.169921875
0 0.0556640625 0.71044921875 0.111328125 0.1376953125
0 0.2021484375 0.79052734375 0.041015625 0.0712890625
0 0.2431640625 0.81201171875 0.060546875 0.1611328125
0 0.1259765625 0.8818359375 0.115234375 0.14453125
0 0.04931640625 0.87451171875 0.0986328125 0.1142578125
0 0.03369140625 0.83349609375 0.0595703125 0.0869140625
0 0.26611328125 0.95654296875 0.2197265625 0.0673828125
0 0.21923828125 0.86572265625 0.0361328125 0.0361328125
0 0.5556640625 0.904296875 0.173828125 0.189453125
0 0.5654296875 0.98046875 0.052734375 0.037109375
0 0.705078125 0.923828125 0.1875 0.09375
0 0.72900390625 0.939453125 0.0986328125 0.12109375
0 0.7734375 0.81494140625 0.046875 0.0751953125
0 0.6357421875 0.85498046875 0.060546875 0.0595703125
0 0.6533203125 0.791015625 0.09375 0.16796875
0 0.72900390625 0.6650390625 0.1103515625 0.146484375
0 0.9375 0.68603515625 0.123046875 0.1025390625
0 0.80126953125 0.5927734375 0.1650390625 0.212890625
0 0.98681640625 0.56298828125 0.0244140625 0.1533203125
0 0.892578125 0.57470703125 0.150390625 0.0986328125
0 0.77734375 0.564453125 0.115234375 0.140625
0 0.8984375 0.55517578125 0.1015625 0.1025390625
0 0.95703125 0.42822265625 0.0703125 0.2431640625
0 0.56884765625 0.5712890625 0.1650390625 0.185546875
0 0.650390625 0.46728515625 0.16015625 0.0751953125
0 0.56005859375 0.44189453125 0.1337890625 0.1923828125
0 0.68359375 0.38037109375 0.10546875 0.1181640625
0 0.6455078125 0.36572265625 0.048828125 0.0791015625
0 0.72216796875 0.32421875 0.1845703125 0.154296875
0 0.4375 0.357421875 0.19140625 0.134765625
0 0.544921875 0.2880859375 0.15625 0.130859375
0 0.61181640625 0.19921875 0.2236328125 0.0859375
0 0.5439453125 0.2470703125 0.181640625 0.1640625
0 0.5205078125 0.1826171875 0.056640625 0.134765625
0 0.732421875 0.15673828125 0.134765625 0.1103515625
0 0.8232421875 0.14990234375 0.134765625 0.1962890625
0 0.771484375 0.052734375 0.244140625 0.087890625
0 0.845703125 0.01953125 0.078125 0.0390625
0 0.98291015625 0.9375 0.0322265625 0.0546875
0 0.2529296875 0.3623046875 0.216796875 0.107421875
0 0.3798828125 0.66748046875 0.173828125 0.1533203125
0 0.72119140625 0.85693359375 0.0791015625 0.0556640625
0 0.05322265625 0.93994140625 0.1064453125 0.0791015625
