0 0.626953125 0.06640625 0.048828125 0.05078125
0 0.61669921875 0.02783203125 0.0673828125 0.0537109375
0 0.56201171875 0.01611328125 0.0322265625 0.0322265625
0 0.44482421875 0.06884765625 0.0810546875 0.1005859375
0 0.47607421875 0.1728515625 0.0419921875 0.05859375
0 0.4599609375 0.21142578125 0.06640625 0.1376953125
0 0.515625 0.24169921875 0.04296875 0.0537109375
0 0.5498046875 0.19970703125 0.05859375 0.0654296875
0 0.60888671875 0.24169921875 0.0654296875 0.0517578125
0 0.6162109375 0.1435546875 0.05078125 0.0625
0 0.6923828125 0.201171875 0.05859375 0.103515625
0 0.3623046875 0.23876953125 0.05859375 0.0478515625
0 0.36279296875 0.16259765625 0.0478515625 0.0458984375
0 0.44287109375 0.31787109375 0.0576171875 0.0673828125
0 0.47998046875 0.39599609375 0.0341796875 0.0322265625
0 0.65771484375 0.376953125 0.0517578125 0.044921875
0 0.791015625 0.3779296875 0.037109375 0.04296875
0 0.57568359375 0.50439453125 0.0517578125 0.0751953125
0 0.4609375 0.5244140625 0.037109375 0.029296875
0 0.6123046875 0.59130859375 0.048828125 0.0439453125
0 0.45849609375 0.62548828125 0.0439453125 0.0419921875
0 0.55908203125 0.66162109375 0.0615234375 0.0595703125
0 0.64599609375 0.71142578125 0.0419921875 0.0478515625
0 0.58349609375 0.77880859375 0.0595703125 0.0732421875
0 0.5283203125 0.79833984375 0.08203125 0.0673828125
0 0.6357421875 0.85546875 0.0625 0.046875
0 0.6484375 0.908203125 0.03125 0.033203125
0 0.814453125 0.91357421875 0.064453125 0.0595703125
0 0.61376953125 0.91845703125 0.0302734375 0.0576171875
0 0.58984375 0.92919921875 0.046875 0.0517578125
0 0.54931640625 0.9638671875 0.0498046875 0.0546875
0 0.19921875 0.9619140625 0.0625 0.052734375
0 0.16796875 0.931640625 0.048828125 0.041015625
0 0.1416015625 0.96484375 0.0390625 0.044921875
0 0.1611328125 0.8916015625 0.076171875 0.068359375
0 0.107421875 0.90771484375 0.068359375 0.0517578125
0 0.3173828125 0.79248046875 0.0390625 0.0380859375
0 0.259765625 0.8720703125 0.0546875 0.060546875
0 0.2646484375 0.81591796875 0.0546875 0.0556640625
0 0.1796875 0.80419921875 0.0625 0.0751953125
0 0.28955078125 0.61279296875 0.0302734375 0.0302734375
0 0.2080078125 0.634765625 0.046875 0.037109375
0 0.27685546875 0.53662109375 0.0615234375 0.0498046875
0 0.20703125 0.56103515625 0.041015625 0.0302734375
0 0.0107421875 0.57763671875 0.021484375 0.0302734375
0 0.1083984375 0.52880859375 0.0390625 0.0380859375
0 0.0546875 0.39892578125 0.083984375 0.0478515625
0 0.02001953125 0.447265625 0.0400390625 0.04296875
0 0.90283203125 0.39599609375 0.0439453125 0.0419921875
0 0.97998046875 0.41259765625 0.0400390625 0.0458984375
0 0.9150390625 0.4951171875 0.0546875 0.037109375
0 0.91259765625 0.52392578125 0.0400390625 0.0419921875
0 0.9765625 0.484375 0.044921875 0.044921875
0 0.8857421875 0.5810546875 0.03515625 0.025390625
0 0.9794921875 0.56298828125 0.041015625 0.0458984375
0 0.9462890625 0.70263671875 0.046875 0.0361328125
0 0.97607421875 0.86474609375 0.0478515625 0.0400390625
0 0.9814453125 0.7353515625 0.037109375 0.046875
0 0.95947265625 0.794921875 0.0419921875 0.041015625
0 0.88720703125 0.82861328125 0.0556640625 0.0576171875
0 0.92578125 0.7783203125 0.060546875 0.048828125
0 0.92431640625 0.744140625 0.0732421875 0.041015625
0 0.888671875 0.79052734375 0.046875 0.0458984375
0 0.06787109375 0.33642578125 0.0615234375 0.0654296875
0 0.240234375 0.015625 0.037109375 0.03125
0 0.20654296875 0.02734375 0.0380859375 0.0546875
0 0.173828125 0.0126953125 0.0390625 0.025390625
0 0.89599609375 0.01416015625 0.0380859375 0.0283203125
0 0.96875 0.0341796875 0.044921875 0.048828125
0 0.93994140625 0.16845703125 0.0810546875 0.0615234375
0 0.9716796875 0.1259765625 0.052734375 0.052734375
0 0.935546875 0.28173828125 0.068359375 0.0751953125
0 0.9111328125 0.3408203125 0.04296875 0.04296875
0 0.96923828125 0.3037109375 0.0556640625 0.05078125
0 0.89453125 0.306640625 0.03515625 0.05078125
0 0.92626953125 0.818359375 0.0576171875 0.044921875
0 0.15478515625 0.01611328125 0.0400390625 0.0322265625
0 0.11181640625 0.0107421875 0.0498046875 0.021484375
0 0.9892578125 0.2294921875 0.021484375 0.048828125
0 0.9951171875 0.265625 0.009765625 0.0390625
0 0.970703125 0.25146484375 0.04296875 0.0595703125
0 0.990234375 0.35302734375 0.01953125 0.0439453125
0 0.96875 0.3876953125 0.056640625 0.05859375
0 0.1923828125 0.85107421875 0.0546875 0.0283203125
0 0.0576171875 0.48486328125 0.0390625 0.0244140625
0 0.0361328125 0.47119140625 0.052734375 0.0166015625
0 0.07373046875 0.458984375 0.0283203125 0.037109375
0 0.12060546875 0.41943359375 0.0205078125 0.0205078125
0 0.09619140625 0.3828125 0.0439453125 0.0390625
0 0.2138671875 0.595703125 0.0390625 0.033203125
0 0.07373046875 0.6064453125 0.0693359375 0.0546875
0 0.62890625 0.79345703125 0.056640625 0.0673828125
0 0.56103515625 0.701171875 0.0537109375 0.048828125
0 0.47900390625 0.4404296875 0.0302734375 0.02734375
0 0.22314453125 0.7998046875 0.0517578125 0.041015625
0 0.2880859375 0.9951171875 0.041015625 0.0078125
0 0.765625 0.7587890625 0.0234375 0.015625
0 0.62744140625 0.73388671875 0.0498046875 0.0498046875
0 0.07958984375 0.5244140625 0.0361328125 0.0390625
0 0.2392578125 0.8271484375 0.025390625 0.025390625
0 0.99267578125 0.15478515625 0.0146484375 0.0478515625
0 0.2373046875 0.89306640625 0.033203125 0.0263671875
0 0.92578125 0.7197265625 0.060546875 0.02734375
0 0.06884765625 0.41796875 0.0732421875 0.046875
0 0.04296875 0.4560546875 0.041015625 0.02734375
