0 0.58447265625 0.9619140625 0.1142578125 0.0703125
0 0.3740234375 0.4189453125 0.0703125 0.076171875
0 0.07177734375 0.98486328125 0.0927734375 0.0302734375
0 0.14697265625 0.0234375 0.1044921875 0.046875
0 0.779296875 0.0322265625 0.080078125 0.064453125
0 0.70703125 0.44580078125 0.115234375 0.1123046875
0 0.04736328125 0.0361328125 0.0927734375 0.072265625
0 0.0390625 0.95703125 0.07421875 0.068359375
0 0.80810546875 0.74658203125 0.0712890625 0.0888671875
0 0.27197265625 0.5419921875 0.0947265625 0.095703125
0 0.599609375 0.6806640625 0.095703125 0.091796875
0 0.32275390625 0.38623046875 0.0595703125 0.0751953125
0 0.2353515625 0.0361328125 0.095703125 0.072265625
0 0.3974609375 0.6640625 0.126953125 0.091796875
0 0.17431640625 0.484375 0.0947265625 0.099609375
0 0.53955078125 0.2646484375 0.0927734375 0.08203125
0 0.03955078125 0.1259765625 0.0751953125 0.072265625
0 0.265625 0.8642578125 0.142578125 0.205078125
0 0.4345703125 0.77587890625 0.095703125 0.1318359375
0 0.87548828125 0.2783203125 0.0693359375 0.103515625
0 0.04443359375 0.263671875 0.0849609375 0.107421875
0 0.14697265625 0.7041015625 0.1572265625 0.087890625
