0 0.3359375 0.04541015625 0.068359375 0.0439453125
0 0.861328125 0.703125 0.068359375 0.0625
0 0.0869140625 0.10400390625 0.07421875 0.0966796875
0 0.68359375 0.28173828125 0.037109375 0.0263671875
0 0.58251953125 0.5361328125 0.1044921875 0.05859375
0 0.03759765625 0.0107421875 0.0712890625 0.01953125
0 0.72900390625 0.787109375 0.1025390625 0.044921875
0 0.3359375 0.515625 0.09375 0.044921875
0 0.0439453125 0.80517578125 0.087890625 0.0673828125
0 0.89501953125 0.5322265625 0.0380859375 0.03125
0 0.91845703125 0.39306640625 0.0947265625 0.0478515625
0 0.43505859375 0.65771484375 0.0810546875 0.0439453125
0 0.48681640625 0.7568359375 0.0849609375 0.048828125
0 0.0908203125 0.4013671875 0.111328125 0.076171875
0 0.15869140625 0.24169921875 0.0810546875 0.0302734375
0 0.0283203125 0.09619140625 0.0546875 0.0458984375
0 0.0419921875 0.3955078125 0.080078125 0.05859375
0 0.29052734375 0.33447265625 0.0419921875 0.0244140625
0 0.78173828125 0.2685546875 0.0576171875 0.05078125
0 0.79052734375 0.5048828125 0.0419921875 0.052734375
0 0.49560546875 0.603515625 0.0556640625 0.03515625
0 0.23779296875 0.455078125 0.0947265625 0.048828125
0 0.33984375 0.39111328125 0.05859375 0.0693359375
0 0.73583984375 0.2060546875 0.0498046875 0.033203125
0 0.8720703125 0.50439453125 0.04296875 0.0322265625
0 0.8447265625 0.15869140625 0.05859375 0.0498046875
0 0.0703125 0.89892578125 0.115234375 0.0458984375
0 0.10595703125 0.5166015625 0.0966796875 0.05859375
0 0.6376953125 0.14990234375 0.111328125 0.0830078125
0 0.4794921875 0.515625 0.09375 0.064453125
0 0.3486328125 0.65771484375 0.07421875 0.0478515625
0 0.43505859375 0.3759765625 0.1181640625 0.060546875
0 0.91748046875 0.15087890625 0.1103515625 0.0654296875
0 0.27392578125 0.36083984375 0.0771484375 0.0341796875
0 0.150390625 0.03125 0.09765625 0.037109375
0 0.4404296875 0.021484375 0.111328125 0.0390625
0 0.24853515625 0.29736328125 0.0927734375 0.0439453125
0 0.68701171875 0.21533203125 0.0888671875 0.0634765625
0 0.31884765625 0.61669921875 0.0927734375 0.0419921875
0 0.76513671875 0.1767578125 0.0517578125 0.044921875
0 0.0595703125 0.44775390625 0.119140625 0.0439453125
0 0.60791015625 0.42529296875 0.0791015625 0.0458984375
0 0.83837890625 0.78271484375 0.0771484375 0.0439453125
0 0.53271484375 0.0732421875 0.0595703125 0.04296875
0 0.86279296875 0.84716796875 0.0595703125 0.0556640625
0 0.41357421875 0.54443359375 0.0966796875 0.0517578125
0 0.462890625 0.556640625 0.060546875 0.029296875
0 0.78955078125 0.4072265625 0.0751953125 0.0546875
0 0.6865234375 0.2626953125 0.0703125 0.033203125
0 0.77783203125 0.884765625 0.0458984375 0.033203125
0 0.931640625 0.775390625 0.05078125 0.05078125
0 0.919921875 0.44921875 0.048828125 0.0546875
0 0.19677734375 0.5732421875 0.1689453125 0.064453125
0 0.19775390625 0.796875 0.1025390625 0.046875
0 0.19189453125 0.275390625 0.0478515625 0.02734375
0 0.1435546875 0.62109375 0.08203125 0.05078125
0 0.0546875 0.50146484375 0.10546875 0.0927734375
0 0.2587890625 0.90673828125 0.095703125 0.0615234375
0 0.4716796875 0.86962890625 0.0703125 0.0361328125
0 0.123046875 0.85107421875 0.083984375 0.0712890625
0 0.36328125 0.83056640625 0.068359375 0.0400390625
0 0.8349609375 0.091796875 0.091796875 0.052734375
0 0.8369140625 0.18798828125 0.091796875 0.0576171875
0 0.4267578125 0.841796875 0.125 0.0390625
0 0.13330078125 0.7177734375 0.0869140625 0.041015625
0 0.9794921875 0.7998046875 0.041015625 0.140625
0 0.7177734375 0.13134765625 0.0703125 0.0458984375
0 0.65673828125 0.78564453125 0.0791015625 0.0556640625
0 0.302734375 0.58154296875 0.083984375 0.0224609375
0 0.3955078125 0.88134765625 0.087890625 0.0419921875
0 0.73974609375 0.880859375 0.0654296875 0.048828125
0 0.32568359375 0.73583984375 0.1044921875 0.0810546875
0 0.41943359375 0.61279296875 0.0595703125 0.0302734375
0 0.18994140625 0.66845703125 0.1083984375 0.0439453125
0 0.6875 0.744140625 0.068359375 0.03515625
0 0.94482421875 0.9013671875 0.0361328125 0.0234375
0 0.13916015625 0.2724609375 0.1005859375 0.076171875
0 0.7744140625 0.134765625 0.0546875 0.037109375
