0 0.70361328125 0.97265625 0.0830078125 0.0546875
0 0.46630859375 0.24267578125 0.0458984375 0.0517578125
0 0.06640625 0.68408203125 0.0546875 0.0498046875
0 0.18115234375 0.0126953125 0.0673828125 0.025390625
0 0.23095703125 0.86083984375 0.0537109375 0.0849609375
0 0.5263671875 0.41943359375 0.087890625 0.0517578125
0 0.81640625 0.9287109375 0.044921875 0.046875
0 0.32080078125 0.7841796875 0.0615234375 0.048828125
0 0.39404296875 0.07177734375 0.0966796875 0.0576171875
0 0.92138671875 0.4521484375 0.0654296875 0.046875
0 0.6943359375 0.93505859375 0.064453125 0.0458984375
0 0.4248046875 0.322265625 0.05859375 0.033203125
0 0.14208984375 0.15869140625 0.0458984375 0.0458984375
0 0.5439453125 0.48486328125 0.064453125 0.0380859375
0 0.9619140625 0.5537109375 0.0546875 0.05078125
0 0.6357421875 0.32275390625 0.087890625 0.0478515625
0 0.9814453125 0.80517578125 0.037109375 0.0537109375
0 0.1865234375 0.1298828125 0.05078125 0.05078125
0 0.8662109375 0.9453125 0.07421875 0.0546875
0 0.5009765625 0.728515625 0.06640625 0.05078125
0 0.91943359375 0.32763671875 0.0537109375 0.0419921875
0 0.76806640625 0.8466796875 0.0478515625 0.05078125
0 0.33447265625 0.4306640625 0.0673828125 0.048828125
0 0.82568359375 0.7470703125 0.0478515625 0.056640625
0 0.71484375 0.06494140625 0.04296875 0.0458984375
0 0.7587890625 0.951171875 0.064453125 0.068359375
0 0.0693359375 0.6298828125 0.04296875 0.029296875
0 0.0341796875 0.04052734375 0.05859375 0.0654296875
0 0.0361328125 0.57763671875 0.041015625 0.0439453125
0 0.068359375 0.2197265625 0.060546875 0.060546875
0 0.02734375 0.9716796875 0.048828125 0.052734375
0 0.59228515625 0.9306640625 0.0615234375 0.048828125
0 0.90234375 0.02099609375 0.06640625 0.0380859375
0 0.8876953125 0.8017578125 0.07421875 0.052734375
0 0.34521484375 0.16455078125 0.0654296875 0.0458984375
0 0.318359375 0.05224609375 0.0546875 0.0478515625
0 0.89404296875 0.22509765625 0.0830078125 0.0595703125
0 0.02734375 0.15478515625 0.048828125 0.0478515625
0 0.23486328125 0.48046875 0.0400390625 0.046875
0 0.81787109375 0.271484375 0.0712890625 0.044921875
0 0.845703125 0.19775390625 0.046875 0.0341796875
0 0.90673828125 0.67822265625 0.0458984375 0.0556640625
0 0.28662109375 0.8046875 0.0908203125 0.06640625
0 0.38623046875 0.869140625 0.0537109375 0.0390625
0 0.3876953125 0.2890625 0.056640625 0.0546875
0 0.71923828125 0.462890625 0.1240234375 0.068359375
