0 0.24267578125 0.0693359375 0.0615234375 0.115234375
0 0.4248046875 0.650390625 0.111328125 0.091796875
0 0.552734375 0.0341796875 0.0625 0.068359375
0 0.97509765625 0.55712890625 0.0498046875 0.0537109375
0 0.84716796875 0.3642578125 0.1162109375 0.07421875
0 0.2646484375 0.798828125 0.05859375 0.14453125
0 0.97021484375 0.810546875 0.0576171875 0.064453125
0 0.2001953125 0.171875 0.078125 0.12109375
0 0.46533203125 0.88330078125 0.0654296875 0.0419921875
0 0.9443359375 0.6123046875 0.111328125 0.060546875
0 0.53076171875 0.43994140625 0.1181640625 0.1396484375
0 0.66552734375 0.59716796875 0.0869140625 0.0615234375
0 0.5849609375 0.83837890625 0.12890625 0.1376953125
0 0.04150390625 0.16552734375 0.0673828125 0.1162109375
0 0.26416015625 0.568359375 0.0849609375 0.091796875
0 0.154296875 0.599609375 0.052734375 0.08203125
0 0.86181640625 0.58642578125 0.1533203125 0.0771484375
0 0.3984375 0.26806640625 0.087890625 0.1279296875
0 0.916015625 0.52685546875 0.16796875 0.0478515625
0 0.10986328125 0.94287109375 0.0966796875 0.0634765625
0 0.5849609375 0.873046875 0.0625 0.052734375
0 0.81494140625 0.7548828125 0.1103515625 0.076171875
0 0.28955078125 0.14892578125 0.0419921875 0.0830078125
0 0.337890625 0.3876953125 0.087890625 0.11328125
0 0.01806640625 0.54150390625 0.0361328125 0.0419921875
0 0.78857421875 0.1748046875 0.1103515625 0.154296875
0 0.26416015625 0.89306640625 0.0556640625 0.0849609375
0 0.42041015625 0.93603515625 0.0458984375 0.0654296875
0 0.96533203125 0.70361328125 0.0595703125 0.1064453125
0 0.54345703125 0.94580078125 0.0771484375 0.0751953125
0 0.69189453125 0.8818359375 0.1513671875 0.095703125
0 0.333984375 0.16650390625 0.125 0.0810546875
0 0.9775390625 0.23876953125 0.044921875 0.0576171875
0 0.798828125 0.18896484375 0.091796875 0.1416015625
0 0.1552734375 0.2705078125 0.068359375 0.09375
0 0.50439453125 0.1259765625 0.1005859375 0.09765625
0 0.1416015625 0.97412109375 0.06640625 0.0517578125
0 0.62109375 0.08935546875 0.048828125 0.1201171875
0 0.8017578125 0.49755859375 0.0703125 0.1552734375
0 0.82958984375 0.916015625 0.1416015625 0.150390625
0 0.94482421875 0.177734375 0.1103515625 0.177734375
0 0.1083984375 0.1279296875 0.060546875 0.1328125
0 0.44140625 0.7236328125 0.06640625 0.08203125
0 0.50146484375 0.70263671875 0.0537109375 0.0673828125
0 0.08935546875 0.25048828125 0.0498046875 0.1376953125
0 0.3544921875 0.84619140625 0.060546875 0.0869140625
0 0.26318359375 0.47216796875 0.0771484375 0.0849609375
0 0.3564453125 0.4365234375 0.0625 0.041015625
0 0.29931640625 0.515625 0.1201171875 0.08203125
0 0.32470703125 0.6962890625 0.0654296875 0.072265625
0 0.4365234375 0.5478515625 0.11328125 0.119140625
0 0.23486328125 0.65380859375 0.0927734375 0.1005859375
0 0.6162109375 0.95849609375 0.080078125 0.0458984375
0 0.43115234375 0.099609375 0.0498046875 0.060546875
0 0.61474609375 0.7587890625 0.0947265625 0.0546875
0 0.85791015625 0.48876953125 0.0771484375 0.0693359375
0 0.5517578125 0.359375 0.11328125 0.083984375
0 0.30322265625 0.048828125 0.0576171875 0.0625
0 0.35205078125 0.3876953125 0.1337890625 0.046875
0 0.1318359375 0.40185546875 0.0703125 0.1650390625
0 0.71240234375 0.8310546875 0.2275390625 0.078125
0 0.10693359375 0.044921875 0.0615234375 0.083984375
0 0.6767578125 0.34765625 0.072265625 0.107421875
0 0.04736328125 0.30419921875 0.0419921875 0.0654296875
0 0.0419921875 0.3779296875 0.052734375 0.078125
0 0.71337890625 0.791015625 0.0517578125 0.037109375
0 0.283203125 0.361328125 0.068359375 0.1328125
0 0.19580078125 0.28515625 0.0517578125 0.099609375
0 0.05419921875 0.9794921875 0.0693359375 0.0390625
0 0.87939453125 0.77294921875 0.0673828125 0.0537109375
0 0.0263671875 0.57861328125 0.052734375 0.0673828125
