0 0.435546875 0.11865234375 0.05078125 0.0439453125
0 0.04638671875 0.6240234375 0.0927734375 0.03515625
0 0.63720703125 0.32177734375 0.0302734375 0.0244140625
0 0.73974609375 0.82177734375 0.0927734375 0.0458984375
0 0.943359375 0.1826171875 0.052734375 0.068359375
0 0.076171875 0.57421875 0.08203125 0.060546875
0 0.607421875 0.548828125 0.091796875 0.068359375
0 0.568359375 0.02001953125 0.052734375 0.0400390625
0 0.3779296875 0.53857421875 0.048828125 0.0693359375
0 0.31396484375 0.623046875 0.0498046875 0.041015625
0 0.2080078125 0.80517578125 0.05859375 0.0576171875
0 0.68359375 0.982421875 0.060546875 0.033203125
0 0.1513671875 0.2236328125 0.06640625 0.056640625
0 0.50341796875 0.7841796875 0.0478515625 0.052734375
0 0.9775390625 0.94970703125 0.044921875 0.0849609375
0 0.8310546875 0.26953125 0.046875 0.04296875
0 0.73486328125 0.451171875 0.0654296875 0.05859375
0 0.02880859375 0.08935546875 0.0419921875 0.0361328125
0 0.51220703125 0.4677734375 0.0693359375 0.0625
0 0.3984375 0.638671875 0.064453125 0.046875
0 0.439453125 0.08544921875 0.064453125 0.0458984375
0 0.201171875 0.0458984375 0.095703125 0.091796875
0 0.75146484375 0.287109375 0.0380859375 0.052734375
0 0.0830078125 0.78759765625 0.06640625 0.0732421875
0 0.5634765625 0.2587890625 0.09765625 0.076171875
0 0.07421875 0.5439453125 0.0703125 0.044921875
0 0.353515625 0.85595703125 0.0625 0.0419921875
0 0.59375 0.48388671875 0.130859375 0.0771484375
0 0.6953125 0.6796875 0.068359375 0.068359375
0 0.8271484375 0.025390625 0.080078125 0.05078125
0 0.2822265625 0.02490234375 0.060546875 0.0498046875
0 0.267578125 0.181640625 0.046875 0.06640625
0 0.4365234375 0.77685546875 0.048828125 0.0576171875
0 0.81005859375 0.35498046875 0.0478515625 0.0341796875
0 0.85498046875 0.98583984375 0.0498046875 0.0244140625
0 0.60888671875 0.447265625 0.1298828125 0.068359375
0 0.13525390625 0.7294921875 0.0654296875 0.064453125
0 0.9267578125 0.958984375 0.04296875 0.064453125
0 0.16357421875 0.69580078125 0.0419921875 0.0380859375
0 0.55224609375 0.13623046875 0.0673828125 0.1005859375
0 0.875 0.51171875 0.029296875 0.0234375
0 0.97802734375 0.84033203125 0.0439453125 0.0439453125
0 0.1982421875 0.4921875 0.08203125 0.08203125
0 0.18505859375 0.216796875 0.0615234375 0.05078125
0 0.3671875 0.2138671875 0.087890625 0.1015625
0 0.25146484375 0.658203125 0.0888671875 0.064453125
0 0.55224609375 0.6875 0.0712890625 0.044921875
0 0.9443359375 0.72607421875 0.046875 0.0615234375
0 0.01806640625 0.7021484375 0.0361328125 0.046875
0 0.9140625 0.02685546875 0.060546875 0.0537109375
0 0.736328125 0.02001953125 0.08203125 0.0400390625
0 0.33984375 0.7177734375 0.03515625 0.046875
0 0.96923828125 0.345703125 0.0576171875 0.083984375
0 0.87939453125 0.71435546875 0.0693359375 0.1044921875
0 0.59033203125 0.61865234375 0.1181640625 0.0751953125
0 0.83837890625 0.67236328125 0.0556640625 0.0517578125
0 0.89599609375 0.44775390625 0.0634765625 0.0498046875
0 0.373046875 0.04443359375 0.0390625 0.0361328125
0 0.9609375 0.0185546875 0.046875 0.037109375
0 0.14453125 0.29833984375 0.041015625 0.0283203125
0 0.4150390625 0.50634765625 0.048828125 0.0693359375
0 0.6201171875 0.21484375 0.060546875 0.0546875
