0 0.97021484375 0.77490234375 0.0595703125 0.0810546875
0 0.9931640625 0.5654296875 0.01171875 0.041015625
0 0.962890625 0.578125 0.044921875 0.0703125
0 0.974609375 0.34423828125 0.05078125 0.1162109375
0 0.994140625 0.166015625 0.009765625 0.072265625
0 0.87255859375 0.2373046875 0.0458984375 0.08203125
0 0.8017578125 0.29541015625 0.12109375 0.0517578125
0 0.8720703125 0.4423828125 0.05078125 0.046875
0 0.9306640625 0.40087890625 0.0703125 0.0576171875
0 0.72412109375 0.4365234375 0.1005859375 0.05078125
0 0.62841796875 0.3681640625 0.0517578125 0.068359375
0 0.65576171875 0.28076171875 0.0654296875 0.0849609375
0 0.5966796875 0.626953125 0.162109375 0.12109375
0 0.6025390625 0.57666015625 0.0703125 0.0673828125
0 0.8271484375 0.6572265625 0.1953125 0.10546875
0 0.876953125 0.73291015625 0.228515625 0.0517578125
0 0.72705078125 0.75341796875 0.0927734375 0.2021484375
0 0.84228515625 0.85302734375 0.1787109375 0.1142578125
0 0.95068359375 0.955078125 0.0986328125 0.05078125
0 0.669921875 0.76953125 0.052734375 0.05859375
0 0.67919921875 0.82373046875 0.0966796875 0.0537109375
0 0.8251953125 0.806640625 0.029296875 0.03125
0 0.9326171875 0.90234375 0.10546875 0.048828125
0 0.58984375 0.82861328125 0.033203125 0.0751953125
0 0.75390625 0.98291015625 0.107421875 0.0341796875
0 0.98828125 0.98779296875 0.0234375 0.0244140625
0 0.82763671875 0.9658203125 0.0263671875 0.029296875
0 0.84765625 0.98974609375 0.078125 0.0205078125
0 0.98876953125 0.0634765625 0.0205078125 0.072265625
0 0.953125 0.03857421875 0.046875 0.0439453125
0 0.96533203125 0.09130859375 0.0439453125 0.0537109375
0 0.65380859375 0.14404296875 0.0771484375 0.0751953125
0 0.73095703125 0.04443359375 0.1435546875 0.0791015625
0 0.62548828125 0.07373046875 0.0849609375 0.1123046875
0 0.607421875 0.00830078125 0.041015625 0.0166015625
0 0.60791015625 0.0419921875 0.0341796875 0.0390625
0 0.56494140625 0.02197265625 0.0498046875 0.0439453125
0 0.51806640625 0.046875 0.0439453125 0.048828125
0 0.52685546875 0.25732421875 0.0439453125 0.0634765625
0 0.42529296875 0.36669921875 0.0263671875 0.0283203125
0 0.453125 0.271484375 0.1328125 0.060546875
0 0.35107421875 0.49072265625 0.0595703125 0.1396484375
0 0.4052734375 0.4462890625 0.056640625 0.064453125
0 0.142578125 0.54443359375 0.11328125 0.1259765625
0 0.13818359375 0.49072265625 0.0673828125 0.1689453125
0 0.48681640625 0.43115234375 0.1005859375 0.0263671875
0 0.36083984375 0.41552734375 0.0498046875 0.0517578125
0 0.197265625 0.416015625 0.052734375 0.076171875
0 0.2314453125 0.50146484375 0.041015625 0.1162109375
0 0.27734375 0.4912109375 0.04296875 0.080078125
0 0.28173828125 0.36279296875 0.0791015625 0.0751953125
0 0.267578125 0.421875 0.03125 0.052734375
0 0.30322265625 0.43408203125 0.0400390625 0.0712890625
0 0.3603515625 0.28173828125 0.056640625 0.0537109375
0 0.24072265625 0.23193359375 0.0712890625 0.0537109375
0 0.1064453125 0.2099609375 0.07421875 0.0703125
0 0.06396484375 0.14208984375 0.0908203125 0.0595703125
0 0.01708984375 0.076171875 0.0341796875 0.068359375
0 0.0244140625 0.02099609375 0.048828125 0.0419921875
0 0.2802734375 0.17919921875 0.068359375 0.0419921875
0 0.1650390625 0.02880859375 0.037109375 0.0576171875
0 0.3642578125 0.0439453125 0.048828125 0.05859375
0 0.3330078125 0.015625 0.072265625 0.03125
0 0.2529296875 0.04296875 0.115234375 0.052734375
0 0.1923828125 0.09765625 0.083984375 0.048828125
0 0.2099609375 0.1767578125 0.044921875 0.0390625
0 0.19287109375 0.13671875 0.0478515625 0.0390625
0 0.0283203125 0.7470703125 0.056640625 0.140625
0 0.060546875 0.7353515625 0.02734375 0.080078125
0 0.03466796875 0.79443359375 0.0400390625 0.0634765625
0 0.1865234375 0.75634765625 0.11328125 0.0419921875
0 0.0322265625 0.8505859375 0.060546875 0.060546875
0 0.0166015625 0.90869140625 0.033203125 0.0576171875
0 0.15673828125 0.8974609375 0.0439453125 0.115234375
0 0.240234375 0.83251953125 0.060546875 0.1220703125
0 0.3994140625 0.84375 0.046875 0.103515625
0 0.357421875 0.8076171875 0.046875 0.103515625
0 0.37158203125 0.89892578125 0.1083984375 0.0888671875
0 0.3134765625 0.9853515625 0.060546875 0.029296875
0 0.3447265625 0.95703125 0.107421875 0.0859375
0 0.23095703125 0.107421875 0.0400390625 0.08203125
0 0.15087890625 0.20458984375 0.0322265625 0.0341796875
0 0.0068359375 0.5810546875 0.013671875 0.080078125
