0 0.2802734375 0.72021484375 0.072265625 0.0634765625
0 0.69091796875 0.7861328125 0.0693359375 0.060546875
0 0.1796875 0.212890625 0.107421875 0.07421875
0 0.0341796875 0.5400390625 0.068359375 0.072265625
0 0.791015625 0.03955078125 0.072265625 0.0771484375
0 0.96875 0.49169921875 0.0625 0.1103515625
0 0.86279296875 0.16552734375 0.1259765625 0.0693359375
0 0.96044921875 0.8173828125 0.0556640625 0.06640625
0 0.2373046875 0.03955078125 0.06640625 0.0556640625
0 0.0478515625 0.63720703125 0.091796875 0.0751953125
0 0.93212890625 0.6025390625 0.0576171875 0.109375
0 0.3251953125 0.19677734375 0.125 0.0791015625
0 0.49755859375 0.2236328125 0.0888671875 0.10546875
0 0.75537109375 0.36572265625 0.0478515625 0.0556640625
0 0.123046875 0.89208984375 0.048828125 0.0712890625
0 0.80859375 0.9462890625 0.037109375 0.056640625
0 0.6904296875 0.3330078125 0.052734375 0.1640625
0 0.55810546875 0.7841796875 0.0830078125 0.095703125
0 0.43505859375 0.435546875 0.0771484375 0.076171875
0 0.9287109375 0.283203125 0.095703125 0.08984375
0 0.59326171875 0.39404296875 0.0419921875 0.0849609375
0 0.8330078125 0.52294921875 0.15234375 0.1650390625
0 0.044921875 0.9501953125 0.08984375 0.064453125
0 0.12353515625 0.603515625 0.1162109375 0.041015625
0 0.17333984375 0.8984375 0.0654296875 0.158203125
0 0.1474609375 0.40478515625 0.091796875 0.1025390625
0 0.68505859375 0.94873046875 0.0634765625 0.0439453125
0 0.51416015625 0.5361328125 0.1025390625 0.072265625
0 0.55615234375 0.1416015625 0.0830078125 0.126953125
0 0.7294921875 0.95947265625 0.11328125 0.0791015625
0 0.48486328125 0.96240234375 0.1298828125 0.0732421875
0 0.0625 0.28076171875 0.123046875 0.0556640625
0 0.60595703125 0.45849609375 0.1044921875 0.0654296875
0 0.32373046875 0.0986328125 0.0556640625 0.048828125
0 0.87548828125 0.400390625 0.0771484375 0.095703125
0 0.74609375 0.2939453125 0.048828125 0.080078125
