0 0.50634765625 0.857421875 0.0634765625 0.080078125
0 0.31689453125 0.83642578125 0.1259765625 0.1396484375
0 0.39794921875 0.595703125 0.0849609375 0.28515625
0 0.18701171875 0.5244140625 0.0908203125 0.099609375
0 0.1708984375 0.9755859375 0.0625 0.04296875
0 0.8896484375 0.76953125 0.083984375 0.091796875
0 0.92431640625 0.09619140625 0.0927734375 0.0712890625
0 0.51953125 0.4013671875 0.08203125 0.1484375
0 0.45458984375 0.62744140625 0.0634765625 0.0791015625
0 0.275390625 0.19384765625 0.08984375 0.0849609375
0 0.9560546875 0.94775390625 0.0859375 0.0654296875
0 0.212890625 0.10791015625 0.115234375 0.0673828125
0 0.01318359375 0.87939453125 0.0263671875 0.0576171875
0 0.25634765625 0.6357421875 0.1357421875 0.126953125
0 0.92919921875 0.61767578125 0.1416015625 0.1376953125
0 0.423828125 0.9677734375 0.09375 0.064453125
0 0.05419921875 0.6298828125 0.1083984375 0.080078125
0 0.43994140625 0.18212890625 0.1044921875 0.0927734375
0 0.10595703125 0.56298828125 0.0791015625 0.1123046875
0 0.087890625 0.96240234375 0.083984375 0.0732421875
0 0.59814453125 0.494140625 0.0908203125 0.05078125
0 0.5791015625 0.765625 0.125 0.08984375
0 0.01318359375 0.74755859375 0.0263671875 0.0927734375
0 0.73779296875 0.91357421875 0.1806640625 0.0908203125
0 0.64501953125 0.63037109375 0.0810546875 0.0908203125
0 0.71337890625 0.27734375 0.0771484375 0.083984375
0 0.1591796875 0.69189453125 0.080078125 0.1142578125
0 0.4150390625 0.76123046875 0.076171875 0.0908203125
0 0.50048828125 0.94775390625 0.1337890625 0.1044921875
0 0.33056640625 0.67138671875 0.0693359375 0.0791015625
0 0.7890625 0.73095703125 0.0859375 0.0693359375
0 0.978515625 0.2314453125 0.041015625 0.0625
0 0.06787109375 0.79638671875 0.0908203125 0.1064453125
