0 0.55517578125 0.07861328125 0.0439453125 0.0537109375
0 0.73779296875 0.33203125 0.0771484375 0.0546875
0 0.28564453125 0.30615234375 0.0439453125 0.1064453125
0 0.01953125 0.2666015625 0.0390625 0.103515625
0 0.103515625 0.1953125 0.064453125 0.080078125
0 0.59033203125 0.03515625 0.0673828125 0.0703125
0 0.5986328125 0.294921875 0.06640625 0.115234375
0 0.15478515625 0.48876953125 0.0380859375 0.0986328125
0 0.7373046875 0.361328125 0.1015625 0.06640625
0 0.73583984375 0.22998046875 0.0498046875 0.0634765625
0 0.58740234375 0.50341796875 0.0517578125 0.1220703125
0 0.1015625 0.541015625 0.044921875 0.099609375
0 0.84521484375 0.27783203125 0.0419921875 0.0771484375
0 0.76513671875 0.5556640625 0.0458984375 0.07421875
0 0.12939453125 0.57958984375 0.0498046875 0.0966796875
0 0.75048828125 0.42333984375 0.0576171875 0.0771484375
0 0.06640625 0.36474609375 0.0859375 0.0869140625
0 0.06396484375 0.3046875 0.0732421875 0.0546875
0 0.14794921875 0.05615234375 0.0732421875 0.0810546875
0 0.2099609375 0.49755859375 0.05078125 0.0810546875
0 0.2001953125 0.36962890625 0.0703125 0.0927734375
0 0.8232421875 0.33251953125 0.076171875 0.0966796875
0 0.2216796875 0.2333984375 0.03515625 0.06640625
0 0.6787109375 0.5849609375 0.048828125 0.13671875
0 0.37548828125 0.220703125 0.0419921875 0.046875
0 0.66650390625 0.4794921875 0.0771484375 0.10546875
0 0.294921875 0.03662109375 0.048828125 0.0732421875
0 0.1650390625 0.29443359375 0.1171875 0.0400390625
0 0.662109375 0.32421875 0.072265625 0.10546875
0 0.62109375 0.54248046875 0.0625 0.1376953125
0 0.04638671875 0.09814453125 0.0556640625 0.0634765625
0 0.18212890625 0.24365234375 0.0478515625 0.0888671875
0 0.791015625 0.09765625 0.068359375 0.083984375
0 0.13818359375 0.3896484375 0.0595703125 0.111328125
0 0.62890625 0.10693359375 0.076171875 0.0712890625
0 0.57275390625 0.38671875 0.0791015625 0.072265625
0 0.1943359375 0.09033203125 0.046875 0.0908203125
0 0.23193359375 0.43017578125 0.0341796875 0.1201171875
0 0.81103515625 0.25537109375 0.0595703125 0.0927734375
0 0.2421875 0.244140625 0.048828125 0.1015625
0 0.09716796875 0.251953125 0.0556640625 0.046875
0 0.5205078125 0.41064453125 0.052734375 0.1103515625
0 0.0234375 0.51611328125 0.046875 0.0927734375
0 0.49609375 0.11181640625 0.05078125 0.0791015625
0 0.03076171875 0.06103515625 0.0419921875 0.0419921875
0 0.23388671875 0.111328125 0.0419921875 0.06640625
0 0.66943359375 0.70361328125 0.0732421875 0.1435546875
