0 0.759765625 0.7783203125 0.11328125 0.087890625
0 0.91748046875 0.07421875 0.1513671875 0.123046875
0 0.56201171875 0.0556640625 0.2705078125 0.107421875
0 0.22412109375 0.76708984375 0.1650390625 0.1650390625
0 0.7119140625 0.609375 0.109375 0.09765625
0 0.376953125 0.78955078125 0.220703125 0.1455078125
0 0.57958984375 0.95458984375 0.0966796875 0.0615234375
0 0.94775390625 0.78857421875 0.1044921875 0.0830078125
0 0.72021484375 0.27978515625 0.0947265625 0.0986328125
0 0.9296875 0.2294921875 0.140625 0.169921875
0 0.78466796875 0.03955078125 0.1396484375 0.0751953125
0 0.87548828125 0.63330078125 0.1572265625 0.0927734375
0 0.263671875 0.94091796875 0.1875 0.1181640625
0 0.166015625 0.72021484375 0.109375 0.1044921875
0 0.24609375 0.0341796875 0.138671875 0.064453125
0 0.728515625 0.388671875 0.0859375 0.091796875
0 0.93896484375 0.673828125 0.1103515625 0.111328125
0 0.89599609375 0.15087890625 0.1376953125 0.1220703125
0 0.86279296875 0.7236328125 0.0966796875 0.103515625
