0 0.5302734375 0.2109375 0.060546875 0.07421875
0 0.13134765625 0.060546875 0.0615234375 0.046875
0 0.49755859375 0.86083984375 0.0537109375 0.0517578125
0 0.89306640625 0.845703125 0.0888671875 0.052734375
0 0.802734375 0.96630859375 0.115234375 0.0673828125
0 0.3212890625 0.5771484375 0.0859375 0.0625
0 0.38427734375 0.033203125 0.0419921875 0.06640625
0 0.216796875 0.193359375 0.07421875 0.109375
0 0.97802734375 0.72412109375 0.0439453125 0.0634765625
0 0.19873046875 0.27197265625 0.0654296875 0.0537109375
0 0.1796875 0.962890625 0.0703125 0.068359375
0 0.861328125 0.87939453125 0.04296875 0.0283203125
0 0.30859375 0.73828125 0.06640625 0.072265625
0 0.49365234375 0.74755859375 0.0966796875 0.0888671875
0 0.09423828125 0.369140625 0.0712890625 0.068359375
0 0.451171875 0.8232421875 0.087890625 0.091796875
0 0.4775390625 0.35498046875 0.0625 0.0712890625
0 0.19189453125 0.6572265625 0.0478515625 0.05078125
0 0.166015625 0.39794921875 0.087890625 0.0888671875
0 0.02880859375 0.81591796875 0.0576171875 0.0869140625
0 0.025390625 0.896484375 0.05078125 0.087890625
0 0.39453125 0.74267578125 0.12109375 0.0693359375
0 0.95263671875 0.0888671875 0.0576171875 0.05078125
0 0.677734375 0.37255859375 0.103515625 0.0712890625
0 0.53466796875 0.828125 0.0576171875 0.0859375
0 0.6376953125 0.1787109375 0.078125 0.0859375
0 0.900390625 0.345703125 0.08203125 0.05859375
0 0.17138671875 0.82421875 0.0595703125 0.064453125
0 0.279296875 0.806640625 0.068359375 0.0703125
0 0.80224609375 0.38525390625 0.0673828125 0.0478515625
0 0.96044921875 0.94580078125 0.0576171875 0.0537109375
0 0.79833984375 0.85888671875 0.0634765625 0.0556640625
0 0.69580078125 0.46484375 0.0615234375 0.064453125
0 0.271484375 0.16015625 0.05078125 0.072265625
0 0.8466796875 0.2880859375 0.083984375 0.107421875
0 0.8115234375 0.9013671875 0.087890625 0.05078125
0 0.81494140625 0.7978515625 0.0771484375 0.091796875
0 0.10205078125 0.2666015625 0.0673828125 0.0859375
0 0.58447265625 0.76318359375 0.0712890625 0.0654296875
0 0.05859375 0.50244140625 0.052734375 0.0478515625
0 0.7958984375 0.41259765625 0.076171875 0.0478515625
0 0.35693359375 0.2822265625 0.0576171875 0.087890625
0 0.0478515625 0.01611328125 0.060546875 0.0322265625
0 0.66943359375 0.30908203125 0.0849609375 0.0712890625
0 0.78369140625 0.01904296875 0.0615234375 0.0341796875
0 0.35107421875 0.79931640625 0.0517578125 0.0439453125
0 0.73681640625 0.6083984375 0.0478515625 0.080078125
0 0.6279296875 0.2724609375 0.044921875 0.041015625
0 0.57861328125 0.2626953125 0.0751953125 0.0625
0 0.48486328125 0.26904296875 0.0927734375 0.0654296875
0 0.828125 0.5927734375 0.046875 0.0625
0 0.40966796875 0.26708984375 0.0634765625 0.0771484375
