0 0.857421875 0.8330078125 0.0546875 0.05078125
0 0.63818359375 0.875 0.0712890625 0.06640625
0 0.5380859375 0.89111328125 0.1171875 0.0595703125
0 0.2822265625 0.91259765625 0.068359375 0.0498046875
0 0.49365234375 0.76708984375 0.0888671875 0.0732421875
0 0.37744140625 0.66748046875 0.0615234375 0.0771484375
0 0.28857421875 0.65771484375 0.0478515625 0.0654296875
0 0.26953125 0.75048828125 0.060546875 0.0400390625
0 0.34375 0.75830078125 0.048828125 0.0498046875
0 0.12646484375 0.63818359375 0.0751953125 0.0712890625
0 0.154296875 0.70556640625 0.0546875 0.0810546875
0 0.6416015625 0.728515625 0.05078125 0.044921875
0 0.759765625 0.6708984375 0.064453125 0.080078125
0 0.6220703125 0.63525390625 0.0859375 0.0556640625
0 0.57666015625 0.60400390625 0.0380859375 0.0830078125
0 0.48388671875 0.59619140625 0.0517578125 0.0498046875
0 0.42724609375 0.5654296875 0.0439453125 0.041015625
0 0.265625 0.56884765625 0.06640625 0.0498046875
0 0.34765625 0.56005859375 0.029296875 0.0380859375
0 0.38720703125 0.544921875 0.0302734375 0.04296875
0 0.66455078125 0.50537109375 0.0537109375 0.0849609375
0 0.8544921875 0.6044921875 0.041015625 0.046875
0 0.81396484375 0.57275390625 0.0439453125 0.0322265625
0 0.77490234375 0.4599609375 0.0595703125 0.041015625
0 0.5927734375 0.38427734375 0.115234375 0.0810546875
0 0.708984375 0.314453125 0.078125 0.0625
0 0.8515625 0.46044921875 0.041015625 0.0439453125
0 0.62890625 0.28515625 0.041015625 0.0390625
0 0.54638671875 0.1953125 0.0732421875 0.06640625
0 0.80322265625 0.31494140625 0.0654296875 0.0517578125
0 0.89013671875 0.1962890625 0.0361328125 0.029296875
0 0.86767578125 0.150390625 0.0400390625 0.04296875
0 0.80126953125 0.130859375 0.0615234375 0.0546875
0 0.8115234375 0.0537109375 0.044921875 0.06640625
0 0.361328125 0.12109375 0.044921875 0.0546875
0 0.24560546875 0.140625 0.0595703125 0.076171875
0 0.33642578125 0.27490234375 0.0439453125 0.0478515625
0 0.283203125 0.21533203125 0.056640625 0.0537109375
0 0.23779296875 0.2041015625 0.0498046875 0.04296875
0 0.1865234375 0.19580078125 0.033203125 0.0439453125
0 0.1904296875 0.3193359375 0.037109375 0.0390625
0 0.10546875 0.24951171875 0.0390625 0.0380859375
0 0.041015625 0.18994140625 0.05859375 0.0751953125
0 0.1044921875 0.52001953125 0.044921875 0.0439453125
0 0.07373046875 0.09326171875 0.1240234375 0.0537109375
0 0.1435546875 0.10009765625 0.072265625 0.0400390625
0 0.1240234375 0.04541015625 0.05078125 0.0244140625
0 0.1240234375 0.1962890625 0.060546875 0.03515625
0 0.18017578125 0.60791015625 0.0517578125 0.0458984375
0 0.82373046875 0.75390625 0.0302734375 0.03515625
0 0.7314453125 0.45458984375 0.04296875 0.0205078125
0 0.42578125 0.81689453125 0.037109375 0.0498046875
0 0.6708984375 0.744140625 0.037109375 0.033203125
0 0.31787109375 0.7373046875 0.0517578125 0.0390625
0 0.15576171875 0.599609375 0.0322265625 0.025390625
0 0.52734375 0.65673828125 0.04296875 0.0263671875
0 0.70361328125 0.57666015625 0.0244140625 0.0361328125
0 0.81884765625 0.35498046875 0.0537109375 0.0458984375
0 0.87353515625 0.3701171875 0.0380859375 0.048828125
0 0.16943359375 0.3046875 0.0341796875 0.033203125
0 0.0771484375 0.17333984375 0.044921875 0.0322265625
0 0.28857421875 0.12939453125 0.0380859375 0.0322265625
0 0.486328125 0.06494140625 0.037109375 0.0361328125
0 0.06005859375 0.2646484375 0.0517578125 0.041015625
0 0.76806640625 0.7509765625 0.0439453125 0.064453125
0 0.8544921875 0.7421875 0.041015625 0.03515625
