0 0.55224609375 0.05126953125 0.0810546875 0.1025390625
0 0.564453125 0.6591796875 0.09765625 0.06640625
0 0.5849609375 0.97314453125 0.099609375 0.0537109375
0 0.38623046875 0.21484375 0.0732421875 0.095703125
0 0.88818359375 0.95166015625 0.0810546875 0.0947265625
0 0.04052734375 0.1259765625 0.0810546875 0.07421875
0 0.6591796875 0.162109375 0.078125 0.0546875
0 0.19580078125 0.5048828125 0.0654296875 0.185546875
0 0.67138671875 0.44580078125 0.0888671875 0.0908203125
0 0.54833984375 0.5966796875 0.0712890625 0.0703125
0 0.6884765625 0.232421875 0.146484375 0.109375
0 0.30419921875 0.39306640625 0.0673828125 0.0732421875
0 0.94384765625 0.60498046875 0.0830078125 0.0986328125
0 0.78955078125 0.1748046875 0.1025390625 0.10546875
0 0.443359375 0.61865234375 0.076171875 0.0751953125
0 0.8544921875 0.4521484375 0.06640625 0.1328125
0 0.7158203125 0.0205078125 0.091796875 0.041015625
0 0.32568359375 0.4814453125 0.0888671875 0.087890625
0 0.36279296875 0.10205078125 0.0888671875 0.1435546875
0 0.6943359375 0.65087890625 0.072265625 0.0830078125
0 0.7080078125 0.52783203125 0.05859375 0.0751953125
0 0.33984375 0.59814453125 0.0859375 0.1044921875
0 0.41455078125 0.3759765625 0.0732421875 0.109375
0 0.28564453125 0.77392578125 0.1044921875 0.1337890625
0 0.16015625 0.28125 0.08984375 0.091796875
0 0.916015625 0.0390625 0.064453125 0.078125
0 0.369140625 0.6865234375 0.0546875 0.060546875
0 0.6103515625 0.50146484375 0.1015625 0.0771484375
0 0.61669921875 0.0283203125 0.0888671875 0.056640625
0 0.419921875 0.90283203125 0.083984375 0.0869140625
0 0.017578125 0.1904296875 0.03515625 0.08203125
0 0.61328125 0.82666015625 0.126953125 0.0791015625
0 0.08935546875 0.529296875 0.0712890625 0.08984375
0 0.9462890625 0.23876953125 0.103515625 0.0751953125
