0 0.92431640625 0.82470703125 0.0361328125 0.0712890625
0 0.79248046875 0.8623046875 0.0322265625 0.0703125
0 0.88525390625 0.7412109375 0.0380859375 0.052734375
0 0.73388671875 0.71923828125 0.0302734375 0.0341796875
0 0.4111328125 0.88671875 0.072265625 0.048828125
0 0.36376953125 0.89306640625 0.0341796875 0.0556640625
0 0.51171875 0.7939453125 0.037109375 0.056640625
0 0.1181640625 0.796875 0.060546875 0.0703125
0 0.3369140625 0.81787109375 0.044921875 0.0322265625
0 0.349609375 0.77294921875 0.044921875 0.0361328125
0 0.44775390625 0.7333984375 0.0654296875 0.033203125
0 0.439453125 0.69677734375 0.05078125 0.0439453125
0 0.2802734375 0.6826171875 0.04296875 0.060546875
0 0.1416015625 0.72509765625 0.0625 0.0498046875
0 0.19775390625 0.734375 0.0576171875 0.04296875
0 0.1416015625 0.66552734375 0.048828125 0.0302734375
0 0.4912109375 0.5693359375 0.078125 0.103515625
0 0.3642578125 0.529296875 0.048828125 0.080078125
0 0.2978515625 0.4501953125 0.064453125 0.03125
0 0.1103515625 0.50439453125 0.052734375 0.0673828125
0 0.7021484375 0.4775390625 0.07421875 0.060546875
0 0.93994140625 0.55615234375 0.0615234375 0.1025390625
0 0.841796875 0.56005859375 0.060546875 0.0830078125
0 0.80859375 0.5849609375 0.0625 0.046875
0 0.78466796875 0.37890625 0.0576171875 0.056640625
0 0.93212890625 0.4013671875 0.0771484375 0.052734375
0 0.67822265625 0.38525390625 0.0400390625 0.0556640625
0 0.62548828125 0.36181640625 0.0654296875 0.0458984375
0 0.62939453125 0.42431640625 0.0654296875 0.0439453125
0 0.47216796875 0.51318359375 0.0498046875 0.0302734375
0 0.4013671875 0.22412109375 0.103515625 0.0595703125
0 0.5283203125 0.12109375 0.06640625 0.048828125
0 0.345703125 0.13427734375 0.0546875 0.0771484375
0 0.82177734375 0.2568359375 0.0537109375 0.05859375
0 0.732421875 0.232421875 0.04296875 0.083984375
0 0.61474609375 0.28271484375 0.0791015625 0.0576171875
0 0.53125 0.61279296875 0.041015625 0.0458984375
0 0.5830078125 0.5966796875 0.03515625 0.037109375
0 0.595703125 0.62841796875 0.037109375 0.0361328125
0 0.28076171875 0.09326171875 0.0712890625 0.0517578125
0 0.22998046875 0.71337890625 0.0380859375 0.0302734375
0 0.35888671875 0.6376953125 0.0478515625 0.04296875
0 0.84765625 0.404296875 0.017578125 0.01953125
0 0.2197265625 0.0380859375 0.041015625 0.076171875
