0 0.38330078125 0.77197265625 0.0654296875 0.1240234375
0 0.451171875 0.6357421875 0.080078125 0.08984375
0 0.26611328125 0.6767578125 0.0947265625 0.111328125
0 0.71728515625 0.88623046875 0.1103515625 0.0869140625
0 0.25927734375 0.98779296875 0.0791015625 0.0224609375
0 0.2626953125 0.0283203125 0.10546875 0.056640625
0 0.12060546875 0.4453125 0.0732421875 0.099609375
0 0.7705078125 0.03125 0.064453125 0.0625
0 0.92138671875 0.36865234375 0.0537109375 0.1044921875
0 0.95849609375 0.75732421875 0.0830078125 0.1064453125
0 0.04541015625 0.71337890625 0.0908203125 0.0966796875
0 0.77685546875 0.6826171875 0.0498046875 0.095703125
0 0.03125 0.60986328125 0.060546875 0.0595703125
0 0.2861328125 0.17529296875 0.0546875 0.0654296875
0 0.61962890625 0.94873046875 0.0654296875 0.0595703125
0 0.70654296875 0.64892578125 0.0830078125 0.1650390625
0 0.63720703125 0.41259765625 0.0771484375 0.1396484375
0 0.24072265625 0.103515625 0.0595703125 0.0390625
0 0.84423828125 0.76025390625 0.0634765625 0.1259765625
0 0.6875 0.06103515625 0.060546875 0.0771484375
0 0.373046875 0.583984375 0.0703125 0.06640625
0 0.34912109375 0.53271484375 0.0771484375 0.0712890625
0 0.90625 0.544921875 0.0625 0.09375
0 0.76904296875 0.3974609375 0.0791015625 0.0625
0 0.48046875 0.8193359375 0.140625 0.072265625
0 0.0751953125 0.87060546875 0.103515625 0.0947265625
0 0.2158203125 0.11572265625 0.07421875 0.0380859375
0 0.1982421875 0.17919921875 0.05859375 0.0712890625
0 0.78515625 0.93017578125 0.03515625 0.0400390625
0 0.263671875 0.55517578125 0.072265625 0.0732421875
0 0.2080078125 0.8818359375 0.041015625 0.05859375
0 0.44189453125 0.23193359375 0.0537109375 0.1318359375
0 0.478515625 0.54248046875 0.07421875 0.0966796875
0 0.3994140625 0.12890625 0.0703125 0.056640625
0 0.17822265625 0.02734375 0.0458984375 0.0546875
0 0.673828125 0.2783203125 0.07421875 0.07421875
0 0.28173828125 0.443359375 0.0537109375 0.072265625
0 0.49560546875 0.27099609375 0.0751953125 0.1591796875
0 0.1435546875 0.23486328125 0.07421875 0.1455078125
0 0.1513671875 0.716796875 0.072265625 0.08984375
0 0.32568359375 0.80615234375 0.1142578125 0.1123046875
0 0.14208984375 0.97705078125 0.0654296875 0.0458984375
0 0.873046875 0.04541015625 0.056640625 0.0556640625
0 0.32080078125 0.25048828125 0.0693359375 0.0556640625
0 0.1064453125 0.7216796875 0.04296875 0.068359375
0 0.2275390625 0.49169921875 0.05859375 0.0595703125
0 0.228515625 0.3271484375 0.083984375 0.06640625
0 0.0283203125 0.2890625 0.056640625 0.10546875
0 0.13916015625 0.5400390625 0.0595703125 0.06640625
0 0.08251953125 0.35498046875 0.0595703125 0.0556640625
