0 0.26611328125 0.96728515625 0.0986328125 0.0654296875
0 0.3525390625 0.1064453125 0.09375 0.072265625
0 0.65771484375 0.7001953125 0.1337890625 0.095703125
0 0.7529296875 0.05078125 0.1484375 0.08203125
0 0.31787109375 0.0517578125 0.0888671875 0.060546875
0 0.86767578125 0.1455078125 0.0673828125 0.060546875
0 0.55126953125 0.09814453125 0.1220703125 0.0830078125
0 0.39404296875 0.826171875 0.1865234375 0.11328125
0 0.87548828125 0.7275390625 0.0771484375 0.068359375
0 0.89697265625 0.947265625 0.1787109375 0.10546875
0 0.51171875 0.5712890625 0.154296875 0.115234375
0 0.9130859375 0.82470703125 0.16796875 0.1005859375
0 0.96142578125 0.14013671875 0.0771484375 0.1064453125
0 0.046875 0.34716796875 0.091796875 0.0791015625
0 0.85888671875 0.24169921875 0.0986328125 0.0908203125
0 0.033203125 0.62255859375 0.064453125 0.0751953125
0 0.244140625 0.2626953125 0.130859375 0.095703125
0 0.07763671875 0.306640625 0.0751953125 0.07421875
0 0.28173828125 0.9052734375 0.0830078125 0.07421875
0 0.40478515625 0.4384765625 0.1669921875 0.171875
0 0.9404296875 0.037109375 0.09375 0.068359375
0 0.01416015625 0.24755859375 0.0263671875 0.0791015625
0 0.388671875 0.9599609375 0.09375 0.080078125
0 0.09423828125 0.6767578125 0.1357421875 0.072265625
0 0.8544921875 0.4970703125 0.169921875 0.15234375
0 0.0439453125 0.419921875 0.0859375 0.103515625
0 0.740234375 0.1220703125 0.125 0.107421875
0 0.24462890625 0.783203125 0.1103515625 0.1328125
0 0.15185546875 0.833984375 0.0732421875 0.078125
0 0.755859375 0.22607421875 0.119140625 0.0849609375
0 0.5185546875 0.8349609375 0.103515625 0.111328125
0 0.54736328125 0.025390625 0.0927734375 0.05078125
