0 0.93017578125 0.2158203125 0.0556640625 0.05078125
0 0.71337890625 0.05419921875 0.0634765625 0.0888671875
0 0.8994140625 0.05419921875 0.033203125 0.0458984375
0 0.49267578125 0.05419921875 0.0693359375 0.1044921875
0 0.33349609375 0.03955078125 0.0498046875 0.0517578125
0 0.26416015625 0.03662109375 0.0849609375 0.0732421875
0 0.18603515625 0.08349609375 0.0869140625 0.0498046875
0 0.22900390625 0.19287109375 0.0537109375 0.0615234375
0 0.36474609375 0.2109375 0.0478515625 0.08203125
0 0.43994140625 0.27783203125 0.0556640625 0.0654296875
0 0.52734375 0.26318359375 0.046875 0.0869140625
0 0.5859375 0.23876953125 0.041015625 0.0498046875
0 0.45263671875 0.20166015625 0.0458984375 0.0439453125
0 0.27783203125 0.35302734375 0.0576171875 0.0478515625
0 0.18212890625 0.291015625 0.0595703125 0.0390625
0 0.46484375 0.37451171875 0.044921875 0.0439453125
0 0.51318359375 0.412109375 0.0478515625 0.046875
0 0.7763671875 0.521484375 0.041015625 0.103515625
0 0.50830078125 0.57373046875 0.0654296875 0.0771484375
0 0.42138671875 0.70654296875 0.0537109375 0.0576171875
0 0.34912109375 0.662109375 0.0595703125 0.046875
0 0.2861328125 0.71484375 0.10546875 0.041015625
0 0.27685546875 0.61279296875 0.0595703125 0.0478515625
0 0.19775390625 0.580078125 0.0439453125 0.09375
0 0.162109375 0.5263671875 0.0546875 0.052734375
0 0.12255859375 0.48193359375 0.0556640625 0.0439453125
0 0.17236328125 0.43017578125 0.0478515625 0.0556640625
0 0.03955078125 0.43994140625 0.0673828125 0.0478515625
0 0.04931640625 0.68896484375 0.0556640625 0.0966796875
0 0.11572265625 0.70849609375 0.0615234375 0.0693359375
0 0.16650390625 0.68408203125 0.0517578125 0.0478515625
0 0.08740234375 0.76318359375 0.0498046875 0.0439453125
0 0.05908203125 0.81884765625 0.0947265625 0.0751953125
0 0.1572265625 0.80322265625 0.08984375 0.0634765625
0 0.14208984375 0.88037109375 0.0947265625 0.0712890625
0 0.35791015625 0.81982421875 0.0654296875 0.0576171875
0 0.46044921875 0.92822265625 0.0576171875 0.0634765625
0 0.517578125 0.771484375 0.03515625 0.03125
0 0.56396484375 0.86767578125 0.0576171875 0.0419921875
0 0.79638671875 0.82958984375 0.0576171875 0.0654296875
0 0.93310546875 0.92041015625 0.0419921875 0.0361328125
0 0.97802734375 0.6591796875 0.0322265625 0.033203125
0 0.9033203125 0.57080078125 0.0859375 0.0517578125
0 0.89404296875 0.39697265625 0.0556640625 0.0537109375
0 0.92431640625 0.2734375 0.0400390625 0.0390625
0 0.7119140625 0.24853515625 0.05078125 0.0341796875
0 0.62939453125 0.11083984375 0.0498046875 0.0439453125
0 0.11181640625 0.1474609375 0.0419921875 0.033203125
0 0.37451171875 0.14306640625 0.0517578125 0.0693359375
0 0.37646484375 0.5908203125 0.0400390625 0.0390625
0 0.2294921875 0.7861328125 0.04296875 0.048828125
0 0.70166015625 0.70751953125 0.0595703125 0.0439453125
0 0.70654296875 0.66455078125 0.0537109375 0.0478515625
0 0.26611328125 0.8359375 0.0732421875 0.033203125
0 0.57666015625 0.4736328125 0.0517578125 0.03515625
0 0.55224609375 0.50048828125 0.0576171875 0.0693359375
0 0.69287109375 0.4013671875 0.0419921875 0.044921875
0 0.21533203125 0.90625 0.0556640625 0.04296875
0 0.11865234375 0.0048828125 0.0400390625 0.009765625
