0 0.25537109375 0.169921875 0.0673828125 0.080078125
0 0.97216796875 0.3759765625 0.0556640625 0.09765625
0 0.17529296875 0.1689453125 0.0771484375 0.09375
0 0.7236328125 0.671875 0.044921875 0.06640625
0 0.189453125 0.72509765625 0.060546875 0.0595703125
0 0.76953125 0.52978515625 0.080078125 0.0947265625
0 0.8623046875 0.93505859375 0.080078125 0.0791015625
0 0.83984375 0.13330078125 0.0703125 0.1083984375
0 0.7763671875 0.8486328125 0.037109375 0.048828125
0 0.8115234375 0.2470703125 0.046875 0.064453125
0 0.18310546875 0.4306640625 0.0478515625 0.060546875
0 0.9287109375 0.73486328125 0.068359375 0.0869140625
0 0.55029296875 0.97216796875 0.0693359375 0.0537109375
0 0.62109375 0.9833984375 0.048828125 0.033203125
0 0.75390625 0.3154296875 0.04296875 0.060546875
0 0.66748046875 0.87841796875 0.0380859375 0.0458984375
0 0.02490234375 0.25439453125 0.0498046875 0.0966796875
0 0.02197265625 0.388671875 0.0400390625 0.068359375
0 0.13623046875 0.853515625 0.0576171875 0.068359375
0 0.63330078125 0.4775390625 0.0400390625 0.04296875
0 0.98095703125 0.1220703125 0.0380859375 0.044921875
