0 0.6103515625 0.37255859375 0.080078125 0.0830078125
0 0.48583984375 0.4970703125 0.0751953125 0.07421875
0 0.4013671875 0.08544921875 0.064453125 0.0908203125
0 0.02880859375 0.96435546875 0.0576171875 0.0712890625
0 0.615234375 0.1865234375 0.08203125 0.0859375
0 0.58154296875 0.9609375 0.1083984375 0.078125
0 0.71240234375 0.73193359375 0.0947265625 0.1259765625
0 0.95556640625 0.40869140625 0.0791015625 0.0712890625
0 0.02392578125 0.4375 0.0478515625 0.125
0 0.47705078125 0.68701171875 0.0927734375 0.1201171875
0 0.341796875 0.02978515625 0.087890625 0.0576171875
0 0.94140625 0.865234375 0.1171875 0.08203125
0 0.404296875 0.47119140625 0.087890625 0.1044921875
0 0.310546875 0.6875 0.087890625 0.154296875
0 0.580078125 0.55615234375 0.111328125 0.1357421875
0 0.2783203125 0.3447265625 0.07421875 0.06640625
0 0.46337890625 0.01953125 0.0849609375 0.0390625
0 0.365234375 0.5224609375 0.0859375 0.068359375
0 0.17626953125 0.66650390625 0.0966796875 0.1494140625
0 0.9677734375 0.97412109375 0.064453125 0.0517578125
0 0.01904296875 0.5693359375 0.0380859375 0.060546875
0 0.1728515625 0.0166015625 0.056640625 0.033203125
0 0.0888671875 0.537109375 0.0625 0.076171875
0 0.369140625 0.90283203125 0.126953125 0.1005859375
0 0.162109375 0.8984375 0.08203125 0.0625
0 0.67919921875 0.77685546875 0.0849609375 0.1396484375
0 0.23095703125 0.5888671875 0.0732421875 0.083984375
0 0.77099609375 0.705078125 0.1162109375 0.119140625
0 0.2734375 0.07470703125 0.078125 0.0341796875
0 0.95166015625 0.03955078125 0.0771484375 0.0791015625
0 0.89013671875 0.64013671875 0.0634765625 0.0654296875
