0 0.11767578125 0.86279296875 0.0537109375 0.0771484375
0 0.3095703125 0.68798828125 0.044921875 0.0361328125
0 0.2880859375 0.9111328125 0.060546875 0.060546875
0 0.38037109375 0.93798828125 0.0595703125 0.0322265625
0 0.4775390625 0.89404296875 0.08203125 0.0419921875
0 0.59130859375 0.93408203125 0.0537109375 0.0419921875
0 0.6572265625 0.92529296875 0.087890625 0.0517578125
0 0.5908203125 0.8203125 0.0703125 0.046875
0 0.6494140625 0.8720703125 0.05859375 0.04296875
0 0.7255859375 0.837890625 0.060546875 0.03515625
0 0.81884765625 0.89404296875 0.0439453125 0.0302734375
0 0.9052734375 0.91015625 0.037109375 0.033203125
0 0.791015625 0.7734375 0.095703125 0.05078125
0 0.7177734375 0.7421875 0.03515625 0.05078125
0 0.8134765625 0.6884765625 0.068359375 0.05078125
0 0.6328125 0.70556640625 0.04296875 0.0478515625
0 0.79443359375 0.55517578125 0.1064453125 0.0595703125
0 0.81982421875 0.52099609375 0.0869140625 0.0361328125
0 0.90087890625 0.57568359375 0.0615234375 0.0791015625
0 0.61279296875 0.53369140625 0.0576171875 0.0654296875
0 0.673828125 0.509765625 0.05859375 0.060546875
0 0.0283203125 0.52392578125 0.033203125 0.0556640625
0 0.12646484375 0.6015625 0.0751953125 0.0390625
0 0.2197265625 0.53564453125 0.041015625 0.0478515625
0 0.103515625 0.453125 0.0625 0.0546875
0 0.26220703125 0.31884765625 0.0576171875 0.0478515625
0 0.39599609375 0.34814453125 0.0673828125 0.0966796875
0 0.47607421875 0.35595703125 0.0537109375 0.1142578125
0 0.4345703125 0.189453125 0.0546875 0.0625
0 0.486328125 0.13671875 0.04296875 0.060546875
0 0.35302734375 0.17578125 0.0673828125 0.060546875
0 0.271484375 0.158203125 0.052734375 0.05859375
0 0.30908203125 0.103515625 0.0478515625 0.068359375
0 0.42041015625 0.08154296875 0.0595703125 0.0732421875
0 0.208984375 0.19970703125 0.048828125 0.0869140625
0 0.154296875 0.15380859375 0.0546875 0.0888671875
0 0.0595703125 0.12939453125 0.044921875 0.0576171875
0 0.05712890625 0.1728515625 0.0908203125 0.064453125
0 0.10498046875 0.18896484375 0.0517578125 0.0458984375
0 0.0478515625 0.05517578125 0.072265625 0.0498046875
0 0.1904296875 0.35888671875 0.0390625 0.0322265625
0 0.33740234375 0.4052734375 0.0361328125 0.05859375
0 0.63134765625 0.39501953125 0.0458984375 0.0400390625
0 0.8720703125 0.34619140625 0.04296875 0.0458984375
0 0.91064453125 0.27880859375 0.0458984375 0.0458984375
0 0.79052734375 0.05029296875 0.0712890625 0.0322265625
0 0.51708984375 0.24560546875 0.0849609375 0.0498046875
0 0.93359375 0.1591796875 0.0390625 0.07421875
0 0.63134765625 0.19091796875 0.0478515625 0.0595703125
0 0.78076171875 0.13818359375 0.0439453125 0.0732421875
0 0.673828125 0.23828125 0.041015625 0.0546875
0 0.7607421875 0.26513671875 0.056640625 0.0673828125
0 0.220703125 0.869140625 0.052734375 0.06640625
0 0.70947265625 0.25732421875 0.0419921875 0.0517578125
0 0.669921875 0.1787109375 0.029296875 0.064453125
0 0.466796875 0.17626953125 0.03125 0.0458984375
0 0.7958984375 0.37548828125 0.046875 0.0537109375
0 0.58251953125 0.1845703125 0.0419921875 0.064453125
0 0.8037109375 0.1865234375 0.068359375 0.068359375
0 0.77880859375 0.2236328125 0.0654296875 0.0390625
0 0.67236328125 0.32177734375 0.0361328125 0.0576171875
0 0.7490234375 0.9228515625 0.05078125 0.041015625
