0 0.71142578125 0.43359375 0.0849609375 0.076171875
0 0.8310546875 0.15283203125 0.0625 0.0751953125
0 0.01708984375 0.20166015625 0.0341796875 0.0654296875
0 0.9580078125 0.556640625 0.07421875 0.091796875
0 0.62890625 0.681640625 0.06640625 0.12109375
0 0.73291015625 0.06884765625 0.0615234375 0.0576171875
0 0.25634765625 0.07568359375 0.1005859375 0.0712890625
0 0.7314453125 0.54345703125 0.09765625 0.0908203125
0 0.13720703125 0.30126953125 0.0966796875 0.0888671875
0 0.0966796875 0.06787109375 0.099609375 0.0693359375
0 0.39892578125 0.42431640625 0.0869140625 0.0830078125
0 0.06494140625 0.2158203125 0.0830078125 0.1640625
0 0.7001953125 0.30078125 0.068359375 0.041015625
0 0.31689453125 0.9365234375 0.1044921875 0.0625
0 0.6376953125 0.60009765625 0.0703125 0.0673828125
0 0.89990234375 0.146484375 0.0419921875 0.05859375
0 0.4716796875 0.099609375 0.072265625 0.068359375
0 0.57080078125 0.28564453125 0.1494140625 0.0634765625
0 0.23828125 0.5654296875 0.06640625 0.068359375
0 0.21435546875 0.4765625 0.0673828125 0.0703125
0 0.5703125 0.458984375 0.09765625 0.111328125
0 0.896484375 0.3330078125 0.095703125 0.064453125
0 0.2734375 0.01123046875 0.087890625 0.0205078125
0 0.62353515625 0.9501953125 0.0908203125 0.048828125
0 0.41796875 0.5693359375 0.0859375 0.091796875
0 0.806640625 0.337890625 0.0859375 0.06640625
0 0.65478515625 0.34375 0.0576171875 0.046875
0 0.42578125 0.0322265625 0.06640625 0.05078125
0 0.82275390625 0.5263671875 0.0791015625 0.08203125
0 0.03857421875 0.900390625 0.0771484375 0.087890625
0 0.150390625 0.0234375 0.06640625 0.046875
0 0.5244140625 0.6689453125 0.09765625 0.080078125
0 0.978515625 0.37109375 0.04296875 0.0546875
0 0.51513671875 0.35888671875 0.1123046875 0.0791015625
0 0.2119140625 0.80859375 0.091796875 0.20703125
