0 0.146484375 0.2646484375 0.080078125 0.07421875
0 0.388671875 0.2578125 0.0546875 0.083984375
0 0.48828125 0.2314453125 0.052734375 0.1796875
0 0.7919921875 0.1474609375 0.076171875 0.146484375
0 0.70703125 0.298828125 0.05859375 0.111328125
0 0.74658203125 0.31689453125 0.1220703125 0.0673828125
0 0.7744140625 0.39794921875 0.193359375 0.1220703125
0 0.73095703125 0.21484375 0.2119140625 0.068359375
0 0.70703125 0.18994140625 0.1171875 0.1611328125
0 0.689453125 0.14794921875 0.04296875 0.0517578125
0 0.064453125 0.07177734375 0.056640625 0.1259765625
0 0.0283203125 0.017578125 0.056640625 0.03515625
0 0.10302734375 0.01611328125 0.0400390625 0.0322265625
0 0.1484375 0.0302734375 0.07421875 0.060546875
0 0.2939453125 0.044921875 0.1484375 0.08984375
0 0.2646484375 0.1005859375 0.099609375 0.083984375
0 0.52099609375 0.14990234375 0.1181640625 0.1650390625
0 0.41064453125 0.1357421875 0.1025390625 0.056640625
0 0.3857421875 0.08251953125 0.05078125 0.1064453125
0 0.46728515625 0.01953125 0.0517578125 0.0390625
0 0.28564453125 0.1591796875 0.0751953125 0.07421875
0 0.3671875 0.205078125 0.2109375 0.0859375
0 0.578125 0.33447265625 0.068359375 0.0908203125
0 0.5458984375 0.37890625 0.181640625 0.10546875
0 0.14111328125 0.478515625 0.1064453125 0.259765625
0 0.3095703125 0.623046875 0.109375 0.06640625
0 0.2333984375 0.6455078125 0.142578125 0.212890625
0 0.26806640625 0.7490234375 0.2001953125 0.138671875
0 0.1279296875 0.7138671875 0.10546875 0.173828125
0 0.66259765625 0.13818359375 0.0556640625 0.0869140625
0 0.05712890625 0.921875 0.0869140625 0.1484375
0 0.69091796875 0.880859375 0.0986328125 0.09375
0 0.59912109375 0.93896484375 0.1494140625 0.0478515625
0 0.6240234375 0.9375 0.130859375 0.123046875
0 0.5849609375 0.943359375 0.095703125 0.11328125
0 0.71923828125 0.94140625 0.0869140625 0.0390625
0 0.2890625 0.875 0.115234375 0.060546875
0 0.38330078125 0.84423828125 0.1298828125 0.0830078125
0 0.7109375 0.63232421875 0.115234375 0.0908203125
0 0.77392578125 0.607421875 0.0322265625 0.064453125
0 0.80078125 0.6328125 0.06640625 0.130859375
0 0.79736328125 0.7109375 0.1337890625 0.12109375
0 0.72509765625 0.5126953125 0.1533203125 0.095703125
0 0.47998046875 0.4814453125 0.1142578125 0.171875
0 0.466796875 0.595703125 0.12109375 0.109375
0 0.6416015625 0.79150390625 0.203125 0.0751953125
0 0.6044921875 0.7470703125 0.232421875 0.0625
0 0.5439453125 0.6162109375 0.060546875 0.17578125
0 0.99267578125 0.361328125 0.0126953125 0.12109375
0 0.935546875 0.849609375 0.12890625 0.095703125
0 0.91015625 0.80859375 0.08203125 0.15234375
0 0.84521484375 0.90625 0.0634765625 0.1875
0 0.9326171875 0.54736328125 0.091796875 0.1689453125
0 0.974609375 0.71826171875 0.05078125 0.2080078125
0 0.3935546875 0.376953125 0.08984375 0.244140625
0 0.3515625 0.365234375 0.0703125 0.2265625
