0 0.9384765625 0.068359375 0.1171875 0.048828125
0 0.82080078125 0.88232421875 0.1552734375 0.0478515625
0 0.8115234375 0.6865234375 0.150390625 0.0625
0 0.76416015625 0.78955078125 0.1435546875 0.0361328125
0 0.80078125 0.15283203125 0.173828125 0.0732421875
0 0.54443359375 0.9443359375 0.1455078125 0.08984375
0 0.869140625 0.50927734375 0.169921875 0.0810546875
0 0.61181640625 0.5966796875 0.1513671875 0.041015625
0 0.83837890625 0.28564453125 0.1630859375 0.0830078125
0 0.90380859375 0.40625 0.1865234375 0.056640625
0 0.41845703125 0.951171875 0.1220703125 0.09765625
0 0.5947265625 0.46484375 0.14453125 0.0703125
0 0.76806640625 0.7421875 0.2158203125 0.056640625
0 0.8388671875 0.57080078125 0.193359375 0.0673828125
0 0.83544921875 0.634765625 0.1826171875 0.0703125
0 0.837890625 0.92578125 0.162109375 0.068359375
0 0.92626953125 0.33837890625 0.1455078125 0.0830078125
0 0.951171875 0.927734375 0.09765625 0.06640625
0 0.736328125 0.71142578125 0.14453125 0.0400390625
0 0.93994140625 0.6982421875 0.1142578125 0.0546875
0 0.9306640625 0.7685546875 0.126953125 0.072265625
0 0.908203125 0.1982421875 0.171875 0.08203125
0 0.95947265625 0.26123046875 0.0810546875 0.0732421875
0 0.6044921875 0.8134765625 0.17578125 0.107421875
0 0.48291015625 0.46240234375 0.1083984375 0.0634765625
0 0.9345703125 0.84326171875 0.130859375 0.0673828125
