0 0.3125 0.12939453125 0.046875 0.0576171875
0 0.28857421875 0.17138671875 0.1201171875 0.0888671875
0 0.3154296875 0.34619140625 0.08203125 0.0888671875
0 0.2724609375 0.30126953125 0.0859375 0.0791015625
0 0.27734375 0.4365234375 0.0625 0.076171875
0 0.2119140625 0.40771484375 0.083984375 0.1494140625
0 0.1845703125 0.30615234375 0.044921875 0.0458984375
0 0.123046875 0.28076171875 0.052734375 0.0966796875
0 0.04248046875 0.2412109375 0.0849609375 0.099609375
0 0.10888671875 0.44384765625 0.0732421875 0.1064453125
0 0.08642578125 0.3447265625 0.1396484375 0.107421875
0 0.05224609375 0.39990234375 0.0712890625 0.1279296875
0 0.25830078125 0.51904296875 0.0595703125 0.0712890625
0 0.1845703125 0.60546875 0.1015625 0.060546875
0 0.20654296875 0.65966796875 0.0634765625 0.0673828125
0 0.03515625 0.6787109375 0.0703125 0.171875
0 0.0703125 0.6689453125 0.05078125 0.078125
0 0.60986328125 0.65673828125 0.0576171875 0.1552734375
0 0.544921875 0.8134765625 0.07421875 0.064453125
0 0.2568359375 0.9208984375 0.046875 0.044921875
0 0.37109375 0.96533203125 0.154296875 0.0576171875
0 0.56689453125 0.96630859375 0.1142578125 0.0654296875
0 0.70654296875 0.8701171875 0.0654296875 0.052734375
0 0.71484375 0.779296875 0.064453125 0.044921875
0 0.61572265625 0.8037109375 0.0791015625 0.056640625
0 0.658203125 0.82958984375 0.068359375 0.0986328125
0 0.78466796875 0.36083984375 0.0693359375 0.0986328125
0 0.85009765625 0.3056640625 0.1123046875 0.08984375
0 0.76708984375 0.23974609375 0.0771484375 0.1552734375
0 0.7060546875 0.27392578125 0.068359375 0.0791015625
0 0.619140625 0.2744140625 0.052734375 0.09375
0 0.6494140625 0.25048828125 0.052734375 0.1201171875
0 0.5205078125 0.283203125 0.05078125 0.056640625
0 0.544921875 0.32958984375 0.130859375 0.0751953125
0 0.59423828125 0.12744140625 0.0869140625 0.1376953125
0 0.69140625 0.1259765625 0.0703125 0.134765625
0 0.88037109375 0.0498046875 0.0810546875 0.099609375
0 0.7822265625 0.08349609375 0.05078125 0.0517578125
0 0.7177734375 0.0341796875 0.052734375 0.05078125
0 0.6162109375 0.037109375 0.07421875 0.07421875
0 0.80859375 0.1787109375 0.037109375 0.060546875
0 0.77587890625 0.166015625 0.0283203125 0.037109375
0 0.58837890625 0.7177734375 0.0654296875 0.078125
0 0.17822265625 0.4462890625 0.0498046875 0.072265625
