0 0.17822265625 0.86962890625 0.0751953125 0.0517578125
0 0.9052734375 0.9560546875 0.07421875 0.048828125
0 0.89501953125 0.59033203125 0.0712890625 0.0576171875
0 0.943359375 0.6806640625 0.087890625 0.044921875
0 0.84423828125 0.7177734375 0.0888671875 0.0625
0 0.96533203125 0.79443359375 0.0693359375 0.0810546875
0 0.10546875 0.876953125 0.0625 0.08984375
0 0.73681640625 0.23974609375 0.0751953125 0.0498046875
0 0.02685546875 0.84326171875 0.0537109375 0.0751953125
0 0.935546875 0.90087890625 0.08203125 0.0732421875
