0 0.33154296875 0.02294921875 0.0732421875 0.0439453125
0 0.1279296875 0.55224609375 0.06640625 0.0458984375
0 0.45458984375 0.927734375 0.0771484375 0.052734375
0 0.3876953125 0.35205078125 0.111328125 0.0869140625
0 0.474609375 0.4443359375 0.05078125 0.046875
0 0.22265625 0.7177734375 0.068359375 0.05859375
0 0.46044921875 0.619140625 0.0830078125 0.044921875
0 0.62060546875 0.18603515625 0.1513671875 0.0478515625
0 0.296875 0.853515625 0.0625 0.0546875
0 0.7998046875 0.0712890625 0.095703125 0.0546875
0 0.484375 0.02392578125 0.11328125 0.0458984375
0 0.43505859375 0.853515625 0.0771484375 0.05859375
0 0.947265625 0.33740234375 0.09375 0.0615234375
