0 0.49853515625 0.82373046875 0.0771484375 0.1591796875
0 0.90185546875 0.38818359375 0.1298828125 0.2705078125
0 0.40185546875 0.51953125 0.0595703125 0.134765625
0 0.83740234375 0.30859375 0.1416015625 0.072265625
0 0.7509765625 0.412109375 0.095703125 0.083984375
0 0.3720703125 0.533203125 0.03515625 0.087890625
0 0.5732421875 0.55224609375 0.14453125 0.0517578125
0 0.3271484375 0.38916015625 0.208984375 0.1982421875
0 0.68798828125 0.82177734375 0.2802734375 0.0986328125
0 0.19384765625 0.58740234375 0.0888671875 0.1162109375
0 0.1103515625 0.67919921875 0.11328125 0.0693359375
0 0.9775390625 0.181640625 0.04296875 0.06640625
0 0.13720703125 0.77587890625 0.0791015625 0.0986328125
0 0.9169921875 0.357421875 0.162109375 0.14453125
0 0.06494140625 0.6748046875 0.1142578125 0.068359375
0 0.2666015625 0.67919921875 0.07421875 0.1630859375
0 0.408203125 0.646484375 0.185546875 0.078125
0 0.41943359375 0.392578125 0.1220703125 0.12109375
0 0.2353515625 0.58154296875 0.06640625 0.0400390625
0 0.35595703125 0.615234375 0.0849609375 0.0859375
0 0.73583984375 0.95361328125 0.0458984375 0.0927734375
0 0.416015625 0.2607421875 0.060546875 0.07421875
0 0.33935546875 0.31591796875 0.1103515625 0.2626953125
0 0.38427734375 0.40966796875 0.0400390625 0.1005859375
0 0.43212890625 0.6640625 0.1923828125 0.08203125
0 0.92236328125 0.24267578125 0.0849609375 0.0556640625
0 0.34130859375 0.81103515625 0.2021484375 0.0693359375
0 0.224609375 0.7783203125 0.095703125 0.11328125
0 0.4150390625 0.04931640625 0.28125 0.0771484375
0 0.544921875 0.4287109375 0.080078125 0.05859375
0 0.66064453125 0.13330078125 0.1845703125 0.0751953125
0 0.92578125 0.03125 0.119140625 0.0625
0 0.048828125 0.05029296875 0.072265625 0.1005859375
0 0.5654296875 0.21923828125 0.064453125 0.1572265625
0 0.697265625 0.68017578125 0.076171875 0.1728515625
0 0.60107421875 0.01904296875 0.0478515625 0.0380859375
0 0.0712890625 0.72119140625 0.10546875 0.0302734375
0 0.5537109375 0.90869140625 0.11328125 0.1064453125
0 0.50830078125 0.04541015625 0.0400390625 0.0830078125
0 0.70654296875 0.2763671875 0.1083984375 0.12890625
0 0.07421875 0.2509765625 0.125 0.115234375
0 0.8681640625 0.26953125 0.046875 0.2109375
0 0.59765625 0.58642578125 0.052734375 0.1279296875
0 0.35693359375 0.80615234375 0.0693359375 0.1376953125
0 0.7861328125 0.1064453125 0.146484375 0.19921875
0 0.35791015625 0.1083984375 0.1025390625 0.138671875
0 0.38134765625 0.94287109375 0.0654296875 0.0380859375
0 0.9541015625 0.0546875 0.08984375 0.107421875
0 0.24658203125 0.306640625 0.0732421875 0.19921875
0 0.91845703125 0.76025390625 0.1611328125 0.0771484375
0 0.75 0.51123046875 0.06640625 0.0908203125
0 0.24072265625 0.98046875 0.0517578125 0.0390625
0 0.40283203125 0.0107421875 0.1220703125 0.021484375
0 0.0908203125 0.876953125 0.08203125 0.078125
0 0.041015625 0.80126953125 0.08203125 0.0966796875
0 0.8251953125 0.978515625 0.08203125 0.04296875
0 0.6337890625 0.703125 0.146484375 0.06640625
