0 0.35986328125 0.4580078125 0.0576171875 0.068359375
0 0.79296875 0.33154296875 0.068359375 0.0517578125
0 0.20947265625 0.70947265625 0.0595703125 0.0869140625
0 0.287109375 0.02099609375 0.0546875 0.0419921875
0 0.87451171875 0.79150390625 0.0478515625 0.0537109375
0 0.2919921875 0.39404296875 0.046875 0.0439453125
0 0.1435546875 0.87548828125 0.04296875 0.0498046875
0 0.2421875 0.6083984375 0.05078125 0.07421875
0 0.1240234375 0.3505859375 0.046875 0.0625
0 0.9091796875 0.1025390625 0.060546875 0.03515625
0 0.388671875 0.50537109375 0.044921875 0.0732421875
0 0.82763671875 0.5322265625 0.0400390625 0.052734375
0 0.82763671875 0.89794921875 0.0400390625 0.0400390625
0 0.44677734375 0.23779296875 0.0556640625 0.0537109375
0 0.5673828125 0.03369140625 0.056640625 0.0439453125
0 0.7490234375 0.5205078125 0.03515625 0.03125
0 0.44970703125 0.57861328125 0.0380859375 0.0654296875
0 0.111328125 0.77392578125 0.041015625 0.0517578125
0 0.4345703125 0.8046875 0.044921875 0.046875
0 0.03857421875 0.45751953125 0.0751953125 0.0927734375
0 0.1904296875 0.37255859375 0.0390625 0.0498046875
0 0.92333984375 0.4052734375 0.0419921875 0.048828125
0 0.9453125 0.96337890625 0.048828125 0.0693359375
0 0.40283203125 0.66552734375 0.0634765625 0.0576171875
0 0.68701171875 0.74755859375 0.0380859375 0.0419921875
0 0.3125 0.34716796875 0.103515625 0.0498046875
0 0.31005859375 0.19677734375 0.0712890625 0.0595703125
0 0.13037109375 0.30126953125 0.0595703125 0.0361328125
0 0.78759765625 0.08935546875 0.0673828125 0.0771484375
0 0.6005859375 0.86767578125 0.04296875 0.0556640625
0 0.0224609375 0.662109375 0.044921875 0.0546875
0 0.16455078125 0.8046875 0.0498046875 0.037109375
0 0.45849609375 0.9306640625 0.0419921875 0.037109375
0 0.86572265625 0.35205078125 0.0458984375 0.0556640625
0 0.25927734375 0.25390625 0.0478515625 0.056640625
0 0.05322265625 0.26904296875 0.0556640625 0.0458984375
0 0.09521484375 0.89306640625 0.0576171875 0.0732421875
0 0.31787109375 0.8330078125 0.0322265625 0.056640625
0 0.68212890625 0.05322265625 0.0615234375 0.0361328125
0 0.927734375 0.6435546875 0.048828125 0.046875
0 0.470703125 0.86767578125 0.041015625 0.0595703125
0 0.623046875 0.263671875 0.0703125 0.0390625
0 0.94921875 0.34619140625 0.037109375 0.0791015625
0 0.10009765625 0.32763671875 0.0595703125 0.0283203125
0 0.888671875 0.57177734375 0.04296875 0.0498046875
0 0.07666015625 0.240234375 0.0458984375 0.029296875
0 0.5390625 0.7060546875 0.041015625 0.0703125
0 0.84912109375 0.4833984375 0.0634765625 0.03125
0 0.79833984375 0.60546875 0.0498046875 0.06640625
0 0.283203125 0.728515625 0.03515625 0.041015625
0 0.263671875 0.50634765625 0.052734375 0.0439453125
