0 0.9658203125 0.427734375 0.06640625 0.0390625
0 0.79296875 0.3193359375 0.091796875 0.0625
0 0.92138671875 0.14990234375 0.0947265625 0.1162109375
0 0.798828125 0.09326171875 0.076171875 0.0751953125
0 0.92578125 0.0322265625 0.064453125 0.064453125
0 0.7138671875 0.1591796875 0.056640625 0.0546875
0 0.96533203125 0.3994140625 0.0673828125 0.033203125
0 0.53759765625 0.1708984375 0.0478515625 0.07421875
0 0.66357421875 0.056640625 0.0419921875 0.0859375
0 0.8671875 0.04296875 0.095703125 0.0859375
