0 0.39501953125 0.04931640625 0.1416015625 0.0966796875
0 0.2177734375 0.18359375 0.08984375 0.064453125
0 0.6376953125 0.91943359375 0.0625 0.1591796875
0 0.33642578125 0.37744140625 0.1396484375 0.0810546875
0 0.7900390625 0.74658203125 0.080078125 0.0693359375
0 0.26513671875 0.34033203125 0.1220703125 0.0576171875
0 0.11376953125 0.64208984375 0.0849609375 0.0830078125
0 0.9287109375 0.615234375 0.056640625 0.1640625
0 0.2412109375 0.619140625 0.099609375 0.068359375
0 0.7763671875 0.22265625 0.111328125 0.044921875
0 0.37890625 0.58935546875 0.083984375 0.0322265625
0 0.24072265625 0.39501953125 0.1162109375 0.0478515625
0 0.201171875 0.05517578125 0.119140625 0.1103515625
0 0.42138671875 0.41357421875 0.1064453125 0.0537109375
0 0.9296875 0.41943359375 0.140625 0.0888671875
0 0.373046875 0.19775390625 0.11328125 0.0439453125
0 0.2802734375 0.13037109375 0.091796875 0.0732421875
0 0.68359375 0.47314453125 0.15234375 0.0478515625
0 0.45166015625 0.73876953125 0.0830078125 0.0458984375
0 0.7939453125 0.54150390625 0.1484375 0.0439453125
0 0.02685546875 0.81787109375 0.0537109375 0.0830078125
0 0.23876953125 0.57275390625 0.1103515625 0.0810546875
0 0.75927734375 0.26953125 0.1103515625 0.0703125
0 0.24755859375 0.04833984375 0.0673828125 0.0634765625
0 0.23974609375 0.49755859375 0.1923828125 0.0693359375
0 0.6748046875 0.66455078125 0.123046875 0.0458984375
0 0.71044921875 0.599609375 0.1806640625 0.052734375
0 0.3359375 0.23681640625 0.10546875 0.0673828125
0 0.626953125 0.51904296875 0.05078125 0.0498046875
0 0.68017578125 0.328125 0.0693359375 0.048828125
0 0.57470703125 0.51416015625 0.0947265625 0.0380859375
0 0.83984375 0.49072265625 0.169921875 0.0732421875
0 0.10546875 0.27978515625 0.103515625 0.0458984375
0 0.13916015625 0.54833984375 0.0498046875 0.0732421875
0 0.80712890625 0.43701171875 0.1201171875 0.0341796875
0 0.62158203125 0.203125 0.1162109375 0.080078125
0 0.65087890625 0.28076171875 0.0927734375 0.0537109375
0 0.43701171875 0.4892578125 0.1201171875 0.072265625
0 0.6953125 0.42431640625 0.103515625 0.0634765625
0 0.55517578125 0.5908203125 0.0615234375 0.0546875
0 0.32421875 0.43310546875 0.162109375 0.0576171875
0 0.7548828125 0.1083984375 0.060546875 0.07421875
0 0.833984375 0.064453125 0.138671875 0.044921875
0 0.52001953125 0.1552734375 0.0908203125 0.037109375
0 0.427734375 0.56982421875 0.15625 0.0517578125
0 0.6728515625 0.7783203125 0.0625 0.0546875
0 0.8046875 0.1455078125 0.123046875 0.056640625
0 0.9130859375 0.3583984375 0.16796875 0.267578125
0 0.0205078125 0.11669921875 0.041015625 0.0869140625
0 0.25048828125 0.77001953125 0.0966796875 0.0419921875
0 0.7861328125 0.380859375 0.171875 0.060546875
