0 0.107421875 0.369140625 0.044921875 0.021484375
0 0.12744140625 0.03564453125 0.0439453125 0.0634765625
0 0.78564453125 0.05810546875 0.0517578125 0.0478515625
0 0.46826171875 0.47705078125 0.0673828125 0.0791015625
0 0.05712890625 0.796875 0.0693359375 0.07421875
0 0.19091796875 0.76708984375 0.0478515625 0.0595703125
0 0.8349609375 0.6904296875 0.064453125 0.064453125
0 0.49609375 0.19091796875 0.033203125 0.0673828125
0 0.69140625 0.7001953125 0.064453125 0.056640625
0 0.7265625 0.34326171875 0.05859375 0.0615234375
0 0.56591796875 0.05810546875 0.0849609375 0.0458984375
0 0.66845703125 0.26708984375 0.1220703125 0.0751953125
0 0.7255859375 0.89404296875 0.064453125 0.0751953125
0 0.748046875 0.6240234375 0.046875 0.052734375
0 0.8232421875 0.1318359375 0.05859375 0.052734375
0 0.5947265625 0.3359375 0.05859375 0.0546875
0 0.640625 0.92578125 0.052734375 0.0546875
0 0.57470703125 0.2783203125 0.1103515625 0.09765625
0 0.28759765625 0.23828125 0.0849609375 0.048828125
0 0.8359375 0.9140625 0.0625 0.064453125
0 0.65087890625 0.81103515625 0.0615234375 0.0576171875
0 0.0283203125 0.92529296875 0.0546875 0.0771484375
0 0.90771484375 0.56591796875 0.0830078125 0.0732421875
