0 0.22216796875 0.8349609375 0.0771484375 0.080078125
0 0.7294921875 0.80029296875 0.048828125 0.0556640625
0 0.2978515625 0.58984375 0.095703125 0.091796875
0 0.04345703125 0.49267578125 0.0869140625 0.1220703125
0 0.072265625 0.14453125 0.046875 0.0703125
0 0.44873046875 0.77392578125 0.0458984375 0.0458984375
0 0.9580078125 0.7373046875 0.060546875 0.0546875
0 0.79736328125 0.70361328125 0.0361328125 0.0341796875
0 0.37548828125 0.81787109375 0.0693359375 0.0693359375
0 0.6962890625 0.30859375 0.05859375 0.0546875
0 0.939453125 0.45361328125 0.056640625 0.0576171875
0 0.6064453125 0.205078125 0.11328125 0.091796875
0 0.0615234375 0.8330078125 0.052734375 0.048828125
0 0.23828125 0.68994140625 0.083984375 0.0810546875
0 0.5087890625 0.5966796875 0.052734375 0.048828125
0 0.82177734375 0.75390625 0.0908203125 0.064453125
0 0.10498046875 0.3095703125 0.0654296875 0.072265625
0 0.93212890625 0.2919921875 0.0810546875 0.072265625
0 0.58447265625 0.841796875 0.0673828125 0.04296875
0 0.14892578125 0.0849609375 0.0517578125 0.095703125
0 0.28076171875 0.86181640625 0.0361328125 0.0380859375
0 0.46630859375 0.41455078125 0.0751953125 0.0400390625
0 0.29736328125 0.30908203125 0.0595703125 0.0517578125
0 0.181640625 0.6396484375 0.052734375 0.056640625
0 0.716796875 0.40087890625 0.060546875 0.0732421875
0 0.53125 0.125 0.126953125 0.078125
0 0.78759765625 0.03125 0.0380859375 0.046875
0 0.46923828125 0.8740234375 0.0712890625 0.0703125
0 0.60400390625 0.49755859375 0.0498046875 0.0908203125
0 0.03369140625 0.28125 0.0673828125 0.0390625
0 0.53125 0.53271484375 0.041015625 0.0419921875
0 0.44287109375 0.7080078125 0.0908203125 0.0625
0 0.21630859375 0.265625 0.0986328125 0.052734375
0 0.2373046875 0.07470703125 0.04296875 0.0439453125
0 0.12646484375 0.02587890625 0.0537109375 0.0517578125
0 0.896484375 0.82080078125 0.05859375 0.0478515625
0 0.17724609375 0.41064453125 0.0615234375 0.0478515625
0 0.90576171875 0.10009765625 0.1240234375 0.0927734375
0 0.82470703125 0.857421875 0.0673828125 0.0546875
0 0.31787109375 0.4052734375 0.0673828125 0.0546875
0 0.8408203125 0.06884765625 0.0625 0.0595703125
0 0.5595703125 0.71337890625 0.068359375 0.0595703125
