0 0.5390625 0.1142578125 0.123046875 0.091796875
0 0.96826171875 0.0380859375 0.0615234375 0.076171875
0 0.0888671875 0.26171875 0.09765625 0.12109375
0 0.7822265625 0.03662109375 0.11328125 0.0732421875
0 0.6318359375 0.26220703125 0.126953125 0.0634765625
0 0.8232421875 0.9189453125 0.046875 0.06640625
0 0.89404296875 0.33642578125 0.0302734375 0.0400390625
0 0.47119140625 0.04541015625 0.0556640625 0.0673828125
0 0.59912109375 0.34375 0.0849609375 0.08203125
0 0.513671875 0.77001953125 0.080078125 0.0771484375
0 0.1474609375 0.76025390625 0.115234375 0.0595703125
0 0.81494140625 0.978515625 0.0576171875 0.04296875
0 0.3349609375 0.021484375 0.060546875 0.04296875
0 0.6572265625 0.19580078125 0.06640625 0.0693359375
0 0.42919921875 0.5654296875 0.0927734375 0.09375
0 0.5869140625 0.0390625 0.091796875 0.078125
0 0.677734375 0.35302734375 0.130859375 0.0712890625
0 0.7724609375 0.55224609375 0.056640625 0.0693359375
0 0.767578125 0.36669921875 0.052734375 0.0615234375
0 0.30224609375 0.97509765625 0.0908203125 0.0478515625
0 0.283203125 0.27587890625 0.064453125 0.0888671875
0 0.78466796875 0.9072265625 0.0810546875 0.076171875
0 0.0595703125 0.57373046875 0.08203125 0.0576171875
0 0.173828125 0.580078125 0.109375 0.095703125
0 0.04248046875 0.537109375 0.0849609375 0.05859375
0 0.0908203125 0.38525390625 0.0625 0.0869140625
0 0.4814453125 0.271484375 0.072265625 0.10546875
0 0.3623046875 0.8564453125 0.064453125 0.0625
0 0.02392578125 0.720703125 0.0478515625 0.0625
0 0.7451171875 0.134765625 0.056640625 0.09375
0 0.77490234375 0.12890625 0.0498046875 0.1015625
0 0.54345703125 0.91259765625 0.0712890625 0.1044921875
0 0.12890625 0.9638671875 0.078125 0.060546875
0 0.48095703125 0.60791015625 0.0908203125 0.0517578125
