0 0.27392578125 0.65185546875 0.0771484375 0.0361328125
0 0.14306640625 0.14208984375 0.0654296875 0.0693359375
0 0.04345703125 0.94677734375 0.0751953125 0.0478515625
0 0.03515625 0.75634765625 0.0703125 0.0283203125
0 0.904296875 0.841796875 0.033203125 0.046875
0 0.25634765625 0.79345703125 0.0595703125 0.0810546875
0 0.23291015625 0.49951171875 0.0537109375 0.0615234375
0 0.85888671875 0.5546875 0.0400390625 0.04296875
0 0.021484375 0.8046875 0.04296875 0.05859375
0 0.94287109375 0.20703125 0.0263671875 0.072265625
0 0.44091796875 0.19287109375 0.0400390625 0.0908203125
0 0.98095703125 0.5703125 0.0263671875 0.087890625
0 0.92041015625 0.92333984375 0.0302734375 0.0615234375
0 0.26904296875 0.5537109375 0.0634765625 0.0625
0 0.9462890625 0.1328125 0.05078125 0.064453125
0 0.20703125 0.91748046875 0.046875 0.0751953125
0 0.03076171875 0.73095703125 0.0498046875 0.0517578125
0 0.43115234375 0.49951171875 0.0771484375 0.0478515625
0 0.4775390625 0.8037109375 0.048828125 0.083984375
0 0.35205078125 0.5732421875 0.0283203125 0.046875
0 0.2275390625 0.16552734375 0.056640625 0.0732421875
0 0.29736328125 0.2236328125 0.0712890625 0.056640625
0 0.44287109375 0.89453125 0.0458984375 0.0546875
0 0.05908203125 0.87060546875 0.0400390625 0.0322265625
0 0.79736328125 0.68798828125 0.0595703125 0.0380859375
0 0.3388671875 0.45166015625 0.0390625 0.0537109375
0 0.02880859375 0.49169921875 0.0419921875 0.0654296875
0 0.6943359375 0.23388671875 0.029296875 0.0654296875
0 0.1455078125 0.8720703125 0.056640625 0.04296875
0 0.5 0.572265625 0.046875 0.060546875
0 0.2001953125 0.740234375 0.07421875 0.048828125
0 0.32275390625 0.4833984375 0.0419921875 0.07421875
0 0.755859375 0.2734375 0.0546875 0.056640625
0 0.38037109375 0.51171875 0.0576171875 0.06640625
0 0.640625 0.82275390625 0.083984375 0.0517578125
0 0.8681640625 0.4609375 0.056640625 0.072265625
0 0.64892578125 0.939453125 0.0517578125 0.0390625
0 0.1357421875 0.56494140625 0.044921875 0.0712890625
0 0.1181640625 0.48583984375 0.05078125 0.0439453125
0 0.38916015625 0.15771484375 0.0673828125 0.0556640625
0 0.24853515625 0.02587890625 0.0478515625 0.0322265625
0 0.90087890625 0.02685546875 0.0380859375 0.0537109375
0 0.5224609375 0.23583984375 0.076171875 0.0732421875
0 0.96923828125 0.76611328125 0.0302734375 0.0751953125
0 0.58740234375 0.05224609375 0.0341796875 0.0947265625
0 0.22998046875 0.46142578125 0.0615234375 0.0498046875
0 0.27587890625 0.93359375 0.0537109375 0.03515625
0 0.05615234375 0.130859375 0.0439453125 0.091796875
0 0.083984375 0.23583984375 0.060546875 0.0771484375
0 0.6474609375 0.50439453125 0.05078125 0.0732421875
0 0.57177734375 0.53515625 0.0556640625 0.1171875
0 0.97216796875 0.345703125 0.0322265625 0.04296875
0 0.408203125 0.84521484375 0.103515625 0.0986328125
0 0.82177734375 0.546875 0.0322265625 0.07421875
0 0.52783203125 0.88330078125 0.0478515625 0.0361328125
0 0.0712890625 0.82421875 0.056640625 0.04296875
0 0.29541015625 0.31982421875 0.0380859375 0.0615234375
0 0.68115234375 0.640625 0.0517578125 0.0546875
