0 0.94091796875 0.3134765625 0.0771484375 0.072265625
0 0.849609375 0.2880859375 0.064453125 0.052734375
0 0.24755859375 0.146484375 0.0654296875 0.09375
0 0.7919921875 0.373046875 0.134765625 0.15234375
0 0.85986328125 0.9130859375 0.0947265625 0.072265625
0 0.203125 0.146484375 0.08984375 0.06640625
0 0.45703125 0.7734375 0.150390625 0.1875
0 0.109375 0.95556640625 0.09765625 0.0751953125
0 0.45751953125 0.02587890625 0.0458984375 0.0517578125
0 0.06591796875 0.2900390625 0.0673828125 0.078125
0 0.61083984375 0.65185546875 0.1044921875 0.0634765625
0 0.74169921875 0.12548828125 0.1201171875 0.0517578125
0 0.81201171875 0.421875 0.0556640625 0.080078125
0 0.0634765625 0.9521484375 0.119140625 0.09375
0 0.3076171875 0.97314453125 0.064453125 0.0537109375
0 0.064453125 0.69287109375 0.091796875 0.1826171875
0 0.4033203125 0.59765625 0.107421875 0.052734375
0 0.2734375 0.7666015625 0.041015625 0.03515625
0 0.1630859375 0.96533203125 0.12890625 0.0693359375
0 0.5576171875 0.90576171875 0.109375 0.0634765625
0 0.90234375 0.45947265625 0.0859375 0.0576171875
0 0.9638671875 0.5517578125 0.072265625 0.072265625
0 0.10986328125 0.103515625 0.0595703125 0.12890625
0 0.71923828125 0.0634765625 0.0732421875 0.05859375
0 0.033203125 0.26806640625 0.0625 0.0830078125
0 0.51416015625 0.609375 0.0751953125 0.169921875
0 0.2978515625 0.046875 0.064453125 0.09375
0 0.47705078125 0.1279296875 0.0693359375 0.0625
0 0.2646484375 0.8154296875 0.0859375 0.0625
0 0.9658203125 0.03857421875 0.068359375 0.0771484375
0 0.16455078125 0.73974609375 0.0654296875 0.0947265625
0 0.7451171875 0.724609375 0.0546875 0.140625
0 0.67333984375 0.31787109375 0.0771484375 0.1025390625
0 0.24267578125 0.2998046875 0.0458984375 0.080078125
0 0.4130859375 0.19189453125 0.072265625 0.1044921875
0 0.7109375 0.8271484375 0.203125 0.08984375
0 0.53076171875 0.19482421875 0.0556640625 0.1025390625
0 0.4306640625 0.95849609375 0.095703125 0.0537109375
0 0.5341796875 0.48876953125 0.044921875 0.0849609375
0 0.31982421875 0.79638671875 0.0654296875 0.0712890625
0 0.8671875 0.3857421875 0.064453125 0.06640625
0 0.34912109375 0.68896484375 0.0849609375 0.1455078125
0 0.6591796875 0.76806640625 0.115234375 0.1572265625
0 0.88671875 0.14697265625 0.078125 0.1044921875
0 0.49267578125 0.20751953125 0.0302734375 0.0517578125
0 0.16259765625 0.5625 0.0927734375 0.09375
0 0.158203125 0.4921875 0.123046875 0.189453125
0 0.109375 0.71435546875 0.08984375 0.2001953125
