0 0.3291015625 0.71875 0.060546875 0.0625
0 0.482421875 0.693359375 0.0859375 0.07421875
0 0.41162109375 0.24169921875 0.0478515625 0.0634765625
0 0.24072265625 0.08837890625 0.1025390625 0.0810546875
0 0.29541015625 0.8515625 0.0478515625 0.06640625
0 0.6376953125 0.39208984375 0.03125 0.0576171875
0 0.43701171875 0.03955078125 0.0458984375 0.0615234375
0 0.50830078125 0.98193359375 0.0634765625 0.0361328125
0 0.1748046875 0.400390625 0.0703125 0.05859375
0 0.69677734375 0.8740234375 0.0615234375 0.10546875
0 0.66845703125 0.14453125 0.1318359375 0.056640625
0 0.85498046875 0.265625 0.0810546875 0.048828125
0 0.93798828125 0.69482421875 0.1025390625 0.0751953125
0 0.130859375 0.1064453125 0.052734375 0.03515625
0 0.54248046875 0.134765625 0.0439453125 0.03515625
0 0.52294921875 0.2509765625 0.0400390625 0.05078125
0 0.7275390625 0.712890625 0.05078125 0.068359375
0 0.61865234375 0.5419921875 0.1005859375 0.083984375
0 0.5771484375 0.61865234375 0.08984375 0.0830078125
0 0.96875 0.6298828125 0.0625 0.083984375
0 0.19482421875 0.63232421875 0.0576171875 0.0615234375
0 0.12841796875 0.95849609375 0.0380859375 0.0517578125
0 0.45458984375 0.3544921875 0.0771484375 0.10546875
0 0.814453125 0.5185546875 0.05078125 0.048828125
0 0.25341796875 0.916015625 0.0595703125 0.04296875
0 0.34912109375 0.048828125 0.0576171875 0.08203125
0 0.13232421875 0.92236328125 0.0361328125 0.0341796875
0 0.18212890625 0.7373046875 0.0400390625 0.044921875
0 0.3203125 0.91064453125 0.05078125 0.0283203125
0 0.2578125 0.466796875 0.0625 0.044921875
0 0.25 0.2578125 0.052734375 0.087890625
0 0.25537109375 0.69189453125 0.0615234375 0.0966796875
0 0.6064453125 0.36572265625 0.0625 0.0771484375
0 0.11181640625 0.55908203125 0.0458984375 0.0498046875
0 0.474609375 0.15087890625 0.041015625 0.0400390625
0 0.03857421875 0.4736328125 0.0771484375 0.083984375
0 0.7294921875 0.955078125 0.068359375 0.044921875
0 0.83935546875 0.14208984375 0.0498046875 0.0634765625
0 0.11083984375 0.787109375 0.0771484375 0.099609375
0 0.76611328125 0.25830078125 0.0634765625 0.0458984375
0 0.9072265625 0.3984375 0.056640625 0.052734375
0 0.064453125 0.5185546875 0.046875 0.04296875
0 0.1962890625 0.1923828125 0.052734375 0.080078125
0 0.36572265625 0.65966796875 0.0732421875 0.0908203125
