0 0.484375 0.099609375 0.041015625 0.07421875
0 0.21240234375 0.8505859375 0.0673828125 0.037109375
0 0.21826171875 0.02099609375 0.1103515625 0.0419921875
0 0.9423828125 0.9755859375 0.078125 0.048828125
0 0.83056640625 0.2548828125 0.0693359375 0.09765625
0 0.259765625 0.63671875 0.0546875 0.046875
0 0.14501953125 0.12158203125 0.0791015625 0.0810546875
0 0.2216796875 0.501953125 0.07421875 0.048828125
0 0.330078125 0.89794921875 0.037109375 0.0439453125
0 0.791015625 0.1806640625 0.07421875 0.08984375
0 0.267578125 0.3046875 0.05859375 0.046875
0 0.19384765625 0.17578125 0.0498046875 0.05859375
0 0.400390625 0.8974609375 0.060546875 0.0859375
0 0.1015625 0.68994140625 0.169921875 0.0791015625
0 0.91064453125 0.66845703125 0.0556640625 0.0478515625
0 0.97119140625 0.04443359375 0.0556640625 0.0517578125
0 0.84716796875 0.97802734375 0.0654296875 0.0439453125
0 0.1875 0.89599609375 0.056640625 0.0908203125
0 0.1201171875 0.46484375 0.044921875 0.103515625
0 0.92138671875 0.91552734375 0.0556640625 0.0576171875
0 0.48828125 0.630859375 0.05859375 0.05078125
0 0.61865234375 0.22607421875 0.0615234375 0.0751953125
0 0.2177734375 0.732421875 0.087890625 0.037109375
0 0.4970703125 0.29931640625 0.080078125 0.0498046875
0 0.11328125 0.216796875 0.025390625 0.05859375
0 0.9853515625 0.1494140625 0.0234375 0.060546875
0 0.75 0.43505859375 0.068359375 0.1044921875
0 0.19677734375 0.54296875 0.0439453125 0.033203125
0 0.97021484375 0.470703125 0.0595703125 0.08203125
0 0.25 0.76318359375 0.068359375 0.0380859375
0 0.5615234375 0.81103515625 0.0859375 0.0400390625
0 0.970703125 0.8447265625 0.056640625 0.0625
0 0.7236328125 0.7861328125 0.056640625 0.068359375
0 0.3427734375 0.49365234375 0.02734375 0.0380859375
0 0.2041015625 0.935546875 0.05078125 0.05078125
0 0.1435546875 0.54833984375 0.041015625 0.0419921875
0 0.84228515625 0.6552734375 0.0576171875 0.068359375
0 0.43701171875 0.16650390625 0.0751953125 0.1064453125
0 0.78955078125 0.26708984375 0.0302734375 0.0458984375
0 0.5537109375 0.67822265625 0.0546875 0.0576171875
0 0.94580078125 0.38427734375 0.0771484375 0.0673828125
0 0.978515625 0.28564453125 0.03515625 0.0458984375
0 0.36181640625 0.44140625 0.0419921875 0.087890625
0 0.21826171875 0.46240234375 0.0400390625 0.0283203125
0 0.8291015625 0.4912109375 0.05078125 0.0625
0 0.74462890625 0.689453125 0.0634765625 0.115234375
0 0.9013671875 0.134765625 0.02734375 0.0625
0 0.5322265625 0.95947265625 0.103515625 0.0810546875
0 0.212890625 0.48583984375 0.09765625 0.0419921875
0 0.30029296875 0.4228515625 0.0537109375 0.08984375
0 0.6123046875 0.0146484375 0.0703125 0.029296875
0 0.66845703125 0.5185546875 0.0654296875 0.10546875
0 0.9521484375 0.27783203125 0.05859375 0.0634765625
0 0.537109375 0.5107421875 0.07421875 0.08203125
0 0.84423828125 0.4423828125 0.0830078125 0.099609375
