0 0.748046875 0.23828125 0.08203125 0.072265625
0 0.47021484375 0.21240234375 0.1181640625 0.0751953125
0 0.71630859375 0.05859375 0.1494140625 0.1171875
0 0.16845703125 0.1376953125 0.0830078125 0.072265625
0 0.5478515625 0.146484375 0.03515625 0.06640625
0 0.50830078125 0.9560546875 0.0751953125 0.08203125
0 0.208984375 0.607421875 0.11328125 0.0859375
0 0.646484375 0.64892578125 0.046875 0.0400390625
0 0.0400390625 0.21728515625 0.080078125 0.0791015625
0 0.697265625 0.95849609375 0.056640625 0.0830078125
0 0.388671875 0.87158203125 0.0859375 0.0849609375
0 0.25146484375 0.90771484375 0.1689453125 0.0830078125
0 0.51904296875 0.056640625 0.2080078125 0.078125
0 0.26953125 0.7373046875 0.06640625 0.0625
0 0.27880859375 0.3408203125 0.2998046875 0.291015625
0 0.90380859375 0.21875 0.1044921875 0.052734375
0 0.30859375 0.60009765625 0.1015625 0.0712890625
0 0.91650390625 0.330078125 0.0927734375 0.134765625
0 0.97265625 0.24755859375 0.044921875 0.0595703125
0 0.2412109375 0.69482421875 0.064453125 0.0517578125
0 0.82177734375 0.69091796875 0.1552734375 0.0927734375
0 0.05419921875 0.783203125 0.0751953125 0.037109375
0 0.89453125 0.8447265625 0.142578125 0.05859375
0 0.9697265625 0.70703125 0.060546875 0.0859375
0 0.2978515625 0.83837890625 0.09375 0.0478515625
0 0.8515625 0.97607421875 0.068359375 0.0478515625
0 0.06298828125 0.365234375 0.1025390625 0.076171875
0 0.89697265625 0.890625 0.0419921875 0.033203125
0 0.83349609375 0.251953125 0.0634765625 0.080078125
0 0.76318359375 0.01953125 0.0556640625 0.0390625
0 0.6650390625 0.13818359375 0.12890625 0.0771484375
0 0.95263671875 0.07958984375 0.0947265625 0.1162109375
0 0.03466796875 0.94921875 0.0693359375 0.1015625
0 0.3017578125 0.97412109375 0.08203125 0.0498046875
0 0.625 0.26708984375 0.150390625 0.1123046875
0 0.63427734375 0.19287109375 0.0576171875 0.0595703125
0 0.40283203125 0.939453125 0.0654296875 0.060546875
0 0.41162109375 0.79150390625 0.0712890625 0.0673828125
0 0.0302734375 0.06103515625 0.060546875 0.1220703125
0 0.8916015625 0.33447265625 0.216796875 0.0654296875
0 0.1767578125 0.86865234375 0.10546875 0.0947265625
0 0.76708984375 0.978515625 0.0693359375 0.04296875
0 0.12353515625 0.962890625 0.0302734375 0.0546875
