0 0.01806640625 0.4853515625 0.0361328125 0.06640625
0 0.1123046875 0.099609375 0.0546875 0.07421875
0 0.45751953125 0.94677734375 0.0615234375 0.1044921875
0 0.01953125 0.625 0.0390625 0.078125
0 0.8759765625 0.61474609375 0.064453125 0.0771484375
0 0.7548828125 0.60693359375 0.087890625 0.0673828125
0 0.0166015625 0.27783203125 0.033203125 0.0888671875
0 0.8837890625 0.05029296875 0.078125 0.0556640625
0 0.26513671875 0.6611328125 0.0556640625 0.083984375
0 0.49267578125 0.91552734375 0.0888671875 0.0771484375
0 0.33447265625 0.224609375 0.0654296875 0.095703125
0 0.546875 0.5166015625 0.0703125 0.080078125
0 0.263671875 0.76416015625 0.0625 0.0810546875
0 0.275390625 0.60546875 0.06640625 0.07421875
0 0.32080078125 0.86767578125 0.0322265625 0.0498046875
0 0.3583984375 0.955078125 0.072265625 0.0859375
0 0.1865234375 0.9873046875 0.046875 0.0234375
0 0.57763671875 0.69677734375 0.0732421875 0.0732421875
0 0.3544921875 0.36669921875 0.134765625 0.0849609375
0 0.92919921875 0.404296875 0.1240234375 0.064453125
0 0.26171875 0.20458984375 0.0546875 0.0595703125
0 0.08154296875 0.1484375 0.0712890625 0.056640625
0 0.39501953125 0.1611328125 0.0654296875 0.048828125
0 0.56640625 0.75244140625 0.0546875 0.0595703125
0 0.06103515625 0.81103515625 0.0673828125 0.0771484375
0 0.98828125 0.611328125 0.021484375 0.103515625
0 0.97265625 0.48681640625 0.052734375 0.0791015625
0 0.67822265625 0.9521484375 0.0771484375 0.095703125
