0 0.978515625 0.23193359375 0.03515625 0.1240234375
0 0.71826171875 0.1572265625 0.0732421875 0.10546875
0 0.80322265625 0.220703125 0.0869140625 0.13671875
0 0.90087890625 0.10546875 0.0771484375 0.142578125
0 0.8134765625 0.6171875 0.087890625 0.080078125
0 0.8076171875 0.50048828125 0.06640625 0.0478515625
0 0.794921875 0.06787109375 0.0703125 0.0673828125
0 0.74560546875 0.57666015625 0.0712890625 0.0595703125
0 0.82373046875 0.74169921875 0.1103515625 0.1142578125
0 0.5341796875 0.716796875 0.09765625 0.064453125
0 0.93017578125 0.9765625 0.0556640625 0.04296875
0 0.0361328125 0.96435546875 0.072265625 0.0380859375
0 0.02685546875 0.123046875 0.0537109375 0.177734375
0 0.7421875 0.4970703125 0.115234375 0.140625
0 0.04150390625 0.9794921875 0.0830078125 0.041015625
0 0.87939453125 0.984375 0.0537109375 0.03125
0 0.70068359375 0.48095703125 0.0869140625 0.1220703125
0 0.8955078125 0.54248046875 0.064453125 0.0576171875
