0 0.88330078125 0.63330078125 0.0673828125 0.0908203125
0 0.92724609375 0.48095703125 0.0654296875 0.1025390625
0 0.943359375 0.92919921875 0.08984375 0.1376953125
0 0.97216796875 0.30224609375 0.0556640625 0.0751953125
0 0.86962890625 0.46826171875 0.0654296875 0.1181640625
0 0.8173828125 0.56982421875 0.103515625 0.0732421875
0 0.93701171875 0.556640625 0.0634765625 0.095703125
0 0.94921875 0.7470703125 0.056640625 0.12109375
0 0.8681640625 0.3095703125 0.08203125 0.10546875
0 0.84814453125 0.5263671875 0.1357421875 0.134765625
0 0.916015625 0.353515625 0.107421875 0.08203125
