0 0.693359375 0.044921875 0.111328125 0.087890625
0 0.603515625 0.6630859375 0.056640625 0.05078125
0 0.27099609375 0.67724609375 0.0498046875 0.0517578125
0 0.87109375 0.916015625 0.056640625 0.0625
0 0.96044921875 0.90087890625 0.0693359375 0.0634765625
0 0.95361328125 0.02587890625 0.0927734375 0.0517578125
0 0.9482421875 0.58203125 0.09765625 0.119140625
0 0.2646484375 0.908203125 0.087890625 0.103515625
0 0.31396484375 0.3154296875 0.0791015625 0.09375
0 0.84375 0.107421875 0.037109375 0.04296875
0 0.15283203125 0.70068359375 0.0419921875 0.0458984375
0 0.529296875 0.78173828125 0.125 0.1201171875
0 0.9697265625 0.73876953125 0.060546875 0.0537109375
0 0.56982421875 0.56298828125 0.1240234375 0.0908203125
0 0.4892578125 0.08447265625 0.205078125 0.1591796875
0 0.9267578125 0.86669921875 0.107421875 0.0771484375
0 0.46044921875 0.6259765625 0.1396484375 0.123046875
0 0.6123046875 0.91015625 0.080078125 0.072265625
0 0.1494140625 0.38525390625 0.072265625 0.1083984375
0 0.13818359375 0.087890625 0.0576171875 0.0625
0 0.23779296875 0.10546875 0.1005859375 0.1171875
0 0.943359375 0.47900390625 0.10546875 0.0673828125
0 0.1162109375 0.23828125 0.041015625 0.064453125
0 0.81201171875 0.2763671875 0.1005859375 0.060546875
0 0.90283203125 0.10400390625 0.0986328125 0.0927734375
