0 0.60546875 0.22900390625 0.064453125 0.0595703125
0 0.193359375 0.46728515625 0.048828125 0.0380859375
0 0.65966796875 0.7314453125 0.0478515625 0.052734375
0 0.68994140625 0.458984375 0.0556640625 0.083984375
0 0.96044921875 0.36767578125 0.0693359375 0.0556640625
0 0.2158203125 0.58154296875 0.115234375 0.0849609375
0 0.66064453125 0.05517578125 0.0693359375 0.0595703125
0 0.5830078125 0.8642578125 0.06640625 0.060546875
0 0.88671875 0.79541015625 0.083984375 0.0888671875
0 0.5771484375 0.51513671875 0.02734375 0.0380859375
0 0.06201171875 0.3837890625 0.0537109375 0.052734375
0 0.59033203125 0.41748046875 0.0478515625 0.0419921875
0 0.80029296875 0.64208984375 0.0673828125 0.0556640625
0 0.7265625 0.24365234375 0.0625 0.0693359375
0 0.63330078125 0.5009765625 0.0498046875 0.029296875
0 0.400390625 0.10107421875 0.0859375 0.0478515625
0 0.05908203125 0.5849609375 0.0751953125 0.05078125
0 0.75732421875 0.46728515625 0.0439453125 0.0634765625
0 0.654296875 0.6845703125 0.037109375 0.0390625
0 0.658203125 0.9140625 0.060546875 0.0546875
0 0.5869140625 0.7001953125 0.048828125 0.0390625
0 0.52001953125 0.05078125 0.0498046875 0.052734375
0 0.50341796875 0.64208984375 0.0517578125 0.0634765625
0 0.65283203125 0.12744140625 0.0693359375 0.0498046875
0 0.56103515625 0.60205078125 0.0283203125 0.0244140625
0 0.35986328125 0.16552734375 0.0693359375 0.0634765625
