0 0.01904296875 0.111328125 0.0380859375 0.099609375
0 0.4931640625 0.443359375 0.080078125 0.083984375
0 0.8330078125 0.669921875 0.119140625 0.134765625
0 0.466796875 0.8544921875 0.1015625 0.123046875
0 0.37060546875 0.533203125 0.0830078125 0.095703125
0 0.19189453125 0.28173828125 0.0595703125 0.0693359375
0 0.8681640625 0.94921875 0.146484375 0.1015625
0 0.8740234375 0.52001953125 0.056640625 0.0673828125
0 0.080078125 0.95068359375 0.087890625 0.0947265625
0 0.04296875 0.009765625 0.0546875 0.01953125
0 0.01708984375 0.6435546875 0.0341796875 0.11328125
0 0.3349609375 0.31640625 0.09375 0.076171875
0 0.39404296875 0.40283203125 0.0576171875 0.0498046875
0 0.017578125 0.98193359375 0.03515625 0.0341796875
0 0.6650390625 0.8408203125 0.08984375 0.10546875
0 0.337890625 0.13720703125 0.060546875 0.0830078125
0 0.6416015625 0.55615234375 0.1015625 0.1005859375
0 0.076171875 0.67822265625 0.0390625 0.0732421875
0 0.42236328125 0.97998046875 0.0712890625 0.0400390625
0 0.56298828125 0.44873046875 0.0517578125 0.0888671875
0 0.76220703125 0.97509765625 0.0732421875 0.0498046875
0 0.95751953125 0.2265625 0.0830078125 0.126953125
0 0.11328125 0.09521484375 0.056640625 0.0732421875
0 0.48876953125 0.6904296875 0.0830078125 0.134765625
0 0.88623046875 0.322265625 0.0908203125 0.068359375
0 0.8203125 0.09228515625 0.10546875 0.1630859375
0 0.27587890625 0.18603515625 0.0537109375 0.0595703125
0 0.267578125 0.7509765625 0.087890625 0.09375
0 0.9296875 0.10986328125 0.140625 0.1162109375
0 0.951171875 0.4423828125 0.076171875 0.134765625
0 0.19189453125 0.73095703125 0.0732421875 0.0908203125
0 0.09814453125 0.56982421875 0.0908203125 0.1181640625
0 0.60498046875 0.2568359375 0.0771484375 0.0859375
0 0.06298828125 0.8203125 0.0927734375 0.072265625
0 0.2666015625 0.56298828125 0.107421875 0.0693359375
0 0.9697265625 0.73193359375 0.0546875 0.1435546875
0 0.61181640625 0.33251953125 0.0634765625 0.0791015625
0 0.33935546875 0.68359375 0.1064453125 0.091796875
0 0.25 0.91796875 0.060546875 0.05859375
0 0.0751953125 0.25634765625 0.09375 0.0634765625
0 0.154296875 0.97998046875 0.05859375 0.0380859375
0 0.97607421875 0.59814453125 0.0478515625 0.0771484375
0 0.5556640625 0.740234375 0.07421875 0.08203125
