0 0.298828125 0.65185546875 0.08984375 0.0810546875
0 0.4404296875 0.23828125 0.162109375 0.109375
0 0.7939453125 0.76416015625 0.107421875 0.0830078125
0 0.72412109375 0.26416015625 0.0771484375 0.0712890625
0 0.7158203125 0.41064453125 0.04296875 0.0517578125
0 0.9833984375 0.05908203125 0.033203125 0.1181640625
0 0.3935546875 0.3388671875 0.1796875 0.07421875
0 0.76611328125 0.44384765625 0.1689453125 0.1884765625
0 0.513671875 0.67822265625 0.123046875 0.2607421875
0 0.80712890625 0.673828125 0.0673828125 0.08984375
0 0.357421875 0.98095703125 0.076171875 0.0380859375
0 0.05029296875 0.080078125 0.1005859375 0.140625
0 0.5625 0.05419921875 0.158203125 0.1083984375
0 0.2919921875 0.38720703125 0.2421875 0.1572265625
0 0.1494140625 0.86865234375 0.103515625 0.0654296875
0 0.11572265625 0.08544921875 0.0888671875 0.0478515625
0 0.16748046875 0.7841796875 0.1904296875 0.111328125
0 0.94580078125 0.39013671875 0.0849609375 0.1298828125
0 0.68115234375 0.90087890625 0.0751953125 0.0615234375
0 0.06005859375 0.6416015625 0.1201171875 0.080078125
0 0.88232421875 0.49267578125 0.1591796875 0.0732421875
0 0.037109375 0.46142578125 0.07421875 0.0478515625
0 0.81103515625 0.837890625 0.1572265625 0.087890625
0 0.9052734375 0.056640625 0.076171875 0.11328125
0 0.2236328125 0.23876953125 0.126953125 0.1728515625
0 0.28466796875 0.1123046875 0.0654296875 0.046875
0 0.90966796875 0.59033203125 0.0751953125 0.0810546875
0 0.736328125 0.10791015625 0.23046875 0.1669921875
0 0.74462890625 0.3310546875 0.0751953125 0.078125
