0 0.2421875 0.587890625 0.08984375 0.154296875
0 0.87158203125 0.21044921875 0.0595703125 0.0869140625
0 0.03369140625 0.857421875 0.0673828125 0.08984375
0 0.96435546875 0.9306640625 0.0712890625 0.138671875
0 0.796875 0.54931640625 0.115234375 0.0615234375
0 0.0576171875 0.4599609375 0.115234375 0.087890625
0 0.33251953125 0.25732421875 0.1123046875 0.1162109375
0 0.57275390625 0.97265625 0.0791015625 0.052734375
0 0.7802734375 0.2880859375 0.07421875 0.1484375
0 0.0634765625 0.13134765625 0.125 0.1669921875
0 0.328125 0.62939453125 0.154296875 0.0986328125
0 0.29833984375 0.07958984375 0.1025390625 0.0732421875
0 0.048828125 0.73974609375 0.09765625 0.0595703125
0 0.8525390625 0.4775390625 0.05859375 0.064453125
0 0.88037109375 0.12939453125 0.0615234375 0.0810546875
0 0.5341796875 0.38623046875 0.08984375 0.1240234375
0 0.96435546875 0.21044921875 0.0712890625 0.0693359375
0 0.13134765625 0.4091796875 0.1162109375 0.0546875
0 0.3974609375 0.18017578125 0.1875 0.0888671875
0 0.77490234375 0.64404296875 0.0751953125 0.1298828125
0 0.81494140625 0.2978515625 0.0458984375 0.12109375
0 0.17333984375 0.1982421875 0.1845703125 0.09375
0 0.85986328125 0.73193359375 0.1181640625 0.0791015625
0 0.02978515625 0.6435546875 0.0595703125 0.091796875
0 0.76220703125 0.978515625 0.0595703125 0.04296875
0 0.12939453125 0.8740234375 0.1162109375 0.125
0 0.74658203125 0.0625 0.0693359375 0.123046875
0 0.38720703125 0.83447265625 0.0810546875 0.0712890625
