0 0.8203125 0.71826171875 0.05859375 0.0732421875
0 0.958984375 0.974609375 0.068359375 0.05078125
0 0.74658203125 0.3203125 0.0537109375 0.12109375
0 0.8193359375 0.25 0.05859375 0.126953125
0 0.53955078125 0.12255859375 0.0537109375 0.0908203125
0 0.8662109375 0.80517578125 0.05859375 0.0634765625
0 0.97216796875 0.513671875 0.0556640625 0.091796875
0 0.87646484375 0.19775390625 0.0673828125 0.0791015625
0 0.802734375 0.49853515625 0.056640625 0.0791015625
0 0.7373046875 0.4765625 0.09765625 0.140625
0 0.748046875 0.67431640625 0.080078125 0.0869140625
0 0.69287109375 0.8935546875 0.0908203125 0.0625
0 0.93603515625 0.63037109375 0.0634765625 0.0869140625
0 0.892578125 0.85400390625 0.04296875 0.0634765625
