0 0.951171875 0.95751953125 0.048828125 0.0263671875
0 0.39599609375 0.6513671875 0.0732421875 0.03515625
0 0.14794921875 0.29931640625 0.0654296875 0.0517578125
0 0.9013671875 0.57275390625 0.046875 0.0439453125
0 0.6279296875 0.263671875 0.076171875 0.052734375
0 0.1943359375 0.615234375 0.041015625 0.033203125
0 0.04345703125 0.61181640625 0.0517578125 0.0556640625
0 0.10498046875 0.9208984375 0.0224609375 0.02734375
0 0.51806640625 0.6337890625 0.0537109375 0.119140625
0 0.80712890625 0.24462890625 0.0517578125 0.0576171875
0 0.3623046875 0.798828125 0.052734375 0.05078125
0 0.0458984375 0.49951171875 0.076171875 0.1064453125
0 0.861328125 0.51904296875 0.05078125 0.0458984375
0 0.30078125 0.96826171875 0.064453125 0.0595703125
0 0.71484375 0.8857421875 0.048828125 0.064453125
0 0.51220703125 0.42041015625 0.0576171875 0.0576171875
0 0.9619140625 0.10546875 0.07421875 0.044921875
0 0.35693359375 0.22119140625 0.0732421875 0.0595703125
0 0.82373046875 0.09619140625 0.0634765625 0.0693359375
0 0.98681640625 0.26611328125 0.0224609375 0.0869140625
0 0.4287109375 0.97509765625 0.076171875 0.0458984375
0 0.7373046875 0.8388671875 0.046875 0.041015625
0 0.0966796875 0.58837890625 0.060546875 0.0888671875
0 0.27001953125 0.08056640625 0.0478515625 0.0595703125
0 0.908203125 0.5185546875 0.033203125 0.02734375
0 0.1142578125 0.791015625 0.048828125 0.103515625
0 0.1513671875 0.83056640625 0.04296875 0.0810546875
0 0.95947265625 0.94287109375 0.0400390625 0.0712890625
0 0.4677734375 0.029296875 0.0546875 0.05859375
0 0.6630859375 0.5625 0.037109375 0.03515625
0 0.82763671875 0.701171875 0.0576171875 0.04296875
0 0.75048828125 0.6484375 0.0556640625 0.064453125
0 0.18798828125 0.10888671875 0.0380859375 0.0419921875
0 0.93408203125 0.4384765625 0.0810546875 0.068359375
0 0.5009765625 0.24169921875 0.0390625 0.0419921875
0 0.6015625 0.37060546875 0.025390625 0.0361328125
0 0.68896484375 0.10986328125 0.0576171875 0.0361328125
0 0.216796875 0.7705078125 0.04296875 0.0546875
0 0.306640625 0.7080078125 0.08203125 0.08203125
0 0.3310546875 0.1328125 0.03125 0.041015625
0 0.21435546875 0.9482421875 0.1142578125 0.091796875
0 0.6015625 0.32275390625 0.056640625 0.0537109375
0 0.08203125 0.97265625 0.0703125 0.05078125
0 0.673828125 0.7021484375 0.064453125 0.044921875
