0 0.169921875 0.77587890625 0.072265625 0.0673828125
0 0.177734375 0.865234375 0.125 0.05859375
0 0.07568359375 0.88916015625 0.1513671875 0.0673828125
0 0.78515625 0.69921875 0.060546875 0.068359375
0 0.1533203125 0.69091796875 0.1015625 0.1181640625
0 0.14404296875 0.9736328125 0.0849609375 0.052734375
0 0.91162109375 0.95458984375 0.0908203125 0.0810546875
0 0.74755859375 0.912109375 0.1123046875 0.048828125
0 0.0791015625 0.77587890625 0.1015625 0.0673828125
0 0.078125 0.6591796875 0.10546875 0.072265625
0 0.8798828125 0.677734375 0.123046875 0.068359375
0 0.94091796875 0.78271484375 0.1142578125 0.0791015625
0 0.7978515625 0.80615234375 0.08984375 0.0888671875
