0 0.35400390625 0.36376953125 0.0869140625 0.0830078125
0 0.94921875 0.2841796875 0.1015625 0.068359375
0 0.86083984375 0.8310546875 0.0478515625 0.07421875
0 0.1494140625 0.82421875 0.056640625 0.0546875
0 0.76025390625 0.36572265625 0.0712890625 0.0810546875
0 0.17041015625 0.42333984375 0.1005859375 0.0791015625
0 0.2841796875 0.78271484375 0.037109375 0.0322265625
0 0.158203125 0.36181640625 0.08203125 0.0595703125
0 0.12939453125 0.63671875 0.0869140625 0.09375
0 0.25830078125 0.8369140625 0.1181640625 0.0703125
0 0.826171875 0.23486328125 0.1171875 0.1240234375
0 0.9833984375 0.708984375 0.033203125 0.056640625
0 0.267578125 0.12158203125 0.11328125 0.1787109375
0 0.708984375 0.38330078125 0.06640625 0.0419921875
0 0.33203125 0.6064453125 0.0859375 0.0625
0 0.22998046875 0.39111328125 0.0576171875 0.0556640625
0 0.89208984375 0.3798828125 0.0478515625 0.06640625
0 0.10302734375 0.44873046875 0.0634765625 0.0595703125
0 0.43701171875 0.39013671875 0.0751953125 0.0966796875
0 0.8564453125 0.66357421875 0.064453125 0.0693359375
0 0.9794921875 0.33837890625 0.041015625 0.0732421875
0 0.09130859375 0.349609375 0.0615234375 0.064453125
0 0.970703125 0.4833984375 0.0546875 0.05078125
0 0.9873046875 0.81591796875 0.025390625 0.0712890625
0 0.37353515625 0.14111328125 0.0751953125 0.0751953125
0 0.5380859375 0.4130859375 0.068359375 0.072265625
0 0.61865234375 0.14697265625 0.0439453125 0.0966796875
0 0.69287109375 0.17138671875 0.0791015625 0.0771484375
0 0.97705078125 0.8525390625 0.0458984375 0.048828125
0 0.4833984375 0.6875 0.095703125 0.087890625
0 0.23486328125 0.22607421875 0.0673828125 0.0830078125
0 0.39599609375 0.25634765625 0.0615234375 0.0673828125
0 0.61572265625 0.24169921875 0.0986328125 0.0634765625
0 0.05322265625 0.18310546875 0.0751953125 0.0810546875
0 0.74267578125 0.19775390625 0.0478515625 0.0673828125
0 0.455078125 0.85791015625 0.103515625 0.0595703125
0 0.02099609375 0.064453125 0.0419921875 0.12890625
0 0.48095703125 0.30712890625 0.0595703125 0.0537109375
0 0.58837890625 0.79541015625 0.1845703125 0.1005859375
0 0.26416015625 0.64990234375 0.0791015625 0.0634765625
0 0.521484375 0.3505859375 0.0390625 0.064453125
0 0.21435546875 0.10546875 0.1435546875 0.2109375
0 0.52392578125 0.2109375 0.0478515625 0.076171875
0 0.94287109375 0.791015625 0.0791015625 0.044921875
0 0.07568359375 0.27783203125 0.1513671875 0.0615234375
0 0.6279296875 0.3017578125 0.0546875 0.064453125
0 0.85888671875 0.78125 0.0693359375 0.0859375
0 0.34228515625 0.8388671875 0.1005859375 0.060546875
0 0.17919921875 0.2138671875 0.0673828125 0.08984375
0 0.04931640625 0.24462890625 0.0908203125 0.0615234375
0 0.79833984375 0.8203125 0.0322265625 0.048828125
0 0.11767578125 0.1396484375 0.0908203125 0.10546875
0 0.1884765625 0.80029296875 0.03125 0.0380859375
0 0.38720703125 0.21240234375 0.1064453125 0.0673828125
0 0.4384765625 0.18017578125 0.05078125 0.0654296875
