0 0.30810546875 0.76611328125 0.0556640625 0.0576171875
0 0.1572265625 0.50146484375 0.0390625 0.0400390625
0 0.19970703125 0.43798828125 0.0458984375 0.0673828125
0 0.689453125 0.27490234375 0.046875 0.0517578125
0 0.27783203125 0.3935546875 0.0556640625 0.046875
0 0.03466796875 0.83251953125 0.0693359375 0.0498046875
0 0.52099609375 0.24560546875 0.1416015625 0.0498046875
0 0.92138671875 0.59423828125 0.1044921875 0.1748046875
0 0.92724609375 0.7451171875 0.0478515625 0.068359375
0 0.03564453125 0.68701171875 0.0654296875 0.0537109375
0 0.826171875 0.37158203125 0.056640625 0.0576171875
0 0.74169921875 0.8095703125 0.0537109375 0.052734375
0 0.95263671875 0.30419921875 0.0498046875 0.0595703125
0 0.05615234375 0.9052734375 0.1123046875 0.056640625
0 0.40625 0.75830078125 0.115234375 0.0810546875
0 0.87744140625 0.041015625 0.0810546875 0.060546875
0 0.5810546875 0.5576171875 0.10546875 0.111328125
0 0.88916015625 0.9140625 0.0771484375 0.060546875
0 0.8115234375 0.66748046875 0.109375 0.0634765625
0 0.0810546875 0.2783203125 0.052734375 0.0390625
0 0.20263671875 0.70361328125 0.1103515625 0.1123046875
0 0.20556640625 0.263671875 0.0498046875 0.091796875
0 0.33447265625 0.421875 0.0771484375 0.04296875
0 0.6123046875 0.515625 0.044921875 0.048828125
0 0.6982421875 0.333984375 0.06640625 0.068359375
0 0.55859375 0.27490234375 0.0546875 0.1162109375
0 0.9326171875 0.85693359375 0.056640625 0.0869140625
0 0.21923828125 0.8642578125 0.0986328125 0.044921875
0 0.4228515625 0.5341796875 0.1015625 0.08203125
0 0.4794921875 0.78173828125 0.056640625 0.0654296875
0 0.90380859375 0.232421875 0.0556640625 0.126953125
0 0.14501953125 0.6953125 0.0556640625 0.048828125
0 0.5400390625 0.84521484375 0.091796875 0.0654296875
0 0.43994140625 0.63623046875 0.0576171875 0.1279296875
0 0.8349609375 0.7421875 0.05859375 0.08203125
0 0.17041015625 0.845703125 0.0888671875 0.05078125
0 0.63232421875 0.2333984375 0.0810546875 0.06640625
0 0.11572265625 0.3310546875 0.0537109375 0.046875
0 0.62060546875 0.82568359375 0.0576171875 0.1201171875
0 0.265625 0.6669921875 0.03515625 0.0546875
0 0.23291015625 0.48095703125 0.0654296875 0.0576171875
0 0.7666015625 0.173828125 0.05078125 0.076171875
0 0.82470703125 0.87255859375 0.0615234375 0.0537109375
0 0.95947265625 0.4853515625 0.0654296875 0.07421875
0 0.58154296875 0.4873046875 0.0517578125 0.0625
0 0.3173828125 0.9306640625 0.103515625 0.056640625
