0 0.8212890625 0.53759765625 0.109375 0.0771484375
0 0.58837890625 0.98291015625 0.0341796875 0.0224609375
0 0.02978515625 0.201171875 0.0400390625 0.056640625
0 0.36328125 0.09326171875 0.044921875 0.0439453125
0 0.11083984375 0.21533203125 0.0615234375 0.0537109375
0 0.4814453125 0.978515625 0.04296875 0.041015625
0 0.1064453125 0.4296875 0.03125 0.048828125
0 0.87060546875 0.197265625 0.0595703125 0.02734375
0 0.67724609375 0.7783203125 0.0654296875 0.0703125
0 0.271484375 0.6318359375 0.08203125 0.076171875
0 0.099609375 0.4658203125 0.04296875 0.029296875
0 0.50341796875 0.2998046875 0.0361328125 0.0234375
0 0.3662109375 0.5869140625 0.078125 0.060546875
0 0.01611328125 0.43798828125 0.0322265625 0.0361328125
0 0.74609375 0.0634765625 0.046875 0.037109375
0 0.48828125 0.0927734375 0.095703125 0.06640625
0 0.68505859375 0.89111328125 0.0654296875 0.0283203125
0 0.26318359375 0.0966796875 0.0810546875 0.052734375
0 0.23486328125 0.287109375 0.0361328125 0.03125
0 0.28515625 0.505859375 0.068359375 0.037109375
0 0.29736328125 0.466796875 0.1025390625 0.044921875
0 0.185546875 0.1572265625 0.0625 0.05078125
0 0.19482421875 0.5107421875 0.0595703125 0.041015625
0 0.26708984375 0.892578125 0.0771484375 0.068359375
0 0.7783203125 0.2646484375 0.052734375 0.037109375
0 0.57666015625 0.79541015625 0.0576171875 0.0458984375
0 0.03369140625 0.88037109375 0.0634765625 0.0712890625
0 0.9765625 0.7373046875 0.044921875 0.037109375
0 0.306640625 0.5966796875 0.064453125 0.068359375
0 0.6025390625 0.72998046875 0.041015625 0.0361328125
0 0.89208984375 0.68408203125 0.0478515625 0.0322265625
0 0.57080078125 0.64599609375 0.0888671875 0.0654296875
0 0.271484375 0.302734375 0.048828125 0.03515625
0 0.95703125 0.16357421875 0.08203125 0.0517578125
0 0.34619140625 0.96435546875 0.0322265625 0.0439453125
0 0.7119140625 0.86279296875 0.087890625 0.0869140625
0 0.255859375 0.2265625 0.05859375 0.041015625
0 0.43310546875 0.15966796875 0.0458984375 0.0439453125
0 0.763671875 0.98583984375 0.0703125 0.0283203125
0 0.23046875 0.34130859375 0.041015625 0.0380859375
0 0.5693359375 0.05029296875 0.03125 0.0595703125
0 0.595703125 0.5078125 0.0859375 0.05078125
0 0.09423828125 0.94873046875 0.0634765625 0.0498046875
0 0.94921875 0.6640625 0.083984375 0.056640625
0 0.173828125 0.720703125 0.06640625 0.0546875
0 0.626953125 0.97119140625 0.037109375 0.0556640625
0 0.4033203125 0.294921875 0.048828125 0.05078125
0 0.13525390625 0.6376953125 0.0478515625 0.052734375
0 0.13134765625 0.22998046875 0.0458984375 0.0400390625
0 0.69482421875 0.11328125 0.0458984375 0.052734375
0 0.35546875 0.013671875 0.119140625 0.02734375
0 0.08642578125 0.81298828125 0.0810546875 0.1318359375
0 0.58935546875 0.8544921875 0.0615234375 0.03515625
0 0.73583984375 0.1943359375 0.0791015625 0.0390625
0 0.93603515625 0.21044921875 0.0400390625 0.0537109375
0 0.8564453125 0.58544921875 0.0703125 0.0361328125
0 0.42578125 0.85400390625 0.083984375 0.0791015625
0 0.134765625 0.53369140625 0.046875 0.0341796875
0 0.37451171875 0.97705078125 0.0439453125 0.0439453125
0 0.54052734375 0.84716796875 0.0380859375 0.0400390625
0 0.56201171875 0.90673828125 0.0751953125 0.0380859375
0 0.56591796875 0.3916015625 0.0517578125 0.0390625
0 0.4697265625 0.2607421875 0.048828125 0.048828125
0 0.89599609375 0.26416015625 0.0634765625 0.0908203125
0 0.03125 0.16162109375 0.056640625 0.0322265625
0 0.73388671875 0.43310546875 0.0869140625 0.0732421875
0 0.40771484375 0.95947265625 0.0478515625 0.0283203125
0 0.31396484375 0.81689453125 0.0810546875 0.0654296875
0 0.4990234375 0.34326171875 0.052734375 0.0498046875
0 0.58935546875 0.29150390625 0.0654296875 0.0400390625
0 0.97021484375 0.40380859375 0.0576171875 0.0283203125
0 0.041015625 0.97607421875 0.078125 0.0478515625
0 0.8427734375 0.35107421875 0.087890625 0.0361328125
0 0.87890625 0.4638671875 0.0859375 0.05859375
0 0.35546875 0.33056640625 0.099609375 0.0986328125
0 0.26416015625 0.8671875 0.1044921875 0.037109375
0 0.1201171875 0.59033203125 0.060546875 0.0419921875
0 0.60595703125 0.17822265625 0.0869140625 0.0361328125
0 0.88916015625 0.078125 0.1064453125 0.1015625
0 0.642578125 0.67333984375 0.06640625 0.0439453125
0 0.0751953125 0.5693359375 0.048828125 0.0546875
0 0.7294921875 0.94677734375 0.03125 0.0244140625
0 0.0302734375 0.09912109375 0.033203125 0.0478515625
0 0.49169921875 0.42626953125 0.1533203125 0.0927734375
0 0.7158203125 0.35693359375 0.072265625 0.0595703125
0 0.7177734375 0.287109375 0.09765625 0.056640625
0 0.40771484375 0.51806640625 0.0439453125 0.0498046875
0 0.48681640625 0.8935546875 0.0400390625 0.04296875
0 0.9345703125 0.064453125 0.044921875 0.029296875
