0 0.79541015625 0.19287109375 0.0400390625 0.0517578125
0 0.96728515625 0.98583984375 0.0654296875 0.0283203125
0 0.83056640625 0.98095703125 0.0517578125 0.0380859375
0 0.89599609375 0.9677734375 0.0322265625 0.0234375
0 0.85400390625 0.90869140625 0.0830078125 0.0615234375
0 0.7451171875 0.94677734375 0.044921875 0.0380859375
0 0.77685546875 0.84912109375 0.0341796875 0.0302734375
0 0.86474609375 0.84521484375 0.0537109375 0.0419921875
0 0.84765625 0.80615234375 0.0390625 0.0419921875
0 0.81201171875 0.75927734375 0.0283203125 0.0361328125
0 0.7724609375 0.7509765625 0.037109375 0.02734375
0 0.791015625 0.73095703125 0.01953125 0.0224609375
0 0.89794921875 0.73828125 0.0517578125 0.037109375
0 0.8740234375 0.6845703125 0.046875 0.037109375
0 0.71240234375 0.59130859375 0.0283203125 0.0361328125
0 0.822265625 0.61962890625 0.046875 0.0439453125
0 0.86181640625 0.59423828125 0.0439453125 0.0400390625
0 0.783203125 0.57470703125 0.048828125 0.0400390625
0 0.72216796875 0.5341796875 0.0400390625 0.052734375
0 0.8154296875 0.52978515625 0.044921875 0.0283203125
0 0.84521484375 0.54931640625 0.0517578125 0.0302734375
0 0.8466796875 0.51513671875 0.052734375 0.0419921875
0 0.91455078125 0.49560546875 0.0791015625 0.0458984375
0 0.86279296875 0.4775390625 0.0537109375 0.0625
0 0.79833984375 0.451171875 0.0380859375 0.029296875
0 0.748046875 0.4306640625 0.02734375 0.02734375
0 0.94580078125 0.37451171875 0.0615234375 0.0595703125
0 0.783203125 0.3310546875 0.0234375 0.02734375
0 0.7177734375 0.2734375 0.044921875 0.056640625
0 0.75927734375 0.19921875 0.0205078125 0.0234375
0 0.8564453125 0.18798828125 0.025390625 0.0302734375
0 0.8212890625 0.197265625 0.029296875 0.02734375
0 0.88671875 0.078125 0.037109375 0.03515625
0 0.70703125 0.01220703125 0.037109375 0.0244140625
0 0.365234375 0.978515625 0.0546875 0.04296875
0 0.3408203125 0.92724609375 0.046875 0.0517578125
0 0.42578125 0.94873046875 0.044921875 0.0478515625
0 0.48486328125 0.9267578125 0.0634765625 0.0546875
0 0.4326171875 0.900390625 0.03515625 0.03515625
0 0.36962890625 0.814453125 0.0419921875 0.0390625
0 0.40380859375 0.83056640625 0.0400390625 0.0439453125
0 0.4169921875 0.85595703125 0.048828125 0.0400390625
0 0.5068359375 0.87109375 0.03125 0.02734375
0 0.43896484375 0.76708984375 0.0771484375 0.0615234375
0 0.13916015625 0.92822265625 0.0556640625 0.0537109375
0 0.0224609375 0.9677734375 0.044921875 0.04296875
0 0.02587890625 0.62451171875 0.0517578125 0.0537109375
0 0.015625 0.5302734375 0.03125 0.0390625
0 0.00830078125 0.37646484375 0.0166015625 0.0556640625
0 0.0185546875 0.28369140625 0.0234375 0.0322265625
0 0.052734375 0.10498046875 0.01953125 0.0322265625
0 0.02880859375 0.05908203125 0.0400390625 0.0419921875
0 0.86376953125 0.005859375 0.0322265625 0.01171875
0 0.76611328125 0.9052734375 0.0419921875 0.041015625
0 0.02197265625 0.98828125 0.0439453125 0.0234375
0 0.38671875 0.78515625 0.0390625 0.033203125
0 0.80419921875 0.4384765625 0.0654296875 0.0390625
0 0.8095703125 0.88525390625 0.02734375 0.0341796875
0 0.86279296875 0.98681640625 0.0498046875 0.0263671875
0 0.791015625 0.61865234375 0.03515625 0.0263671875
0 0.91748046875 0.13525390625 0.0615234375 0.0654296875
0 0.8671875 0.13427734375 0.05078125 0.0498046875
0 0.884765625 0.14453125 0.021484375 0.033203125
0 0.47314453125 0.38818359375 0.0556640625 0.0712890625
0 0.4267578125 0.39208984375 0.03515625 0.0419921875
0 0.39404296875 0.39892578125 0.0478515625 0.0537109375
0 0.4130859375 0.3515625 0.046875 0.037109375
0 0.45947265625 0.34228515625 0.0458984375 0.0537109375
0 0.384765625 0.22412109375 0.0625 0.0869140625
0 0.412109375 0.0712890625 0.046875 0.044921875
0 0.35693359375 0.037109375 0.0634765625 0.07421875
0 0.40966796875 0.0263671875 0.0517578125 0.052734375
