0 0.853515625 0.560546875 0.064453125 0.04296875
0 0.92431640625 0.18701171875 0.0634765625 0.0556640625
0 0.36669921875 0.91357421875 0.0869140625 0.0966796875
0 0.57275390625 0.681640625 0.0517578125 0.09765625
0 0.06005859375 0.19677734375 0.0380859375 0.1005859375
0 0.4873046875 0.19677734375 0.060546875 0.0498046875
0 0.8251953125 0.29833984375 0.041015625 0.0458984375
0 0.92626953125 0.03125 0.0576171875 0.05859375
0 0.916015625 0.63330078125 0.046875 0.0517578125
0 0.66259765625 0.1396484375 0.0595703125 0.052734375
0 0.95654296875 0.01806640625 0.0498046875 0.0361328125
0 0.1083984375 0.15283203125 0.052734375 0.0361328125
0 0.291015625 0.6162109375 0.041015625 0.037109375
0 0.41455078125 0.03271484375 0.0751953125 0.0654296875
0 0.412109375 0.47021484375 0.072265625 0.0419921875
0 0.5205078125 0.76708984375 0.029296875 0.0478515625
0 0.9638671875 0.53857421875 0.068359375 0.0537109375
0 0.86328125 0.361328125 0.060546875 0.107421875
0 0.1513671875 0.44921875 0.03515625 0.03515625
0 0.2275390625 0.515625 0.05859375 0.056640625
0 0.7216796875 0.39306640625 0.0546875 0.0498046875
0 0.68359375 0.21142578125 0.087890625 0.0693359375
0 0.92333984375 0.08447265625 0.0478515625 0.0712890625
0 0.5302734375 0.53271484375 0.107421875 0.0537109375
0 0.55517578125 0.17138671875 0.0615234375 0.0556640625
0 0.1015625 0.8603515625 0.091796875 0.052734375
0 0.40673828125 0.77978515625 0.0498046875 0.0595703125
0 0.33935546875 0.4833984375 0.0361328125 0.041015625
0 0.61328125 0.6416015625 0.05078125 0.04296875
0 0.02734375 0.9501953125 0.046875 0.080078125
0 0.52392578125 0.03564453125 0.0556640625 0.0576171875
0 0.97216796875 0.28515625 0.0537109375 0.076171875
0 0.6806640625 0.56494140625 0.052734375 0.0478515625
0 0.40380859375 0.654296875 0.0615234375 0.07421875
0 0.623046875 0.505859375 0.03125 0.03515625
0 0.36181640625 0.40625 0.0751953125 0.056640625
0 0.5595703125 0.8798828125 0.029296875 0.0546875
0 0.30908203125 0.74755859375 0.0458984375 0.0380859375
0 0.43115234375 0.76171875 0.0419921875 0.076171875
0 0.3251953125 0.8603515625 0.091796875 0.16015625
0 0.79248046875 0.05615234375 0.0361328125 0.0693359375
0 0.16845703125 0.15771484375 0.0673828125 0.0693359375
0 0.64892578125 0.5908203125 0.0615234375 0.056640625
0 0.96484375 0.931640625 0.06640625 0.048828125
