0 0.77490234375 0.244140625 0.1064453125 0.03515625
0 0.10205078125 0.16650390625 0.0654296875 0.0732421875
0 0.16455078125 0.798828125 0.0771484375 0.05078125
0 0.82666015625 0.64453125 0.0654296875 0.041015625
0 0.1796875 0.25537109375 0.046875 0.0498046875
0 0.072265625 0.96142578125 0.078125 0.0771484375
0 0.60791015625 0.29736328125 0.1396484375 0.0498046875
0 0.0556640625 0.72802734375 0.046875 0.0498046875
0 0.48046875 0.353515625 0.08203125 0.0546875
0 0.56689453125 0.39892578125 0.0849609375 0.0771484375
0 0.5732421875 0.85205078125 0.060546875 0.0537109375
0 0.94970703125 0.24658203125 0.0478515625 0.0439453125
0 0.34765625 0.72216796875 0.037109375 0.0341796875
0 0.91796875 0.0400390625 0.060546875 0.041015625
0 0.9765625 0.60791015625 0.044921875 0.0361328125
0 0.982421875 0.087890625 0.03515625 0.03515625
0 0.98388671875 0.0517578125 0.0302734375 0.044921875
0 0.97314453125 0.80126953125 0.0537109375 0.0439453125
0 0.96630859375 0.65380859375 0.0673828125 0.0595703125
0 0.955078125 0.12060546875 0.05859375 0.0576171875
0 0.03173828125 0.90234375 0.0439453125 0.048828125
0 0.91943359375 0.6630859375 0.0576171875 0.048828125
0 0.25732421875 0.4658203125 0.0673828125 0.05859375
0 0.48046875 0.77294921875 0.091796875 0.0537109375
0 0.16748046875 0.845703125 0.0732421875 0.064453125
0 0.15185546875 0.18505859375 0.0947265625 0.0439453125
0 0.6796875 0.96630859375 0.068359375 0.0673828125
0 0.1484375 0.93212890625 0.044921875 0.0439453125
0 0.859375 0.70068359375 0.0625 0.0517578125
0 0.23876953125 0.81787109375 0.1025390625 0.0537109375
0 0.43603515625 0.904296875 0.0517578125 0.05078125
0 0.69287109375 0.201171875 0.0458984375 0.076171875
0 0.97998046875 0.36669921875 0.0400390625 0.0556640625
0 0.69189453125 0.61083984375 0.0771484375 0.0537109375
0 0.63720703125 0.8251953125 0.0576171875 0.068359375
0 0.0966796875 0.37353515625 0.04296875 0.0537109375
0 0.12109375 0.95068359375 0.041015625 0.0380859375
0 0.4013671875 0.74169921875 0.064453125 0.0419921875
0 0.10791015625 0.23876953125 0.0615234375 0.0673828125
0 0.94775390625 0.73974609375 0.1025390625 0.0654296875
0 0.29443359375 0.8642578125 0.0986328125 0.05859375
0 0.373046875 0.49658203125 0.064453125 0.0751953125
0 0.18017578125 0.90673828125 0.0634765625 0.0537109375
0 0.59765625 0.0068359375 0.060546875 0.013671875
0 0.11279296875 0.3076171875 0.0634765625 0.08203125
0 0.83154296875 0.8330078125 0.1162109375 0.056640625
0 0.39990234375 0.29833984375 0.1201171875 0.0654296875
0 0.60107421875 0.25 0.0849609375 0.046875
0 0.55322265625 0.56005859375 0.0732421875 0.0537109375
0 0.57763671875 0.337890625 0.0517578125 0.044921875
0 0.5 0.033203125 0.0546875 0.033203125
0 0.76123046875 0.20166015625 0.0986328125 0.0615234375
0 0.54736328125 0.59716796875 0.0732421875 0.0478515625
0 0.4013671875 0.205078125 0.046875 0.037109375
0 0.28955078125 0.27783203125 0.0556640625 0.1083984375
0 0.06689453125 0.8076171875 0.0634765625 0.0625
0 0.17724609375 0.72705078125 0.0537109375 0.0419921875
0 0.9013671875 0.224609375 0.0859375 0.05859375
0 0.49658203125 0.67724609375 0.0576171875 0.0498046875
0 0.84326171875 0.62939453125 0.0830078125 0.0400390625
0 0.71826171875 0.7861328125 0.1103515625 0.10546875
0 0.61572265625 0.6123046875 0.0693359375 0.052734375
0 0.79443359375 0.79052734375 0.0947265625 0.0654296875
0 0.89599609375 0.154296875 0.0888671875 0.0625
