0 0.25048828125 0.31884765625 0.0966796875 0.1044921875
0 0.29736328125 0.33544921875 0.0849609375 0.0673828125
0 0.9775390625 0.40185546875 0.04296875 0.0693359375
0 0.23193359375 0.5 0.0947265625 0.056640625
0 0.96240234375 0.85693359375 0.0712890625 0.0419921875
0 0.0439453125 0.44091796875 0.064453125 0.0732421875
0 0.9013671875 0.271484375 0.083984375 0.068359375
0 0.11328125 0.033203125 0.072265625 0.0625
0 0.12646484375 0.28662109375 0.0595703125 0.0517578125
0 0.96826171875 0.5732421875 0.0615234375 0.05078125
0 0.146484375 0.41845703125 0.103515625 0.0556640625
0 0.23779296875 0.0390625 0.0517578125 0.07421875
0 0.9375 0.51806640625 0.087890625 0.0595703125
0 0.947265625 0.65478515625 0.10546875 0.0595703125
0 0.66748046875 0.19873046875 0.0771484375 0.0654296875
