0 0.021484375 0.5751953125 0.04296875 0.06640625
0 0.689453125 0.39599609375 0.06640625 0.1025390625
0 0.5390625 0.46875 0.056640625 0.052734375
0 0.84765625 0.3212890625 0.08984375 0.08984375
0 0.13232421875 0.47998046875 0.1240234375 0.0751953125
0 0.95361328125 0.44921875 0.0771484375 0.06640625
0 0.98095703125 0.1474609375 0.0380859375 0.05859375
0 0.986328125 0.18798828125 0.02734375 0.0478515625
0 0.53759765625 0.2216796875 0.0576171875 0.1015625
0 0.21728515625 0.97705078125 0.0576171875 0.0439453125
0 0.0693359375 0.2373046875 0.10546875 0.1171875
0 0.15234375 0.60791015625 0.07421875 0.0830078125
0 0.54833984375 0.890625 0.0654296875 0.078125
0 0.40185546875 0.30712890625 0.1494140625 0.0595703125
0 0.97265625 0.96044921875 0.0546875 0.0751953125
0 0.4052734375 0.8359375 0.048828125 0.056640625
0 0.36669921875 0.85986328125 0.0400390625 0.0361328125
0 0.462890625 0.203125 0.1015625 0.09375
0 0.68212890625 0.68017578125 0.1044921875 0.0693359375
0 0.2021484375 0.31298828125 0.08984375 0.0791015625
0 0.8369140625 0.244140625 0.087890625 0.052734375
0 0.53173828125 0.37939453125 0.0927734375 0.0771484375
0 0.28271484375 0.9267578125 0.0986328125 0.056640625
0 0.513671875 0.81884765625 0.056640625 0.0517578125
0 0.7421875 0.05517578125 0.060546875 0.0498046875
0 0.6005859375 0.775390625 0.130859375 0.078125
0 0.53515625 0.29541015625 0.08984375 0.0576171875
0 0.08984375 0.7431640625 0.064453125 0.0859375
0 0.53759765625 0.556640625 0.0693359375 0.08203125
0 0.462890625 0.76806640625 0.05859375 0.0419921875
0 0.6689453125 0.73779296875 0.107421875 0.0673828125
0 0.88720703125 0.8466796875 0.0615234375 0.16015625
0 0.65576171875 0.50927734375 0.0673828125 0.0537109375
0 0.2666015625 0.603515625 0.109375 0.109375
