0 0.6728515625 0.01953125 0.04296875 0.0390625
0 0.8857421875 0.046875 0.025390625 0.05078125
0 0.96337890625 0.0205078125 0.0263671875 0.041015625
0 0.9873046875 0.02978515625 0.0234375 0.0400390625
0 0.966796875 0.12939453125 0.013671875 0.0185546875
0 0.875 0.1982421875 0.05859375 0.134765625
0 0.8642578125 0.31884765625 0.03515625 0.0458984375
0 0.9091796875 0.28515625 0.044921875 0.115234375
0 0.98095703125 0.3740234375 0.0380859375 0.068359375
0 0.90576171875 0.369140625 0.0595703125 0.048828125
0 0.9296875 0.45068359375 0.046875 0.0498046875
0 0.91748046875 0.4951171875 0.0576171875 0.064453125
0 0.927734375 0.5078125 0.05859375 0.080078125
0 0.94189453125 0.5244140625 0.0439453125 0.0546875
0 0.9775390625 0.4765625 0.044921875 0.060546875
0 0.99072265625 0.498046875 0.0185546875 0.021484375
0 0.84521484375 0.6142578125 0.0322265625 0.044921875
0 0.87939453125 0.63623046875 0.0341796875 0.0341796875
0 0.8994140625 0.7041015625 0.0390625 0.064453125
0 0.72998046875 0.732421875 0.1259765625 0.029296875
0 0.787109375 0.84814453125 0.046875 0.0517578125
0 0.9609375 0.89404296875 0.041015625 0.1025390625
0 0.916015625 0.9072265625 0.060546875 0.087890625
0 0.90380859375 0.87060546875 0.0458984375 0.0498046875
0 0.94775390625 0.79248046875 0.0439453125 0.0830078125
0 0.9130859375 0.78759765625 0.06640625 0.0478515625
0 0.93115234375 0.74609375 0.0263671875 0.029296875
0 0.94384765625 0.708984375 0.0478515625 0.048828125
0 0.8642578125 0.84521484375 0.05859375 0.0673828125
0 0.88525390625 0.814453125 0.0380859375 0.0390625
0 0.9443359375 0.98388671875 0.03125 0.0322265625
0 0.7841796875 0.9931640625 0.046875 0.013671875
0 0.8330078125 0.9765625 0.052734375 0.046875
0 0.8515625 0.9130859375 0.064453125 0.076171875
0 0.865234375 0.97509765625 0.01953125 0.0498046875
0 0.712890625 0.83984375 0.087890625 0.091796875
0 0.615234375 0.9921875 0.052734375 0.015625
0 0.1162109375 0.98779296875 0.048828125 0.0244140625
0 0.017578125 0.037109375 0.03515625 0.07421875
0 0.43701171875 0.0078125 0.0244140625 0.015625
0 0.51708984375 0.05029296875 0.0615234375 0.0341796875
0 0.4052734375 0.0146484375 0.037109375 0.02734375
0 0.40478515625 0.037109375 0.0263671875 0.01953125
0 0.5556640625 0.025390625 0.052734375 0.05078125
0 0.54248046875 0.109375 0.0361328125 0.021484375
0 0.5576171875 0.1689453125 0.052734375 0.046875
0 0.5830078125 0.09521484375 0.041015625 0.1259765625
0 0.4951171875 0.1767578125 0.0546875 0.0859375
0 0.453125 0.33837890625 0.125 0.0693359375
0 0.4140625 0.1630859375 0.056640625 0.07421875
0 0.3994140625 0.19091796875 0.03125 0.0322265625
0 0.39208984375 0.22509765625 0.0439453125 0.0380859375
0 0.6396484375 0.28125 0.0625 0.060546875
0 0.65478515625 0.24072265625 0.0322265625 0.0458984375
0 0.5341796875 0.3115234375 0.037109375 0.03515625
0 0.5966796875 0.2265625 0.03515625 0.05859375
0 0.578125 0.27685546875 0.060546875 0.1044921875
0 0.5439453125 0.224609375 0.029296875 0.041015625
0 0.59423828125 0.39892578125 0.0263671875 0.0595703125
0 0.35986328125 0.35986328125 0.0634765625 0.0908203125
0 0.37158203125 0.29931640625 0.0419921875 0.0869140625
0 0.42041015625 0.4013671875 0.0576171875 0.080078125
0 0.3125 0.43359375 0.056640625 0.048828125
0 0.27490234375 0.302734375 0.0498046875 0.05078125
0 0.23095703125 0.271484375 0.0419921875 0.052734375
0 0.20166015625 0.3134765625 0.0654296875 0.03515625
0 0.21484375 0.3466796875 0.041015625 0.05859375
0 0.107421875 0.3779296875 0.046875 0.080078125
0 0.1396484375 0.33251953125 0.06640625 0.0556640625
0 0.1513671875 0.38134765625 0.056640625 0.0595703125
0 0.287109375 0.16015625 0.083984375 0.10546875
0 0.3818359375 0.09765625 0.048828125 0.0390625
0 0.13623046875 0.07763671875 0.0537109375 0.0615234375
0 0.17919921875 0.0703125 0.0537109375 0.04296875
0 0.31396484375 0.056640625 0.0498046875 0.072265625
0 0.0830078125 0.21044921875 0.048828125 0.0576171875
0 0.07275390625 0.06298828125 0.0283203125 0.0380859375
0 0.17822265625 0.12255859375 0.0732421875 0.0361328125
0 0.18115234375 0.02294921875 0.1201171875 0.0458984375
0 0.2734375 0.03125 0.03515625 0.0390625
0 0.322265625 0.01220703125 0.046875 0.0244140625
0 0.01904296875 0.13623046875 0.0380859375 0.0712890625
0 0.03759765625 0.18310546875 0.0751953125 0.0888671875
0 0.21728515625 0.46142578125 0.0361328125 0.0693359375
0 0.1630859375 0.45947265625 0.046875 0.0732421875
0 0.1240234375 0.47509765625 0.048828125 0.0537109375
0 0.1162109375 0.51953125 0.029296875 0.037109375
0 0.14013671875 0.53466796875 0.0419921875 0.0439453125
0 0.1337890625 0.58154296875 0.029296875 0.0400390625
0 0.17333984375 0.46533203125 0.0634765625 0.0341796875
0 0.16748046875 0.55517578125 0.0341796875 0.0439453125
0 0.29345703125 0.60400390625 0.0498046875 0.0458984375
0 0.3740234375 0.6484375 0.037109375 0.02734375
0 0.31201171875 0.64892578125 0.0400390625 0.0576171875
0 0.42041015625 0.47216796875 0.0712890625 0.0498046875
0 0.3916015625 0.51025390625 0.05078125 0.0458984375
0 0.1982421875 0.609375 0.041015625 0.0546875
0 0.1328125 0.6513671875 0.052734375 0.048828125
0 0.18896484375 0.66015625 0.0400390625 0.048828125
0 0.10400390625 0.71484375 0.0478515625 0.0546875
0 0.22314453125 0.72412109375 0.0478515625 0.0693359375
0 0.17333984375 0.740234375 0.0556640625 0.052734375
0 0.6884765625 0.5205078125 0.048828125 0.060546875
0 0.58935546875 0.49169921875 0.0478515625 0.0654296875
0 0.66259765625 0.66064453125 0.0634765625 0.0498046875
0 0.61376953125 0.61083984375 0.1005859375 0.0693359375
0 0.5087890625 0.55859375 0.029296875 0.048828125
0 0.478515625 0.572265625 0.052734375 0.056640625
0 0.5400390625 0.60546875 0.04296875 0.044921875
0 0.55078125 0.56103515625 0.025390625 0.0458984375
0 0.52490234375 0.58447265625 0.0380859375 0.0341796875
0 0.4228515625 0.921875 0.046875 0.048828125
0 0.52685546875 0.86572265625 0.0498046875 0.0693359375
0 0.56103515625 0.79150390625 0.0322265625 0.0791015625
0 0.58740234375 0.84228515625 0.0498046875 0.0537109375
0 0.48291015625 0.83984375 0.0458984375 0.056640625
0 0.16943359375 0.89599609375 0.1044921875 0.0634765625
0 0.142578125 0.8203125 0.03515625 0.044921875
0 0.36572265625 0.87353515625 0.0419921875 0.0478515625
0 0.31982421875 0.9033203125 0.0517578125 0.08203125
0 0.2529296875 0.95068359375 0.09765625 0.0791015625
0 0.2666015625 0.89501953125 0.048828125 0.0869140625
0 0.26171875 0.8564453125 0.0625 0.056640625
0 0.51220703125 0.919921875 0.0517578125 0.044921875
0 0.49072265625 0.95703125 0.0498046875 0.04296875
0 0.18994140625 0.91552734375 0.0576171875 0.0341796875
0 0.1630859375 0.8583984375 0.029296875 0.029296875
0 0.2294921875 0.919921875 0.044921875 0.044921875
0 0.73681640625 0.435546875 0.0341796875 0.025390625
