0 0.0234375 0.2744140625 0.046875 0.068359375
0 0.4404296875 0.06640625 0.103515625 0.10546875
0 0.3271484375 0.0205078125 0.146484375 0.041015625
0 0.740234375 0.0576171875 0.05859375 0.068359375
0 0.587890625 0.16015625 0.078125 0.08984375
0 0.8017578125 0.3359375 0.060546875 0.0546875
0 0.7109375 0.59375 0.19921875 0.1015625
0 0.9814453125 0.6875 0.037109375 0.07421875
0 0.8837890625 0.7255859375 0.162109375 0.076171875
0 0.8251953125 0.7744140625 0.123046875 0.107421875
0 0.7587890625 0.7705078125 0.064453125 0.072265625
0 0.8837890625 0.9140625 0.232421875 0.10546875
0 0.3955078125 0.810546875 0.185546875 0.11328125
0 0.181640625 0.8681640625 0.10546875 0.076171875
0 0.49609375 0.654296875 0.07421875 0.07421875
0 0.328125 0.4228515625 0.09375 0.076171875
0 0.419921875 0.2705078125 0.0859375 0.177734375
0 0.3037109375 0.224609375 0.212890625 0.09765625
0 0.0732421875 0.1552734375 0.146484375 0.197265625
0 0.1650390625 0.2412109375 0.111328125 0.056640625
