0 0.1708984375 0.0341796875 0.138671875 0.068359375
0 0.9521484375 0.04296875 0.095703125 0.0859375
0 0.8154296875 0.11328125 0.134765625 0.1015625
0 0.7451171875 0.166015625 0.271484375 0.08203125
0 0.576171875 0.2587890625 0.20703125 0.087890625
0 0.5361328125 0.3466796875 0.083984375 0.048828125
0 0.943359375 0.55859375 0.06640625 0.08203125
0 0.66796875 0.708984375 0.078125 0.05859375
0 0.83984375 0.8095703125 0.12890625 0.080078125
0 0.8564453125 0.869140625 0.072265625 0.0546875
0 0.37890625 0.1904296875 0.078125 0.173828125
0 0.2919921875 0.2529296875 0.119140625 0.083984375
0 0.1318359375 0.2529296875 0.080078125 0.072265625
0 0.060546875 0.25390625 0.12109375 0.0625
0 0.34765625 0.591796875 0.0703125 0.09765625
0 0.466796875 0.7177734375 0.0625 0.048828125
0 0.109375 0.7939453125 0.08203125 0.091796875
0 0.0341796875 0.787109375 0.068359375 0.11328125
0 0.0478515625 0.7314453125 0.095703125 0.080078125
0 0.1708984375 0.744140625 0.154296875 0.08984375
0 0.3466796875 0.8017578125 0.119140625 0.091796875
0 0.408203125 0.87890625 0.08984375 0.09375
0 0.4609375 0.923828125 0.1015625 0.10546875
0 0.4541015625 0.982421875 0.072265625 0.03515625
0 0.275390625 0.9482421875 0.0703125 0.103515625
0 0.0185546875 0.947265625 0.037109375 0.046875
0 0.58984375 0.8896484375 0.0703125 0.111328125
0 0.60546875 0.947265625 0.0703125 0.09375
0 0.76171875 0.984375 0.05078125 0.03125
0 0.3076171875 0.0087890625 0.048828125 0.017578125
