0 0.28515625 0.328125 0.064453125 0.056640625
0 0.98095703125 0.0771484375 0.0361328125 0.044921875
0 0.666015625 0.39013671875 0.0546875 0.0419921875
0 0.17919921875 0.9560546875 0.0927734375 0.0859375
0 0.884765625 0.05126953125 0.09375 0.0595703125
0 0.25537109375 0.79443359375 0.0537109375 0.0615234375
0 0.29248046875 0.9267578125 0.0400390625 0.037109375
0 0.2099609375 0.65869140625 0.07421875 0.0400390625
0 0.19677734375 0.10546875 0.0712890625 0.037109375
0 0.43408203125 0.83984375 0.0693359375 0.0546875
0 0.53955078125 0.96435546875 0.1396484375 0.0712890625
0 0.50634765625 0.2470703125 0.0732421875 0.041015625
0 0.5693359375 0.63427734375 0.099609375 0.0712890625
0 0.92236328125 0.2080078125 0.0517578125 0.03515625
0 0.4091796875 0.46435546875 0.095703125 0.0732421875
0 0.298828125 0.1259765625 0.064453125 0.0625
0 0.29248046875 0.23974609375 0.0556640625 0.0341796875
0 0.96630859375 0.490234375 0.0595703125 0.060546875
