0 0.20361328125 0.70068359375 0.1630859375 0.1865234375
0 0.21142578125 0.04052734375 0.0947265625 0.0771484375
0 0.09814453125 0.24072265625 0.1943359375 0.1728515625
0 0.533203125 0.87841796875 0.28125 0.0986328125
0 0.6064453125 0.51611328125 0.0859375 0.0927734375
0 0.634765625 0.6337890625 0.064453125 0.060546875
0 0.041015625 0.3701171875 0.080078125 0.07421875
0 0.685546875 0.61962890625 0.08203125 0.1201171875
0 0.12744140625 0.19384765625 0.0751953125 0.1103515625
0 0.19775390625 0.29248046875 0.0927734375 0.1162109375
0 0.31201171875 0.39697265625 0.1044921875 0.1357421875
0 0.3330078125 0.1728515625 0.087890625 0.162109375
0 0.10302734375 0.50244140625 0.2060546875 0.1748046875
0 0.17724609375 0.13037109375 0.0810546875 0.0810546875
0 0.1533203125 0.08203125 0.125 0.083984375
0 0.85693359375 0.05078125 0.0751953125 0.09765625
0 0.1845703125 0.77001953125 0.13671875 0.1337890625
0 0.5009765625 0.93603515625 0.2421875 0.1279296875
0 0.4091796875 0.52001953125 0.103515625 0.2060546875
0 0.77392578125 0.87939453125 0.0732421875 0.0595703125
0 0.9755859375 0.6435546875 0.046875 0.115234375
0 0.060546875 0.8134765625 0.119140625 0.142578125
0 0.04638671875 0.9296875 0.0712890625 0.072265625
