0 0.89013671875 0.76171875 0.0556640625 0.078125
0 0.56787109375 0.3271484375 0.0673828125 0.052734375
0 0.8271484375 0.23095703125 0.123046875 0.0888671875
0 0.2587890625 0.53515625 0.068359375 0.056640625
0 0.16357421875 0.62353515625 0.0751953125 0.0654296875
0 0.94482421875 0.03662109375 0.0556640625 0.0732421875
0 0.97265625 0.130859375 0.052734375 0.09375
0 0.81201171875 0.37646484375 0.0986328125 0.0712890625
0 0.1552734375 0.81103515625 0.056640625 0.0458984375
0 0.7314453125 0.154296875 0.083984375 0.0546875
0 0.6875 0.57470703125 0.0859375 0.0791015625
0 0.8251953125 0.14013671875 0.103515625 0.0947265625
0 0.30029296875 0.33154296875 0.1533203125 0.0361328125
0 0.72509765625 0.21240234375 0.1064453125 0.0927734375
0 0.779296875 0.3623046875 0.138671875 0.0703125
0 0.76611328125 0.20849609375 0.0869140625 0.0830078125
0 0.1201171875 0.4599609375 0.078125 0.04296875
0 0.10986328125 0.181640625 0.0595703125 0.0703125
0 0.06298828125 0.90869140625 0.0576171875 0.0556640625
0 0.83251953125 0.052734375 0.0986328125 0.10546875
0 0.083984375 0.810546875 0.09375 0.072265625
0 0.17529296875 0.17919921875 0.0634765625 0.1064453125
0 0.73828125 0.05029296875 0.064453125 0.1005859375
0 0.2978515625 0.2705078125 0.083984375 0.1171875
0 0.21728515625 0.146484375 0.0537109375 0.0703125
0 0.69873046875 0.0576171875 0.0576171875 0.07421875
0 0.79345703125 0.51220703125 0.1630859375 0.0634765625
0 0.8408203125 0.0869140625 0.134765625 0.08203125
0 0.0439453125 0.2333984375 0.05078125 0.09375
0 0.55078125 0.43115234375 0.06640625 0.0517578125
0 0.9345703125 0.45751953125 0.0390625 0.0849609375
0 0.849609375 0.25390625 0.09765625 0.0859375
0 0.08154296875 0.67138671875 0.0810546875 0.0615234375
