0 0.3017578125 0.59814453125 0.052734375 0.0361328125
0 0.16015625 0.93310546875 0.064453125 0.0439453125
0 0.8798828125 0.42236328125 0.16015625 0.0849609375
0 0.39697265625 0.52099609375 0.1083984375 0.0751953125
0 0.40673828125 0.1142578125 0.0556640625 0.04296875
0 0.97119140625 0.6162109375 0.0556640625 0.052734375
0 0.27685546875 0.0556640625 0.0400390625 0.041015625
0 0.333984375 0.66455078125 0.033203125 0.0439453125
0 0.484375 0.08251953125 0.0625 0.0302734375
0 0.15478515625 0.69189453125 0.0380859375 0.0458984375
0 0.35205078125 0.4853515625 0.0791015625 0.0625
0 0.2890625 0.169921875 0.044921875 0.0390625
0 0.58203125 0.31201171875 0.0859375 0.0654296875
0 0.689453125 0.51171875 0.0703125 0.05859375
0 0.34765625 0.89208984375 0.0390625 0.0498046875
0 0.5712890625 0.0712890625 0.048828125 0.046875
0 0.81298828125 0.72265625 0.1181640625 0.060546875
0 0.04052734375 0.7548828125 0.0419921875 0.05078125
0 0.939453125 0.2841796875 0.099609375 0.080078125
0 0.6064453125 0.43310546875 0.076171875 0.0458984375
0 0.05078125 0.046875 0.091796875 0.064453125
0 0.3203125 0.39501953125 0.072265625 0.0478515625
0 0.0927734375 0.1669921875 0.08203125 0.052734375
0 0.28271484375 0.7236328125 0.0498046875 0.0390625
