0 0.6884765625 0.4287109375 0.076171875 0.07421875
0 0.044921875 0.90283203125 0.078125 0.0751953125
0 0.7353515625 0.2802734375 0.109375 0.091796875
0 0.65966796875 0.08935546875 0.0830078125 0.0615234375
0 0.7353515625 0.64697265625 0.064453125 0.0537109375
0 0.84423828125 0.8427734375 0.0751953125 0.078125
0 0.572265625 0.56494140625 0.091796875 0.0888671875
0 0.36767578125 0.65283203125 0.0791015625 0.0654296875
0 0.9541015625 0.59716796875 0.072265625 0.0927734375
0 0.0400390625 0.61767578125 0.080078125 0.1142578125
0 0.87353515625 0.30126953125 0.0751953125 0.0830078125
0 0.833984375 0.53955078125 0.076171875 0.0615234375
0 0.63623046875 0.9580078125 0.0947265625 0.080078125
0 0.55615234375 0.34130859375 0.1044921875 0.1044921875
0 0.30615234375 0.39013671875 0.0791015625 0.0654296875
0 0.5810546875 0.736328125 0.1015625 0.095703125
0 0.59033203125 0.06689453125 0.0693359375 0.0498046875
0 0.14990234375 0.9580078125 0.0986328125 0.083984375
0 0.388671875 0.13671875 0.109375 0.09375
0 0.20751953125 0.65869140625 0.1162109375 0.1201171875
0 0.904296875 0.43603515625 0.12109375 0.1005859375
0 0.44482421875 0.595703125 0.1552734375 0.083984375
0 0.69873046875 0.546875 0.0615234375 0.09375
0 0.29443359375 0.96630859375 0.0986328125 0.0673828125
0 0.71875 0.72119140625 0.099609375 0.0791015625
0 0.66650390625 0.87548828125 0.0888671875 0.0634765625
0 0.1171875 0.45947265625 0.09765625 0.0966796875
0 0.1044921875 0.326171875 0.091796875 0.0859375
0 0.5205078125 0.1962890625 0.076171875 0.08984375
0 0.07373046875 0.12841796875 0.1142578125 0.0888671875
0 0.51025390625 0.037109375 0.0751953125 0.060546875
0 0.47265625 0.75830078125 0.068359375 0.0673828125
