0 0.01904296875 0.59521484375 0.0380859375 0.0771484375
0 0.640625 0.43798828125 0.0859375 0.0849609375
0 0.97412109375 0.8017578125 0.0498046875 0.1015625
0 0.32958984375 0.95654296875 0.0673828125 0.0869140625
0 0.24609375 0.82080078125 0.111328125 0.0849609375
0 0.421875 0.25537109375 0.08984375 0.1162109375
0 0.82275390625 0.73974609375 0.0771484375 0.0537109375
0 0.28662109375 0.51708984375 0.0966796875 0.0771484375
0 0.58154296875 0.87841796875 0.1318359375 0.0771484375
0 0.62451171875 0.30810546875 0.0498046875 0.0634765625
0 0.25634765625 0.0498046875 0.0791015625 0.099609375
0 0.31689453125 0.32958984375 0.0537109375 0.0673828125
0 0.25732421875 0.61083984375 0.0927734375 0.0771484375
0 0.01904296875 0.3349609375 0.0380859375 0.07421875
0 0.86181640625 0.4111328125 0.0869140625 0.115234375
0 0.453125 0.5361328125 0.091796875 0.07421875
0 0.931640625 0.2392578125 0.08984375 0.0859375
0 0.03369140625 0.919921875 0.0673828125 0.1171875
0 0.525390625 0.7490234375 0.078125 0.07421875
0 0.10595703125 0.4296875 0.1669921875 0.091796875
0 0.19677734375 0.61572265625 0.0791015625 0.0791015625
0 0.4140625 0.67236328125 0.115234375 0.0888671875
0 0.0390625 0.1640625 0.078125 0.09765625
0 0.64697265625 0.046875 0.0947265625 0.080078125
0 0.43212890625 0.4140625 0.0771484375 0.09375
0 0.44091796875 0.18505859375 0.0595703125 0.0634765625
0 0.6494140625 0.36962890625 0.068359375 0.0712890625
0 0.33984375 0.0439453125 0.103515625 0.087890625
0 0.74951171875 0.60107421875 0.1064453125 0.0888671875
