0 0.77490234375 0.3828125 0.0283203125 0.060546875
0 0.603515625 0.875 0.201171875 0.046875
0 0.052734375 0.50244140625 0.03515625 0.0654296875
0 0.1357421875 0.7802734375 0.025390625 0.09765625
0 0.89453125 0.794921875 0.068359375 0.05859375
0 0.2265625 0.41357421875 0.046875 0.0302734375
0 0.85205078125 0.83447265625 0.0869140625 0.0654296875
0 0.83984375 0.75634765625 0.052734375 0.1162109375
0 0.5263671875 0.7998046875 0.130859375 0.087890625
0 0.0283203125 0.08984375 0.056640625 0.0390625
0 0.19287109375 0.6015625 0.0498046875 0.05859375
0 0.505859375 0.6015625 0.05859375 0.05859375
0 0.4443359375 0.69091796875 0.10546875 0.0693359375
0 0.97509765625 0.59716796875 0.0498046875 0.0732421875
0 0.50732421875 0.43212890625 0.0615234375 0.1181640625
0 0.42724609375 0.28955078125 0.0693359375 0.0517578125
0 0.4296875 0.599609375 0.08203125 0.05078125
0 0.32421875 0.34619140625 0.08203125 0.1435546875
0 0.45751953125 0.64111328125 0.0732421875 0.0263671875
0 0.7529296875 0.15966796875 0.056640625 0.1279296875
0 0.14599609375 0.67626953125 0.0966796875 0.1572265625
0 0.2080078125 0.29638671875 0.064453125 0.0224609375
0 0.45751953125 0.52490234375 0.0869140625 0.0751953125
0 0.97314453125 0.53515625 0.0537109375 0.080078125
0 0.83056640625 0.62841796875 0.0517578125 0.0576171875
0 0.8037109375 0.0869140625 0.1015625 0.083984375
0 0.39599609375 0.74658203125 0.0947265625 0.0869140625
0 0.58349609375 0.3798828125 0.0634765625 0.15625
0 0.88330078125 0.67041015625 0.0283203125 0.0458984375
0 0.92041015625 0.11962890625 0.0888671875 0.1123046875
0 0.34033203125 0.51025390625 0.0673828125 0.0673828125
0 0.93994140625 0.771484375 0.0517578125 0.080078125
0 0.50537109375 0.62158203125 0.0791015625 0.0244140625
0 0.88623046875 0.9375 0.0283203125 0.052734375
0 0.50732421875 0.923828125 0.0673828125 0.02734375
0 0.72021484375 0.04052734375 0.0478515625 0.0810546875
0 0.6943359375 0.25830078125 0.04296875 0.0341796875
0 0.75390625 0.76171875 0.044921875 0.0546875
0 0.537109375 0.56201171875 0.05078125 0.0361328125
0 0.06689453125 0.6953125 0.0380859375 0.12890625
0 0.92431640625 0.65771484375 0.0419921875 0.0283203125
0 0.44287109375 0.478515625 0.1552734375 0.12109375
0 0.466796875 0.3203125 0.046875 0.03125
0 0.26220703125 0.73486328125 0.0927734375 0.0224609375
0 0.388671875 0.640625 0.076171875 0.046875
0 0.11474609375 0.38427734375 0.0673828125 0.1318359375
0 0.64208984375 0.49658203125 0.1142578125 0.1123046875
0 0.29736328125 0.794921875 0.0673828125 0.142578125
0 0.291015625 0.9326171875 0.173828125 0.08984375
0 0.71142578125 0.77587890625 0.0400390625 0.0654296875
0 0.326171875 0.56982421875 0.173828125 0.0361328125
0 0.162109375 0.8349609375 0.052734375 0.060546875
0 0.9755859375 0.16357421875 0.048828125 0.0322265625
0 0.92626953125 0.60400390625 0.0693359375 0.0283203125
0 0.9375 0.53955078125 0.0546875 0.1064453125
0 0.787109375 0.935546875 0.05859375 0.07421875
0 0.0146484375 0.68994140625 0.029296875 0.1064453125
