0 0.99462890625 0.91943359375 0.0107421875 0.0693359375
0 0.97314453125 0.85498046875 0.0419921875 0.0361328125
0 0.44287109375 0.8701171875 0.0439453125 0.064453125
0 0.40869140625 0.8095703125 0.0615234375 0.048828125
0 0.572265625 0.861328125 0.029296875 0.02734375
0 0.62939453125 0.8505859375 0.0380859375 0.037109375
0 0.69140625 0.830078125 0.02734375 0.02734375
0 0.763671875 0.8671875 0.044921875 0.037109375
0 0.7734375 0.82958984375 0.056640625 0.0458984375
0 0.64453125 0.8095703125 0.0390625 0.033203125
0 0.60986328125 0.77685546875 0.0458984375 0.0400390625
0 0.69384765625 0.748046875 0.0458984375 0.03515625
0 0.87158203125 0.7783203125 0.0322265625 0.05078125
0 0.85498046875 0.6943359375 0.0302734375 0.048828125
0 0.97900390625 0.6435546875 0.0419921875 0.0625
0 0.68359375 0.67578125 0.048828125 0.04296875
0 0.53564453125 0.72607421875 0.0478515625 0.0400390625
0 0.443359375 0.68994140625 0.05078125 0.0615234375
0 0.56884765625 0.68359375 0.0419921875 0.0390625
0 0.55224609375 0.62255859375 0.0517578125 0.0419921875
0 0.3349609375 0.69970703125 0.04296875 0.0458984375
0 0.20263671875 0.63720703125 0.0576171875 0.0537109375
0 0.08349609375 0.64013671875 0.0498046875 0.0322265625
0 0.0869140625 0.7568359375 0.033203125 0.03125
0 0.13525390625 0.81787109375 0.0380859375 0.0478515625
0 0.9609375 0.51708984375 0.03125 0.0419921875
0 0.98681640625 0.46484375 0.0263671875 0.048828125
0 0.66552734375 0.48583984375 0.0498046875 0.0751953125
0 0.5771484375 0.48876953125 0.064453125 0.0498046875
0 0.5244140625 0.40625 0.0546875 0.044921875
0 0.43310546875 0.384765625 0.0693359375 0.048828125
0 0.4794921875 0.41552734375 0.04296875 0.0419921875
0 0.41650390625 0.4892578125 0.0302734375 0.041015625
0 0.29150390625 0.51904296875 0.0830078125 0.0732421875
0 0.30224609375 0.3642578125 0.0732421875 0.044921875
0 0.38037109375 0.31298828125 0.0810546875 0.0361328125
0 0.2041015625 0.30810546875 0.044921875 0.0556640625
0 0.29736328125 0.2705078125 0.0400390625 0.076171875
0 0.4892578125 0.30078125 0.056640625 0.037109375
0 0.5791015625 0.18115234375 0.037109375 0.0517578125
0 0.6708984375 0.27783203125 0.046875 0.0712890625
0 0.70947265625 0.330078125 0.0517578125 0.046875
0 0.75439453125 0.39111328125 0.0361328125 0.0537109375
0 0.8740234375 0.29150390625 0.0234375 0.0556640625
0 0.91455078125 0.1201171875 0.0458984375 0.0546875
0 0.9375 0.22900390625 0.046875 0.0517578125
0 0.322265625 0.083984375 0.05859375 0.095703125
0 0.27783203125 0.04296875 0.0498046875 0.041015625
0 0.11474609375 0.078125 0.0537109375 0.046875
0 0.1787109375 0.04052734375 0.0625 0.0341796875
0 0.10986328125 0.34619140625 0.0615234375 0.0517578125
0 0.20556640625 0.70068359375 0.0517578125 0.0439453125
0 0.28369140625 0.73876953125 0.0341796875 0.0517578125
0 0.8359375 0.39404296875 0.041015625 0.0419921875
0 0.9541015625 0.3310546875 0.041015625 0.0390625
0 0.95458984375 0.0400390625 0.0712890625 0.029296875
0 0.88525390625 0.04638671875 0.0380859375 0.0380859375
0 0.53271484375 0.36572265625 0.0380859375 0.0224609375
0 0.43896484375 0.28564453125 0.0380859375 0.0283203125
0 0.82080078125 0.65673828125 0.0380859375 0.0478515625
0 0.091796875 0.67236328125 0.046875 0.0263671875
0 0.6845703125 0.85400390625 0.033203125 0.0283203125
0 0.916015625 0.693359375 0.041015625 0.033203125
0 0.89111328125 0.18798828125 0.0751953125 0.0537109375
0 0.58251953125 0.28759765625 0.0791015625 0.0810546875
0 0.05126953125 0.37548828125 0.0400390625 0.0439453125
0 0.38916015625 0.74072265625 0.0458984375 0.0322265625
0 0.91650390625 0.03955078125 0.0283203125 0.0302734375
0 0.326171875 0.33056640625 0.05859375 0.0478515625
0 0.75146484375 0.67138671875 0.0439453125 0.0341796875
0 0.71728515625 0.0419921875 0.0419921875 0.0390625
0 0.1591796875 0.70947265625 0.044921875 0.0224609375
0 0.994140625 0.072265625 0.01171875 0.04296875
