0 0.3798828125 0.05615234375 0.09375 0.1005859375
0 0.46826171875 0.16015625 0.0673828125 0.060546875
0 0.5224609375 0.462890625 0.126953125 0.04296875
0 0.0419921875 0.31884765625 0.083984375 0.0615234375
0 0.5517578125 0.3046875 0.1328125 0.068359375
0 0.02783203125 0.04345703125 0.0537109375 0.0693359375
0 0.52978515625 0.11474609375 0.0947265625 0.0791015625
0 0.38330078125 0.267578125 0.0869140625 0.09375
0 0.3466796875 0.0166015625 0.08203125 0.033203125
0 0.24755859375 0.13427734375 0.0732421875 0.0595703125
0 0.26123046875 0.5517578125 0.0673828125 0.072265625
0 0.12158203125 0.2705078125 0.0751953125 0.099609375
0 0.45703125 0.021484375 0.046875 0.041015625
0 0.15966796875 0.48779296875 0.0556640625 0.0498046875
0 0.4716796875 0.43408203125 0.14453125 0.0498046875
0 0.158203125 0.34521484375 0.037109375 0.0517578125
0 0.125 0.083984375 0.0625 0.046875
0 0.31591796875 0.548828125 0.0419921875 0.037109375
0 0.30419921875 0.10693359375 0.0693359375 0.0517578125
0 0.890625 0.61083984375 0.095703125 0.0927734375
0 0.26171875 0.06884765625 0.0859375 0.0654296875
0 0.45166015625 0.11767578125 0.1005859375 0.0478515625
