0 0.0654296875 0.0537109375 0.123046875 0.107421875
0 0.259765625 0.0419921875 0.11328125 0.083984375
0 0.333984375 0.0947265625 0.0859375 0.083984375
0 0.75 0.1591796875 0.0625 0.060546875
0 0.5185546875 0.2900390625 0.087890625 0.138671875
0 0.1962890625 0.6474609375 0.111328125 0.076171875
0 0.3310546875 0.6611328125 0.146484375 0.119140625
0 0.2607421875 0.5927734375 0.111328125 0.072265625
0 0.3525390625 0.34375 0.154296875 0.1640625
0 0.318359375 0.2353515625 0.08984375 0.212890625
0 0.1044921875 0.8310546875 0.208984375 0.138671875
0 0.12890625 0.890625 0.07421875 0.125
0 0.83203125 0.619140625 0.05078125 0.0625
0 0.984375 0.603515625 0.03125 0.06640625
0 0.9638671875 0.716796875 0.072265625 0.10546875
0 0.5966796875 0.9755859375 0.044921875 0.048828125
0 0.533203125 0.9287109375 0.08984375 0.130859375
0 0.6162109375 0.88671875 0.138671875 0.125
0 0.794921875 0.833984375 0.0859375 0.1171875
0 0.6923828125 0.77734375 0.185546875 0.12890625
0 0.2109375 0.9189453125 0.1328125 0.162109375
0 0.0498046875 0.1826171875 0.099609375 0.111328125
