0 0.98095703125 0.791015625 0.0224609375 0.1171875
0 0.888671875 0.859375 0.046875 0.048828125
0 0.966796875 0.9208984375 0.05078125 0.048828125
0 0.92333984375 0.78466796875 0.0595703125 0.0732421875
0 0.76513671875 0.92236328125 0.1103515625 0.0615234375
0 0.6162109375 0.8935546875 0.044921875 0.044921875
0 0.734375 0.8017578125 0.044921875 0.046875
0 0.75634765625 0.68994140625 0.1103515625 0.0712890625
0 0.48046875 0.931640625 0.0546875 0.044921875
0 0.46923828125 0.84765625 0.0830078125 0.060546875
0 0.37841796875 0.78955078125 0.0595703125 0.0517578125
0 0.11181640625 0.9541015625 0.0791015625 0.03125
0 0.35400390625 0.68212890625 0.0986328125 0.0419921875
0 0.33740234375 0.6328125 0.0908203125 0.06640625
0 0.28173828125 0.7587890625 0.0654296875 0.046875
0 0.29833984375 0.806640625 0.0673828125 0.044921875
0 0.19091796875 0.603515625 0.0576171875 0.048828125
0 0.30712890625 0.58740234375 0.1337890625 0.0439453125
0 0.18994140625 0.67236328125 0.1572265625 0.0400390625
0 0.34130859375 0.494140625 0.0498046875 0.052734375
0 0.20751953125 0.4765625 0.0576171875 0.04296875
0 0.2861328125 0.39208984375 0.056640625 0.0556640625
0 0.30908203125 0.31103515625 0.0693359375 0.0478515625
0 0.17041015625 0.34814453125 0.0576171875 0.0380859375
0 0.41943359375 0.21142578125 0.0830078125 0.0791015625
0 0.29248046875 0.20654296875 0.1298828125 0.0849609375
0 0.53271484375 0.193359375 0.0556640625 0.060546875
0 0.45703125 0.08447265625 0.041015625 0.0654296875
0 0.06005859375 0.3095703125 0.0244140625 0.05859375
0 0.14794921875 0.21728515625 0.1220703125 0.0751953125
0 0.06591796875 0.158203125 0.0322265625 0.072265625
0 0.0810546875 0.08056640625 0.078125 0.0439453125
0 0.19580078125 0.05859375 0.0537109375 0.041015625
0 0.3134765625 0.12451171875 0.037109375 0.0322265625
0 0.7294921875 0.19287109375 0.078125 0.0791015625
0 0.84228515625 0.15869140625 0.1103515625 0.0615234375
0 0.6552734375 0.03515625 0.05078125 0.04296875
0 0.8291015625 0.43310546875 0.107421875 0.1396484375
0 0.984375 0.4892578125 0.015625 0.044921875
0 0.59521484375 0.58837890625 0.0498046875 0.0595703125
0 0.57666015625 0.2587890625 0.0439453125 0.046875
0 0.91357421875 0.28369140625 0.0595703125 0.0673828125
0 0.1708984375 0.2900390625 0.037109375 0.041015625
0 0.2451171875 0.30078125 0.03515625 0.033203125
0 0.94580078125 0.48046875 0.0478515625 0.048828125
0 0.2744140625 0.720703125 0.0625 0.033203125
0 0.4423828125 0.6884765625 0.037109375 0.048828125
0 0.1904296875 0.82666015625 0.060546875 0.0302734375
0 0.15283203125 0.48583984375 0.0478515625 0.0322265625
0 0.51953125 0.44775390625 0.03125 0.0380859375
0 0.64453125 0.30810546875 0.0703125 0.0400390625
0 0.9658203125 0.640625 0.03125 0.0234375
0 0.90234375 0.693359375 0.037109375 0.025390625
0 0.83642578125 0.93798828125 0.0673828125 0.0478515625
0 0.9619140625 0.5419921875 0.0390625 0.04296875
0 0.73583984375 0.72509765625 0.0673828125 0.0263671875
0 0.0556640625 0.72509765625 0.0703125 0.0283203125
0 0.04052734375 0.7041015625 0.0517578125 0.03515625
0 0.3857421875 0.73046875 0.044921875 0.033203125
0 0.75927734375 0.65185546875 0.0283203125 0.0283203125
0 0.74560546875 0.720703125 0.0556640625 0.033203125
0 0.2998046875 0.36083984375 0.044921875 0.0283203125
0 0.14990234375 0.1162109375 0.0771484375 0.048828125
0 0.525390625 0.26806640625 0.0546875 0.0380859375
0 0.1787109375 0.64599609375 0.076171875 0.0224609375
0 0.22021484375 0.69384765625 0.0849609375 0.0283203125
0 0.35888671875 0.296875 0.0673828125 0.05078125
