0 0.87451171875 0.681640625 0.0615234375 0.208984375
0 0.75244140625 0.39990234375 0.0537109375 0.0654296875
0 0.2197265625 0.53515625 0.048828125 0.0625
0 0.88232421875 0.58935546875 0.0947265625 0.0693359375
0 0.27783203125 0.54931640625 0.0751953125 0.0537109375
0 0.173828125 0.16650390625 0.052734375 0.0576171875
0 0.0673828125 0.8603515625 0.08984375 0.109375
0 0.1796875 0.7998046875 0.150390625 0.1953125
0 0.53125 0.49560546875 0.0859375 0.0595703125
0 0.0263671875 0.6435546875 0.052734375 0.09765625
0 0.61376953125 0.33837890625 0.0908203125 0.0947265625
0 0.693359375 0.45556640625 0.064453125 0.1142578125
0 0.2490234375 0.36865234375 0.130859375 0.0556640625
0 0.95361328125 0.67041015625 0.0927734375 0.0498046875
0 0.18798828125 0.73193359375 0.0478515625 0.1044921875
0 0.21875 0.6396484375 0.06640625 0.123046875
0 0.61962890625 0.14697265625 0.1396484375 0.1552734375
0 0.16015625 0.07763671875 0.0546875 0.0751953125
0 0.75830078125 0.158203125 0.0654296875 0.060546875
0 0.54833984375 0.8251953125 0.0478515625 0.103515625
0 0.986328125 0.94580078125 0.02734375 0.0673828125
0 0.6103515625 0.80810546875 0.04296875 0.0712890625
0 0.4189453125 0.95654296875 0.064453125 0.0869140625
0 0.41943359375 0.07568359375 0.0693359375 0.0712890625
0 0.78515625 0.91015625 0.056640625 0.140625
0 0.1220703125 0.58349609375 0.044921875 0.0732421875
0 0.7216796875 0.97607421875 0.052734375 0.0478515625
0 0.1298828125 0.02197265625 0.087890625 0.0439453125
0 0.27685546875 0.77587890625 0.0830078125 0.0595703125
0 0.30810546875 0.05224609375 0.0673828125 0.1044921875
0 0.625 0.91162109375 0.080078125 0.1201171875
0 0.37451171875 0.5908203125 0.0751953125 0.1328125
0 0.9580078125 0.28759765625 0.078125 0.1435546875
0 0.62939453125 0.97412109375 0.0556640625 0.0478515625
0 0.2294921875 0.94140625 0.0859375 0.1171875
0 0.072265625 0.34033203125 0.103515625 0.0751953125
0 0.50048828125 0.3359375 0.0654296875 0.078125
0 0.09765625 0.5126953125 0.060546875 0.072265625
0 0.08154296875 0.18212890625 0.0888671875 0.0751953125
0 0.52001953125 0.4365234375 0.0673828125 0.044921875
0 0.0830078125 0.97900390625 0.06640625 0.0380859375
0 0.30224609375 0.80322265625 0.0595703125 0.2216796875
0 0.0908203125 0.10009765625 0.083984375 0.0771484375
0 0.7568359375 0.0458984375 0.083984375 0.091796875
0 0.03125 0.09130859375 0.0625 0.1591796875
0 0.7783203125 0.169921875 0.068359375 0.076171875
0 0.46728515625 0.12451171875 0.0888671875 0.0517578125
0 0.80908203125 0.7470703125 0.1220703125 0.08203125
0 0.18994140625 0.52490234375 0.1005859375 0.1416015625
0 0.494140625 0.2890625 0.16796875 0.115234375
0 0.9072265625 0.95849609375 0.041015625 0.0458984375
0 0.35205078125 0.8095703125 0.0654296875 0.244140625
0 0.5888671875 0.4501953125 0.060546875 0.091796875
0 0.583984375 0.70703125 0.083984375 0.134765625
0 0.88037109375 0.5009765625 0.0517578125 0.0625
0 0.95263671875 0.966796875 0.0947265625 0.06640625
0 0.75341796875 0.447265625 0.0751953125 0.0546875
0 0.228515625 0.2294921875 0.0625 0.048828125
0 0.86474609375 0.19970703125 0.0927734375 0.0537109375
0 0.35498046875 0.03369140625 0.0615234375 0.0673828125
0 0.5263671875 0.04052734375 0.06640625 0.0810546875
0 0.6513671875 0.87646484375 0.05859375 0.0634765625
0 0.68359375 0.82373046875 0.259765625 0.1025390625
0 0.63525390625 0.03271484375 0.0810546875 0.0654296875
