0 0.6767578125 0.40087890625 0.0546875 0.1259765625
0 0.5361328125 0.61767578125 0.076171875 0.0693359375
0 0.8232421875 0.8134765625 0.072265625 0.04296875
0 0.62060546875 0.890625 0.0869140625 0.060546875
0 0.56396484375 0.73388671875 0.0654296875 0.0869140625
0 0.64599609375 0.4814453125 0.0888671875 0.076171875
0 0.462890625 0.3173828125 0.052734375 0.0546875
0 0.83349609375 0.85693359375 0.1416015625 0.0615234375
0 0.6845703125 0.302734375 0.095703125 0.076171875
0 0.63525390625 0.8095703125 0.0693359375 0.095703125
0 0.857421875 0.93359375 0.126953125 0.05078125
0 0.4931640625 0.0380859375 0.07421875 0.07421875
0 0.60009765625 0.79052734375 0.0615234375 0.0810546875
0 0.39453125 0.9609375 0.052734375 0.076171875
0 0.88427734375 0.53857421875 0.0927734375 0.0615234375
0 0.89990234375 0.65625 0.0595703125 0.05078125
0 0.765625 0.64794921875 0.060546875 0.0654296875
0 0.43798828125 0.095703125 0.0400390625 0.1015625
0 0.81005859375 0.7626953125 0.0927734375 0.0625
0 0.7724609375 0.17236328125 0.1171875 0.0556640625
0 0.63525390625 0.0146484375 0.0537109375 0.029296875
0 0.51220703125 0.255859375 0.1083984375 0.056640625
0 0.56396484375 0.6044921875 0.0458984375 0.04296875
0 0.55859375 0.02587890625 0.056640625 0.0498046875
0 0.63330078125 0.603515625 0.0908203125 0.0546875
0 0.31787109375 0.57177734375 0.0673828125 0.0830078125
0 0.78564453125 0.04345703125 0.0595703125 0.0869140625
0 0.90283203125 0.8544921875 0.0810546875 0.046875
0 0.5419921875 0.2939453125 0.068359375 0.07421875
0 0.69091796875 0.544921875 0.1259765625 0.08203125
0 0.92431640625 0.14892578125 0.0927734375 0.1064453125
