0 0.54638671875 0.81884765625 0.0673828125 0.0439453125
0 0.3798828125 0.86181640625 0.05078125 0.0517578125
0 0.55859375 0.55615234375 0.12890625 0.1611328125
0 0.337890625 0.95654296875 0.095703125 0.0869140625
0 0.82666015625 0.9013671875 0.1806640625 0.095703125
0 0.51708984375 0.9033203125 0.0771484375 0.080078125
0 0.02685546875 0.33935546875 0.0537109375 0.0615234375
0 0.1953125 0.32470703125 0.095703125 0.0693359375
0 0.0751953125 0.24560546875 0.150390625 0.1494140625
0 0.8369140625 0.2626953125 0.15234375 0.115234375
0 0.14892578125 0.5126953125 0.0595703125 0.0546875
0 0.57861328125 0.36083984375 0.1494140625 0.0849609375
0 0.23828125 0.94140625 0.1015625 0.060546875
0 0.04736328125 0.5390625 0.0693359375 0.14453125
0 0.63330078125 0.6806640625 0.0537109375 0.0546875
0 0.6552734375 0.6630859375 0.154296875 0.138671875
0 0.69189453125 0.4189453125 0.1162109375 0.134765625
0 0.50244140625 0.33984375 0.2119140625 0.09765625
0 0.19677734375 0.92724609375 0.1162109375 0.1357421875
0 0.05419921875 0.74853515625 0.1083984375 0.0732421875
0 0.91455078125 0.7021484375 0.0380859375 0.029296875
0 0.06103515625 0.90380859375 0.1220703125 0.0498046875
0 0.76220703125 0.06884765625 0.0673828125 0.1376953125
0 0.654296875 0.95556640625 0.08203125 0.0888671875
0 0.0380859375 0.26904296875 0.076171875 0.0615234375
0 0.86279296875 0.92333984375 0.0498046875 0.1474609375
0 0.55615234375 0.4365234375 0.0830078125 0.111328125
0 0.25439453125 0.38232421875 0.0517578125 0.0498046875
0 0.2197265625 0.5703125 0.09375 0.123046875
0 0.06787109375 0.45947265625 0.1357421875 0.0615234375
0 0.1162109375 0.2158203125 0.072265625 0.060546875
0 0.6484375 0.8310546875 0.11328125 0.078125
0 0.96044921875 0.55078125 0.0791015625 0.125
