0 0.80615234375 0.04833984375 0.0576171875 0.0927734375
0 0.5703125 0.033203125 0.068359375 0.0625
0 0.533203125 0.86865234375 0.0625 0.0576171875
0 0.95361328125 0.22265625 0.0419921875 0.041015625
0 0.5068359375 0.0986328125 0.080078125 0.0625
0 0.52099609375 0.91845703125 0.0830078125 0.0869140625
0 0.9482421875 0.04345703125 0.087890625 0.0830078125
0 0.72021484375 0.55615234375 0.1083984375 0.1025390625
0 0.609375 0.32470703125 0.080078125 0.0849609375
0 0.68212890625 0.2568359375 0.0556640625 0.0703125
0 0.38720703125 0.134765625 0.0869140625 0.09765625
0 0.5107421875 0.15576171875 0.115234375 0.0517578125
0 0.787109375 0.15966796875 0.125 0.1005859375
0 0.49072265625 0.27099609375 0.1123046875 0.0927734375
0 0.65576171875 0.2041015625 0.0654296875 0.13671875
0 0.34326171875 0.3193359375 0.0595703125 0.05859375
0 0.630859375 0.412109375 0.091796875 0.0546875
0 0.380859375 0.01513671875 0.048828125 0.0302734375
0 0.93896484375 0.5029296875 0.0576171875 0.06640625
0 0.39111328125 0.0771484375 0.1376953125 0.060546875
0 0.47314453125 0.58935546875 0.1240234375 0.1064453125
0 0.71240234375 0.01806640625 0.0458984375 0.0341796875
0 0.5927734375 0.91650390625 0.095703125 0.0361328125
