0 0.3408203125 0.82275390625 0.0625 0.0419921875
0 0.63037109375 0.1982421875 0.1240234375 0.048828125
0 0.90283203125 0.822265625 0.0654296875 0.052734375
0 0.97021484375 0.89404296875 0.0419921875 0.1064453125
0 0.0224609375 0.7822265625 0.044921875 0.044921875
0 0.20361328125 0.47802734375 0.1494140625 0.0751953125
0 0.103515625 0.83251953125 0.14453125 0.0908203125
0 0.19140625 0.97021484375 0.115234375 0.0458984375
0 0.0224609375 0.55517578125 0.044921875 0.0791015625
0 0.15283203125 0.76220703125 0.1376953125 0.0771484375
0 0.771484375 0.80224609375 0.05078125 0.0205078125
0 0.8388671875 0.63525390625 0.0703125 0.0380859375
0 0.57763671875 0.43017578125 0.1337890625 0.0888671875
0 0.62744140625 0.73828125 0.0712890625 0.064453125
0 0.265625 0.078125 0.078125 0.107421875
0 0.17822265625 0.13427734375 0.1357421875 0.0830078125
0 0.25439453125 0.58349609375 0.0615234375 0.0615234375
0 0.484375 0.06884765625 0.068359375 0.0478515625
0 0.65966796875 0.814453125 0.0478515625 0.04296875
0 0.0302734375 0.97314453125 0.060546875 0.0478515625
0 0.90185546875 0.775390625 0.0576171875 0.04296875
0 0.36474609375 0.50634765625 0.0556640625 0.0634765625
0 0.603515625 0.31005859375 0.078125 0.0712890625
0 0.8359375 0.3828125 0.072265625 0.05859375
0 0.39599609375 0.6630859375 0.0810546875 0.044921875
0 0.3828125 0.79638671875 0.076171875 0.0517578125
0 0.51416015625 0.916015625 0.1787109375 0.14453125
0 0.6005859375 0.92822265625 0.08203125 0.0673828125
0 0.1171875 0.5859375 0.087890625 0.05859375
0 0.4580078125 0.5546875 0.0859375 0.041015625
0 0.33056640625 0.7978515625 0.0576171875 0.11328125
0 0.4736328125 0.16259765625 0.060546875 0.0283203125
0 0.1884765625 0.6748046875 0.046875 0.02734375
0 0.2900390625 0.1572265625 0.111328125 0.083984375
0 0.67431640625 0.42724609375 0.1552734375 0.1162109375
0 0.9697265625 0.18896484375 0.033203125 0.0908203125
0 0.974609375 0.6767578125 0.05078125 0.029296875
0 0.42236328125 0.58642578125 0.0830078125 0.0732421875
0 0.84375 0.4169921875 0.078125 0.072265625
0 0.20068359375 0.91015625 0.0751953125 0.05078125
0 0.5146484375 0.82958984375 0.0546875 0.0927734375
0 0.46337890625 0.79443359375 0.0634765625 0.0693359375
0 0.345703125 0.3681640625 0.107421875 0.09765625
0 0.63818359375 0.14599609375 0.0830078125 0.0478515625
0 0.23095703125 0.70361328125 0.1240234375 0.0478515625
0 0.05810546875 0.74560546875 0.1162109375 0.0439453125
0 0.4189453125 0.626953125 0.10546875 0.037109375
0 0.6025390625 0.47900390625 0.048828125 0.0615234375
0 0.56982421875 0.6337890625 0.0869140625 0.0390625
0 0.40625 0.23193359375 0.150390625 0.1474609375
0 0.56884765625 0.6484375 0.0986328125 0.046875
0 0.0849609375 0.66748046875 0.13671875 0.0419921875
0 0.5634765625 0.72021484375 0.0859375 0.0478515625
0 0.76953125 0.123046875 0.111328125 0.091796875
0 0.26416015625 0.4833984375 0.0634765625 0.05859375
0 0.67626953125 0.44873046875 0.0927734375 0.0908203125
0 0.90185546875 0.822265625 0.0654296875 0.052734375
0 0.98095703125 0.61767578125 0.0380859375 0.0654296875
0 0.0537109375 0.07080078125 0.107421875 0.0869140625
0 0.1201171875 0.37939453125 0.171875 0.0517578125
0 0.619140625 0.25341796875 0.1484375 0.0986328125
0 0.58544921875 0.85498046875 0.1025390625 0.0810546875
0 0.36669921875 0.1904296875 0.0791015625 0.087890625
0 0.43994140625 0.080078125 0.1201171875 0.115234375
0 0.98583984375 0.416015625 0.0283203125 0.076171875
0 0.97314453125 0.1904296875 0.0400390625 0.09375
0 0.66015625 0.265625 0.166015625 0.08984375
0 0.8251953125 0.03271484375 0.0625 0.0419921875
0 0.2958984375 0.958984375 0.091796875 0.0703125
