0 0.623046875 0.62109375 0.0625 0.0703125
0 0.47900390625 0.82568359375 0.0947265625 0.0849609375
0 0.53564453125 0.57763671875 0.0576171875 0.0595703125
0 0.48779296875 0.9677734375 0.0419921875 0.0625
0 0.77099609375 0.62109375 0.0830078125 0.0625
0 0.16552734375 0.728515625 0.0673828125 0.080078125
0 0.24609375 0.46337890625 0.0625 0.0576171875
0 0.546875 0.15576171875 0.0546875 0.0478515625
0 0.15673828125 0.328125 0.1103515625 0.087890625
0 0.0634765625 0.43896484375 0.087890625 0.0849609375
0 0.30908203125 0.50439453125 0.0400390625 0.0498046875
0 0.55712890625 0.703125 0.0498046875 0.0625
0 0.06298828125 0.53173828125 0.0849609375 0.0771484375
0 0.96875 0.85302734375 0.0625 0.0576171875
0 0.18359375 0.5078125 0.087890625 0.08203125
0 0.06689453125 0.1435546875 0.1103515625 0.087890625
0 0.55224609375 0.8388671875 0.0673828125 0.09765625
0 0.45947265625 0.8857421875 0.0595703125 0.046875
0 0.9443359375 0.02587890625 0.064453125 0.0517578125
0 0.23583984375 0.74755859375 0.0849609375 0.0673828125
0 0.82568359375 0.84228515625 0.0830078125 0.0830078125
0 0.61181640625 0.69873046875 0.0654296875 0.0556640625
0 0.48876953125 0.81005859375 0.0908203125 0.0517578125
0 0.55078125 0.470703125 0.046875 0.046875
0 0.296875 0.8984375 0.060546875 0.08203125
0 0.72314453125 0.78466796875 0.1064453125 0.1298828125
0 0.68212890625 0.22705078125 0.0576171875 0.0498046875
0 0.94580078125 0.07421875 0.0576171875 0.0546875
0 0.65625 0.32861328125 0.0625 0.0673828125
0 0.408203125 0.04833984375 0.0625 0.0517578125
0 0.93505859375 0.2744140625 0.0576171875 0.060546875
0 0.80322265625 0.92236328125 0.0986328125 0.1162109375
0 0.1806640625 0.83642578125 0.087890625 0.1142578125
0 0.66455078125 0.96728515625 0.0654296875 0.0654296875
0 0.658203125 0.4033203125 0.046875 0.046875
0 0.97607421875 0.75 0.0478515625 0.060546875
0 0.32177734375 0.38916015625 0.1201171875 0.0751953125
0 0.58056640625 0.38818359375 0.0478515625 0.0478515625
0 0.37353515625 0.5595703125 0.1025390625 0.07421875
0 0.56201171875 0.34716796875 0.0595703125 0.0595703125
0 0.33642578125 0.27490234375 0.0908203125 0.0341796875
0 0.560546875 0.94873046875 0.072265625 0.0947265625
0 0.03369140625 0.22802734375 0.0576171875 0.0673828125
0 0.78662109375 0.68359375 0.1298828125 0.08984375
0 0.5869140625 0.02978515625 0.0703125 0.0595703125
0 0.8046875 0.4580078125 0.060546875 0.087890625
0 0.53076171875 0.310546875 0.0966796875 0.0625
0 0.24951171875 0.9443359375 0.0908203125 0.078125
0 0.36376953125 0.306640625 0.0810546875 0.064453125
0 0.0869140625 0.8203125 0.060546875 0.095703125
0 0.26708984375 0.6884765625 0.1005859375 0.052734375
0 0.64794921875 0.86474609375 0.0576171875 0.0849609375
0 0.1259765625 0.9296875 0.072265625 0.08984375
0 0.96240234375 0.15576171875 0.0498046875 0.0419921875
0 0.74072265625 0.53955078125 0.0517578125 0.0556640625
0 0.5634765625 0.640625 0.072265625 0.0625
0 0.77197265625 0.443359375 0.0693359375 0.078125
0 0.3720703125 0.89111328125 0.08984375 0.0673828125
0 0.53515625 0.240234375 0.064453125 0.0703125
0 0.916015625 0.14990234375 0.056640625 0.0556640625
0 0.5693359375 0.52685546875 0.064453125 0.0595703125
0 0.08203125 0.2705078125 0.130859375 0.09765625
0 0.61865234375 0.36865234375 0.0576171875 0.0576171875
0 0.3642578125 0.02099609375 0.08984375 0.0419921875
0 0.6181640625 0.11962890625 0.052734375 0.0595703125
0 0.3505859375 0.52734375 0.0625 0.044921875
0 0.37646484375 0.12939453125 0.0654296875 0.0576171875
0 0.509765625 0.0908203125 0.0546875 0.046875
