0 0.25341796875 0.0419921875 0.1005859375 0.080078125
0 0.1591796875 0.90087890625 0.060546875 0.0595703125
0 0.09423828125 0.8564453125 0.0556640625 0.048828125
0 0.9833984375 0.35546875 0.033203125 0.142578125
0 0.46142578125 0.3828125 0.0634765625 0.0703125
0 0.48046875 0.1669921875 0.15234375 0.103515625
0 0.54150390625 0.66455078125 0.0830078125 0.0419921875
0 0.57275390625 0.373046875 0.1064453125 0.103515625
0 0.0615234375 0.2255859375 0.119140625 0.09765625
0 0.44970703125 0.86279296875 0.1337890625 0.0771484375
0 0.95068359375 0.068359375 0.0458984375 0.068359375
0 0.8662109375 0.4560546875 0.087890625 0.072265625
0 0.3994140625 0.388671875 0.060546875 0.083984375
0 0.54150390625 0.55078125 0.1435546875 0.0859375
0 0.2373046875 0.478515625 0.10546875 0.103515625
0 0.46533203125 0.38134765625 0.0712890625 0.0810546875
0 0.26904296875 0.31884765625 0.0810546875 0.0888671875
0 0.3984375 0.486328125 0.150390625 0.08984375
0 0.14892578125 0.61865234375 0.0556640625 0.0498046875
0 0.18359375 0.73779296875 0.044921875 0.0947265625
0 0.92138671875 0.4921875 0.0908203125 0.1015625
0 0.28466796875 0.2177734375 0.0673828125 0.076171875
0 0.5947265625 0.86181640625 0.1015625 0.0693359375
0 0.591796875 0.935546875 0.146484375 0.0546875
0 0.8173828125 0.1337890625 0.0703125 0.09375
0 0.484375 0.80859375 0.083984375 0.052734375
