0 0.763671875 0.6162109375 0.123046875 0.04296875
0 0.68212890625 0.72021484375 0.1103515625 0.0634765625
0 0.7783203125 0.2470703125 0.111328125 0.044921875
0 0.70556640625 0.9677734375 0.1025390625 0.05859375
0 0.0595703125 0.0537109375 0.09765625 0.08203125
0 0.3671875 0.95263671875 0.13671875 0.0556640625
0 0.92236328125 0.97705078125 0.0556640625 0.0400390625
0 0.6513671875 0.86669921875 0.048828125 0.0439453125
0 0.8076171875 0.0546875 0.1171875 0.052734375
0 0.80615234375 0.4912109375 0.0927734375 0.072265625
0 0.32177734375 0.80078125 0.1279296875 0.072265625
0 0.49853515625 0.6669921875 0.0771484375 0.099609375
0 0.18310546875 0.74169921875 0.1064453125 0.0458984375
0 0.10107421875 0.4443359375 0.1025390625 0.080078125
0 0.73046875 0.54052734375 0.0625 0.0478515625
0 0.5966796875 0.96044921875 0.095703125 0.0341796875
0 0.66943359375 0.48193359375 0.0556640625 0.0654296875
0 0.0458984375 0.13623046875 0.06640625 0.0537109375
0 0.7939453125 0.2509765625 0.12890625 0.0546875
0 0.79052734375 0.83349609375 0.1279296875 0.1025390625
0 0.1318359375 0.88720703125 0.099609375 0.0634765625
0 0.10693359375 0.94287109375 0.1298828125 0.0576171875
0 0.66650390625 0.6669921875 0.0791015625 0.048828125
0 0.7119140625 0.15625 0.0625 0.048828125
0 0.86181640625 0.73779296875 0.1318359375 0.1279296875
0 0.072265625 0.78466796875 0.10546875 0.0419921875
0 0.14697265625 0.50390625 0.1396484375 0.07421875
