0 0.5361328125 0.15576171875 0.064453125 0.0439453125
0 0.4619140625 0.89990234375 0.115234375 0.0439453125
0 0.13232421875 0.841796875 0.1044921875 0.0625
0 0.33984375 0.01611328125 0.1015625 0.0322265625
0 0.45263671875 0.103515625 0.0869140625 0.052734375
0 0.97265625 0.6591796875 0.0546875 0.033203125
0 0.0888671875 0.3193359375 0.08984375 0.037109375
0 0.67822265625 0.51171875 0.1025390625 0.05859375
0 0.07177734375 0.6669921875 0.1201171875 0.060546875
0 0.939453125 0.30810546875 0.06640625 0.0361328125
0 0.95361328125 0.89208984375 0.0673828125 0.0458984375
0 0.84619140625 0.3447265625 0.0791015625 0.021484375
0 0.54638671875 0.490234375 0.1142578125 0.046875
0 0.47314453125 0.3779296875 0.0986328125 0.041015625
0 0.80419921875 0.69482421875 0.0595703125 0.0341796875
0 0.55810546875 0.51904296875 0.0830078125 0.0380859375
0 0.07373046875 0.1728515625 0.0888671875 0.078125
0 0.763671875 0.32958984375 0.087890625 0.0224609375
0 0.96337890625 0.986328125 0.0537109375 0.02734375
0 0.36474609375 0.90771484375 0.0849609375 0.0517578125
0 0.15478515625 0.09716796875 0.0791015625 0.0478515625
0 0.31201171875 0.7060546875 0.0947265625 0.048828125
0 0.8515625 0.5498046875 0.05859375 0.05078125
0 0.02685546875 0.87841796875 0.0537109375 0.0419921875
0 0.6318359375 0.76611328125 0.076171875 0.0849609375
0 0.21337890625 0.56689453125 0.0791015625 0.0419921875
0 0.65234375 0.7197265625 0.12890625 0.0546875
0 0.72998046875 0.96142578125 0.0693359375 0.0556640625
0 0.90234375 0.5302734375 0.080078125 0.037109375
0 0.087890625 0.21630859375 0.1171875 0.0751953125
0 0.1357421875 0.5498046875 0.103515625 0.044921875
0 0.93701171875 0.2529296875 0.0947265625 0.046875
0 0.751953125 0.388671875 0.080078125 0.037109375
0 0.7841796875 0.70654296875 0.0625 0.0224609375
0 0.83984375 0.4248046875 0.06640625 0.072265625
0 0.4453125 0.53076171875 0.091796875 0.0595703125
0 0.08349609375 0.87255859375 0.0986328125 0.0517578125
0 0.20166015625 0.8896484375 0.0869140625 0.041015625
0 0.5927734375 0.2177734375 0.048828125 0.0390625
0 0.8369140625 0.57763671875 0.12109375 0.0498046875
0 0.55419921875 0.66748046875 0.0986328125 0.0458984375
0 0.66796875 0.57861328125 0.111328125 0.0361328125
0 0.84814453125 0.677734375 0.0673828125 0.0390625
0 0.37451171875 0.55029296875 0.0693359375 0.0400390625
0 0.60400390625 0.92138671875 0.1162109375 0.0498046875
0 0.1025390625 0.86474609375 0.068359375 0.0263671875
0 0.96728515625 0.04931640625 0.0654296875 0.0361328125
0 0.31005859375 0.1591796875 0.0771484375 0.046875
0 0.49365234375 0.68798828125 0.0869140625 0.0439453125
0 0.55859375 0.7275390625 0.056640625 0.03515625
0 0.34814453125 0.50830078125 0.1083984375 0.0439453125
0 0.43359375 0.8095703125 0.078125 0.052734375
0 0.77099609375 0.77392578125 0.0712890625 0.0478515625
0 0.1455078125 0.576171875 0.09765625 0.03515625
0 0.77294921875 0.587890625 0.0732421875 0.025390625
0 0.51171875 0.54150390625 0.1015625 0.0654296875
0 0.8212890625 0.23046875 0.13671875 0.04296875
0 0.076171875 0.2578125 0.103515625 0.046875
0 0.4765625 0.96484375 0.099609375 0.060546875
