0 0.78662109375 0.3203125 0.0908203125 0.048828125
0 0.13720703125 0.0205078125 0.0419921875 0.041015625
0 0.6875 0.8525390625 0.1875 0.1328125
0 0.06201171875 0.875 0.0556640625 0.044921875
0 0.439453125 0.58740234375 0.076171875 0.0927734375
0 0.8203125 0.89794921875 0.04296875 0.0576171875
0 0.93994140625 0.46240234375 0.1201171875 0.1728515625
0 0.14599609375 0.07666015625 0.0732421875 0.1396484375
0 0.14404296875 0.3955078125 0.1162109375 0.083984375
0 0.3447265625 0.2646484375 0.103515625 0.068359375
0 0.6962890625 0.92529296875 0.08984375 0.0693359375
0 0.30419921875 0.5966796875 0.0712890625 0.068359375
0 0.96240234375 0.3935546875 0.0751953125 0.06640625
0 0.07373046875 0.1611328125 0.0595703125 0.06640625
0 0.60009765625 0.048828125 0.0869140625 0.0703125
0 0.08837890625 0.82958984375 0.1396484375 0.1005859375
0 0.10791015625 0.0673828125 0.0439453125 0.060546875
0 0.84375 0.39697265625 0.0703125 0.0693359375
0 0.17236328125 0.26416015625 0.0849609375 0.0673828125
0 0.9580078125 0.30908203125 0.05078125 0.0771484375
0 0.28125 0.1728515625 0.087890625 0.06640625
0 0.048828125 0.287109375 0.095703125 0.06640625
0 0.03271484375 0.9404296875 0.0439453125 0.048828125
0 0.05517578125 0.4091796875 0.1103515625 0.05859375
0 0.83837890625 0.28125 0.0966796875 0.0546875
0 0.26416015625 0.4833984375 0.0634765625 0.08984375
0 0.71630859375 0.3173828125 0.0751953125 0.064453125
0 0.15380859375 0.77978515625 0.0732421875 0.1083984375
0 0.66650390625 0.97998046875 0.0517578125 0.0361328125
0 0.5234375 0.091796875 0.083984375 0.07421875
0 0.6357421875 0.20458984375 0.09375 0.0927734375
0 0.76904296875 0.939453125 0.1005859375 0.05859375
0 0.73291015625 0.97607421875 0.0810546875 0.0478515625
0 0.21826171875 0.0654296875 0.0595703125 0.12890625
0 0.9345703125 0.142578125 0.08203125 0.14453125
0 0.30029296875 0.818359375 0.0576171875 0.046875
0 0.46337890625 0.10107421875 0.0439453125 0.0537109375
0 0.30908203125 0.06201171875 0.1044921875 0.1240234375
0 0.24853515625 0.34814453125 0.0849609375 0.0693359375
0 0.16650390625 0.85595703125 0.0810546875 0.0556640625
0 0.2197265625 0.79833984375 0.076171875 0.0810546875
0 0.47998046875 0.96435546875 0.0439453125 0.0380859375
0 0.70703125 0.470703125 0.0703125 0.111328125
0 0.09765625 0.93359375 0.08203125 0.109375
0 0.84228515625 0.14599609375 0.0576171875 0.0908203125
0 0.0234375 0.05859375 0.046875 0.1171875
0 0.16943359375 0.92529296875 0.0517578125 0.0654296875
0 0.25537109375 0.9091796875 0.0556640625 0.09765625
0 0.84228515625 0.87744140625 0.1220703125 0.0888671875
0 0.95458984375 0.82470703125 0.0537109375 0.0830078125
0 0.619140625 0.943359375 0.052734375 0.044921875
0 0.5126953125 0.1728515625 0.06640625 0.11328125
0 0.04541015625 0.3369140625 0.0830078125 0.056640625
0 0.37548828125 0.931640625 0.0419921875 0.0390625
0 0.525390625 0.89697265625 0.13671875 0.1162109375
