0 0.908203125 0.5830078125 0.080078125 0.087890625
0 0.50390625 0.25634765625 0.11328125 0.0615234375
0 0.6064453125 0.45458984375 0.09765625 0.0634765625
0 0.0595703125 0.1982421875 0.119140625 0.09375
0 0.634765625 0.943359375 0.056640625 0.04296875
0 0.9697265625 0.3603515625 0.056640625 0.078125
0 0.90185546875 0.72216796875 0.0712890625 0.0849609375
0 0.2021484375 0.326171875 0.083984375 0.056640625
0 0.1494140625 0.3388671875 0.06640625 0.0625
0 0.08349609375 0.6640625 0.1669921875 0.123046875
0 0.203125 0.58251953125 0.080078125 0.0615234375
0 0.71142578125 0.17529296875 0.1181640625 0.1416015625
0 0.46728515625 0.080078125 0.0927734375 0.125
0 0.3154296875 0.3037109375 0.064453125 0.048828125
0 0.232421875 0.07275390625 0.072265625 0.1005859375
0 0.33984375 0.08447265625 0.044921875 0.0908203125
0 0.88037109375 0.04833984375 0.0556640625 0.0595703125
0 0.73193359375 0.97705078125 0.0556640625 0.0419921875
0 0.1630859375 0.2724609375 0.05859375 0.05078125
0 0.43701171875 0.36083984375 0.0673828125 0.0810546875
0 0.91357421875 0.1357421875 0.0791015625 0.08984375
0 0.52783203125 0.0751953125 0.0595703125 0.115234375
0 0.40234375 0.10107421875 0.080078125 0.1103515625
0 0.58203125 0.39404296875 0.083984375 0.0556640625
0 0.9296875 0.4775390625 0.072265625 0.09375
0 0.5458984375 0.95068359375 0.08203125 0.0947265625
0 0.2802734375 0.9853515625 0.091796875 0.029296875
0 0.32373046875 0.1982421875 0.0673828125 0.1015625
0 0.87060546875 0.26416015625 0.1259765625 0.1044921875
0 0.41552734375 0.90478515625 0.1123046875 0.0966796875
0 0.8818359375 0.9609375 0.0703125 0.078125
0 0.56396484375 0.8349609375 0.1181640625 0.060546875
0 0.02392578125 0.0615234375 0.0478515625 0.123046875
0 0.736328125 0.40576171875 0.060546875 0.0458984375
0 0.06689453125 0.91845703125 0.0810546875 0.0869140625
