0 0.88720703125 0.91748046875 0.0615234375 0.0556640625
0 0.97900390625 0.845703125 0.0419921875 0.103515625
0 0.865234375 0.3134765625 0.08984375 0.11328125
0 0.7431640625 0.8408203125 0.04296875 0.0546875
0 0.7607421875 0.435546875 0.060546875 0.1015625
0 0.81005859375 0.048828125 0.0673828125 0.095703125
0 0.96533203125 0.48974609375 0.0693359375 0.0869140625
0 0.82666015625 0.20068359375 0.0751953125 0.0908203125
0 0.59375 0.22216796875 0.05078125 0.0849609375
0 0.7314453125 0.2333984375 0.056640625 0.087890625
0 0.86279296875 0.38427734375 0.0654296875 0.0869140625
0 0.8837890625 0.666015625 0.052734375 0.0703125
0 0.716796875 0.6435546875 0.0546875 0.0546875
0 0.0400390625 0.82763671875 0.0703125 0.0751953125
0 0.83740234375 0.6669921875 0.0615234375 0.111328125
0 0.9375 0.27392578125 0.060546875 0.0634765625
0 0.75830078125 0.05615234375 0.0673828125 0.1123046875
0 0.90771484375 0.4599609375 0.0498046875 0.08984375
0 0.97021484375 0.6796875 0.0595703125 0.107421875
0 0.95068359375 0.9404296875 0.0947265625 0.048828125
0 0.927734375 0.59521484375 0.05859375 0.0751953125
0 0.79443359375 0.31201171875 0.0673828125 0.0869140625
