0 0.15087890625 0.537109375 0.1669921875 0.16796875
0 0.9794921875 0.54638671875 0.041015625 0.0478515625
0 0.830078125 0.12451171875 0.083984375 0.1806640625
0 0.716796875 0.13525390625 0.11328125 0.1181640625
0 0.509765625 0.9326171875 0.091796875 0.1328125
0 0.505859375 0.26123046875 0.095703125 0.0947265625
0 0.18115234375 0.185546875 0.0439453125 0.056640625
0 0.162109375 0.2607421875 0.041015625 0.046875
0 0.96240234375 0.708984375 0.0732421875 0.0703125
0 0.81689453125 0.01513671875 0.1298828125 0.0302734375
0 0.68359375 0.79638671875 0.0859375 0.0634765625
0 0.33935546875 0.09521484375 0.0556640625 0.0810546875
0 0.39599609375 0.81982421875 0.0947265625 0.0400390625
0 0.25390625 0.5 0.0859375 0.10546875
0 0.78564453125 0.580078125 0.0693359375 0.18359375
0 0.029296875 0.75390625 0.05859375 0.044921875
0 0.091796875 0.71923828125 0.080078125 0.0654296875
0 0.44091796875 0.44580078125 0.1103515625 0.1455078125
0 0.12646484375 0.89306640625 0.0810546875 0.0849609375
0 0.3232421875 0.234375 0.08984375 0.087890625
0 0.59130859375 0.837890625 0.0947265625 0.12109375
0 0.67529296875 0.9580078125 0.0693359375 0.076171875
0 0.9599609375 0.88134765625 0.076171875 0.1513671875
0 0.05810546875 0.8271484375 0.1162109375 0.05078125
0 0.849609375 0.3955078125 0.150390625 0.154296875
0 0.314453125 0.0224609375 0.046875 0.044921875
0 0.94482421875 0.93359375 0.0537109375 0.09375
0 0.392578125 0.03515625 0.056640625 0.0703125
0 0.51318359375 0.47314453125 0.0498046875 0.1259765625
0 0.4267578125 0.2802734375 0.07421875 0.056640625
0 0.22509765625 0.2587890625 0.0302734375 0.037109375
0 0.1171875 0.408203125 0.09765625 0.15625
0 0.34716796875 0.95849609375 0.1650390625 0.0830078125
0 0.5595703125 0.36572265625 0.048828125 0.0537109375
0 0.791015625 0.7578125 0.06640625 0.1640625
0 0.4677734375 0.07763671875 0.1484375 0.0830078125
0 0.04638671875 0.0888671875 0.0927734375 0.0859375
0 0.9208984375 0.08984375 0.06640625 0.099609375
0 0.10888671875 0.07470703125 0.0595703125 0.1494140625
0 0.61279296875 0.98583984375 0.0771484375 0.0263671875
0 0.9765625 0.185546875 0.046875 0.05078125
0 0.36572265625 0.4677734375 0.0693359375 0.06640625
