0 0.79833984375 0.86083984375 0.0693359375 0.0478515625
0 0.9697265625 0.439453125 0.060546875 0.064453125
0 0.765625 0.3525390625 0.072265625 0.044921875
0 0.62939453125 0.5263671875 0.0517578125 0.0546875
0 0.89794921875 0.4248046875 0.0712890625 0.0625
0 0.2001953125 0.60009765625 0.05859375 0.0654296875
0 0.65234375 0.0234375 0.056640625 0.037109375
0 0.6435546875 0.3427734375 0.048828125 0.048828125
0 0.46240234375 0.48828125 0.1298828125 0.056640625
0 0.751953125 0.9599609375 0.048828125 0.05078125
0 0.37548828125 0.94677734375 0.0380859375 0.0302734375
0 0.3984375 0.12060546875 0.046875 0.0654296875
0 0.0732421875 0.82568359375 0.06640625 0.0341796875
0 0.7109375 0.25439453125 0.1015625 0.0556640625
0 0.67236328125 0.09814453125 0.0322265625 0.0556640625
0 0.03271484375 0.39404296875 0.0634765625 0.0947265625
0 0.779296875 0.984375 0.05859375 0.03125
0 0.609375 0.7392578125 0.05078125 0.060546875
0 0.166015625 0.7431640625 0.04296875 0.041015625
0 0.8017578125 0.44287109375 0.09375 0.0712890625
0 0.3251953125 0.45263671875 0.1171875 0.0869140625
0 0.662109375 0.71630859375 0.046875 0.0361328125
0 0.97314453125 0.24267578125 0.0517578125 0.0634765625
0 0.0771484375 0.54150390625 0.0703125 0.0517578125
0 0.92333984375 0.70166015625 0.1376953125 0.1201171875
0 0.4384765625 0.11572265625 0.033203125 0.0439453125
0 0.0224609375 0.716796875 0.044921875 0.05859375
0 0.69775390625 0.1591796875 0.0771484375 0.05859375
0 0.92578125 0.38671875 0.080078125 0.041015625
0 0.4482421875 0.43603515625 0.1171875 0.0576171875
0 0.23681640625 0.0302734375 0.0537109375 0.056640625
0 0.1103515625 0.38525390625 0.05078125 0.0478515625
0 0.72705078125 0.05078125 0.0849609375 0.09765625
0 0.64306640625 0.41259765625 0.0517578125 0.0380859375
