0 0.13037109375 0.25048828125 0.0673828125 0.0693359375
0 0.25146484375 0.1640625 0.0498046875 0.072265625
0 0.35693359375 0.2470703125 0.0517578125 0.068359375
0 0.3759765625 0.43310546875 0.041015625 0.0400390625
0 0.318359375 0.45263671875 0.037109375 0.0361328125
0 0.14208984375 0.41552734375 0.0947265625 0.0556640625
0 0.25048828125 0.4296875 0.0654296875 0.076171875
0 0.26708984375 0.5107421875 0.0517578125 0.052734375
0 0.1748046875 0.1240234375 0.05859375 0.0546875
0 0.3173828125 0.095703125 0.06640625 0.076171875
0 0.19091796875 0.06396484375 0.0615234375 0.0908203125
0 0.56884765625 0.03173828125 0.0615234375 0.0634765625
0 0.1611328125 0.7275390625 0.060546875 0.060546875
0 0.06103515625 0.779296875 0.1025390625 0.052734375
0 0.29345703125 0.76318359375 0.0458984375 0.0498046875
0 0.38330078125 0.638671875 0.0576171875 0.05078125
0 0.251953125 0.6083984375 0.0625 0.068359375
0 0.2373046875 0.90234375 0.044921875 0.0546875
0 0.220703125 0.95751953125 0.06640625 0.0380859375
0 0.32958984375 0.9296875 0.0634765625 0.07421875
0 0.40673828125 0.9072265625 0.1201171875 0.115234375
0 0.4990234375 0.97119140625 0.04296875 0.0576171875
0 0.68701171875 0.92529296875 0.0712890625 0.0556640625
0 0.75439453125 0.89990234375 0.0498046875 0.0361328125
0 0.75341796875 0.9775390625 0.0654296875 0.044921875
0 0.77099609375 0.771484375 0.0615234375 0.044921875
0 0.74951171875 0.7158203125 0.0537109375 0.0546875
0 0.73486328125 0.62109375 0.0439453125 0.048828125
0 0.6982421875 0.6591796875 0.046875 0.041015625
0 0.68310546875 0.5654296875 0.0654296875 0.06640625
0 0.734375 0.4873046875 0.0703125 0.056640625
0 0.79638671875 0.41748046875 0.0673828125 0.0537109375
0 0.68212890625 0.310546875 0.0654296875 0.060546875
0 0.59130859375 0.2861328125 0.1162109375 0.076171875
0 0.63232421875 0.3662109375 0.0791015625 0.0703125
0 0.572265625 0.4013671875 0.08984375 0.08203125
0 0.63427734375 0.4658203125 0.0478515625 0.10546875
0 0.62890625 0.09814453125 0.0546875 0.0693359375
0 0.69580078125 0.1591796875 0.0595703125 0.06640625
0 0.81103515625 0.130859375 0.0556640625 0.04296875
0 0.81201171875 0.03662109375 0.0361328125 0.0576171875
0 0.89453125 0.0380859375 0.0703125 0.068359375
0 0.875 0.087890625 0.0625 0.048828125
0 0.662109375 0.1162109375 0.03515625 0.044921875
0 0.69580078125 0.7841796875 0.0439453125 0.041015625
0 0.60107421875 0.86376953125 0.0283203125 0.0283203125
0 0.75390625 0.685546875 0.056640625 0.06640625
0 0.220703125 0.01513671875 0.025390625 0.0283203125
0 0.880859375 0.681640625 0.09375 0.0703125
0 0.34326171875 0.0087890625 0.0498046875 0.017578125
0 0.2294921875 0.51513671875 0.044921875 0.0478515625
