0 0.89501953125 0.1591796875 0.2080078125 0.185546875
0 0.91748046875 0.26904296875 0.1611328125 0.0751953125
0 0.888671875 0.39306640625 0.095703125 0.3564453125
0 0.814453125 0.35205078125 0.109375 0.0439453125
0 0.8701171875 0.30908203125 0.208984375 0.0751953125
0 0.681640625 0.375 0.06640625 0.0546875
0 0.43505859375 0.08984375 0.2197265625 0.1796875
0 0.4912109375 0.140625 0.283203125 0.16796875
0 0.396484375 0.185546875 0.13671875 0.05078125
0 0.52197265625 0.2998046875 0.1064453125 0.048828125
0 0.595703125 0.35791015625 0.140625 0.1611328125
0 0.4990234375 0.3837890625 0.255859375 0.212890625
0 0.18408203125 0.1904296875 0.1884765625 0.248046875
0 0.09619140625 0.248046875 0.0595703125 0.171875
0 0.09375 0.04736328125 0.1875 0.0947265625
0 0.02001953125 0.17236328125 0.0400390625 0.1689453125
0 0.21435546875 0.32080078125 0.1845703125 0.1181640625
0 0.76220703125 0.455078125 0.1337890625 0.314453125
0 0.576171875 0.54052734375 0.1484375 0.1884765625
0 0.7451171875 0.654296875 0.138671875 0.05078125
0 0.912109375 0.67822265625 0.166015625 0.1025390625
0 0.95947265625 0.673828125 0.0791015625 0.220703125
0 0.94189453125 0.8291015625 0.1142578125 0.2734375
0 0.91357421875 0.75048828125 0.1220703125 0.0595703125
0 0.87158203125 0.9140625 0.0751953125 0.171875
0 0.8125 0.916015625 0.05859375 0.166015625
0 0.978515625 0.978515625 0.041015625 0.041015625
0 0.75390625 0.89404296875 0.0703125 0.0595703125
0 0.703125 0.892578125 0.154296875 0.21484375
0 0.509765625 0.7646484375 0.2734375 0.06640625
0 0.4658203125 0.7099609375 0.109375 0.30859375
0 0.38623046875 0.71875 0.2783203125 0.154296875
0 0.365234375 0.748046875 0.08203125 0.3671875
0 0.6103515625 0.896484375 0.060546875 0.20703125
0 0.490234375 0.93603515625 0.09765625 0.1259765625
0 0.396484375 0.884765625 0.056640625 0.080078125
0 0.3662109375 0.908203125 0.041015625 0.08984375
0 0.13134765625 0.8984375 0.0986328125 0.201171875
0 0.1298828125 0.51513671875 0.166015625 0.2626953125
0 0.11328125 0.576171875 0.2265625 0.23828125
0 0.01171875 0.58642578125 0.0234375 0.0673828125
0 0.0380859375 0.6865234375 0.076171875 0.072265625
0 0.1474609375 0.7333984375 0.193359375 0.154296875
0 0.55517578125 0.505859375 0.0439453125 0.06640625
0 0.96484375 0.44384765625 0.068359375 0.3720703125
0 0.2744140625 0.994140625 0.052734375 0.01171875
