0 0.91650390625 0.525390625 0.1005859375 0.078125
0 0.333984375 0.154296875 0.05859375 0.076171875
0 0.90185546875 0.9677734375 0.1005859375 0.064453125
0 0.8828125 0.27294921875 0.083984375 0.0380859375
0 0.53662109375 0.77001953125 0.0556640625 0.0927734375
0 0.537109375 0.5458984375 0.080078125 0.078125
0 0.73291015625 0.94873046875 0.0908203125 0.0947265625
0 0.88720703125 0.67431640625 0.0751953125 0.0849609375
0 0.66943359375 0.33642578125 0.0380859375 0.0458984375
0 0.9814453125 0.1484375 0.03515625 0.04296875
0 0.52685546875 0.0673828125 0.0654296875 0.056640625
0 0.78759765625 0.83447265625 0.0712890625 0.0966796875
0 0.67724609375 0.0830078125 0.0556640625 0.056640625
0 0.4208984375 0.2158203125 0.064453125 0.060546875
0 0.4912109375 0.97509765625 0.0390625 0.0478515625
0 0.7685546875 0.25390625 0.048828125 0.0546875
0 0.82763671875 0.03515625 0.0556640625 0.048828125
0 0.84765625 0.40185546875 0.1015625 0.0498046875
0 0.91796875 0.13916015625 0.052734375 0.0791015625
0 0.92041015625 0.7939453125 0.0615234375 0.169921875
0 0.73046875 0.16650390625 0.064453125 0.0517578125
0 0.8935546875 0.02978515625 0.05859375 0.0517578125
0 0.75830078125 0.67724609375 0.0830078125 0.0791015625
0 0.59619140625 0.634765625 0.0732421875 0.05859375
0 0.9716796875 0.34375 0.056640625 0.107421875
0 0.40576171875 0.42333984375 0.0830078125 0.0830078125
0 0.87158203125 0.5615234375 0.0634765625 0.0625
0 0.95263671875 0.65185546875 0.0517578125 0.0380859375
0 0.3291015625 0.9580078125 0.076171875 0.080078125
0 0.24365234375 0.974609375 0.0478515625 0.048828125
0 0.9189453125 0.4189453125 0.0390625 0.05859375
0 0.875 0.34521484375 0.072265625 0.0400390625
0 0.86767578125 0.212890625 0.0615234375 0.0390625
