0 0.48291015625 0.26611328125 0.0927734375 0.0498046875
0 0.89501953125 0.51123046875 0.0615234375 0.0595703125
0 0.01708984375 0.5537109375 0.0341796875 0.060546875
0 0.5537109375 0.98876953125 0.052734375 0.0205078125
0 0.1748046875 0.787109375 0.072265625 0.083984375
0 0.494140625 0.88671875 0.044921875 0.044921875
0 0.1318359375 0.94677734375 0.08203125 0.0712890625
0 0.8076171875 0.611328125 0.068359375 0.05859375
0 0.19921875 0.404296875 0.087890625 0.072265625
0 0.3583984375 0.31005859375 0.048828125 0.0283203125
0 0.7783203125 0.07080078125 0.044921875 0.0458984375
0 0.98681640625 0.2265625 0.0224609375 0.0625
0 0.421875 0.75244140625 0.12109375 0.0712890625
0 0.8291015625 0.72314453125 0.060546875 0.0615234375
0 0.8408203125 0.6708984375 0.05859375 0.03515625
0 0.1767578125 0.33544921875 0.06640625 0.0537109375
0 0.78759765625 0.140625 0.0634765625 0.056640625
0 0.5673828125 0.80712890625 0.048828125 0.0478515625
0 0.36279296875 0.96923828125 0.0615234375 0.0615234375
0 0.66357421875 0.884765625 0.0537109375 0.0625
0 0.349609375 0.44580078125 0.078125 0.0478515625
0 0.58837890625 0.5732421875 0.0693359375 0.052734375
0 0.31005859375 0.7919921875 0.0517578125 0.068359375
0 0.57373046875 0.634765625 0.0634765625 0.03515625
0 0.021484375 0.26171875 0.041015625 0.04296875
0 0.72998046875 0.7734375 0.0576171875 0.0703125
0 0.55810546875 0.85205078125 0.0654296875 0.0517578125
0 0.58447265625 0.31298828125 0.0888671875 0.0732421875
0 0.69580078125 0.07568359375 0.0751953125 0.0498046875
0 0.10107421875 0.24755859375 0.0400390625 0.0615234375
0 0.0224609375 0.1083984375 0.044921875 0.041015625
0 0.654296875 0.35009765625 0.056640625 0.0341796875
0 0.61767578125 0.73388671875 0.0869140625 0.0576171875
0 0.66796875 0.0185546875 0.064453125 0.037109375
0 0.3642578125 0.11474609375 0.09765625 0.0576171875
0 0.8017578125 0.955078125 0.037109375 0.033203125
0 0.94775390625 0.93212890625 0.0810546875 0.0537109375
0 0.37939453125 0.89794921875 0.0576171875 0.0556640625
0 0.26904296875 0.193359375 0.0869140625 0.06640625
0 0.287109375 0.6240234375 0.04296875 0.046875
0 0.73974609375 0.71142578125 0.0576171875 0.0283203125
0 0.32958984375 0.3408203125 0.0439453125 0.029296875
0 0.0439453125 0.9765625 0.083984375 0.046875
0 0.79443359375 0.42724609375 0.0986328125 0.0791015625
0 0.4052734375 0.517578125 0.046875 0.044921875
0 0.16748046875 0.6552734375 0.0908203125 0.06640625
