0 0.43896484375 0.02978515625 0.0869140625 0.0458984375
0 0.92138671875 0.75146484375 0.0283203125 0.0556640625
0 0.4375 0.28955078125 0.0390625 0.0380859375
0 0.8603515625 0.017578125 0.033203125 0.03515625
0 0.77099609375 0.07177734375 0.0654296875 0.0322265625
0 0.59033203125 0.9599609375 0.0927734375 0.04296875
0 0.9736328125 0.04541015625 0.052734375 0.0302734375
0 0.6982421875 0.5390625 0.05859375 0.041015625
0 0.38427734375 0.9228515625 0.0380859375 0.033203125
0 0.40283203125 0.314453125 0.0302734375 0.03515625
0 0.91796875 0.05224609375 0.0546875 0.0400390625
0 0.9677734375 0.84130859375 0.0546875 0.0595703125
0 0.16015625 0.185546875 0.044921875 0.048828125
0 0.55859375 0.4501953125 0.0390625 0.095703125
0 0.986328125 0.81689453125 0.02734375 0.0673828125
0 0.3349609375 0.705078125 0.048828125 0.033203125
0 0.181640625 0.7197265625 0.0390625 0.0390625
0 0.6572265625 0.208984375 0.0546875 0.05859375
0 0.18017578125 0.99169921875 0.0419921875 0.0166015625
0 0.97216796875 0.09130859375 0.0537109375 0.0400390625
0 0.49169921875 0.0224609375 0.0556640625 0.044921875
0 0.27734375 0.54638671875 0.076171875 0.0419921875
0 0.03759765625 0.892578125 0.0751953125 0.060546875
0 0.78662109375 0.71923828125 0.0576171875 0.0283203125
0 0.3681640625 0.95703125 0.06640625 0.033203125
0 0.208984375 0.056640625 0.080078125 0.064453125
0 0.4697265625 0.45068359375 0.046875 0.0732421875
0 0.59033203125 0.64990234375 0.0458984375 0.0263671875
0 0.369140625 0.7158203125 0.080078125 0.041015625
0 0.1787109375 0.92529296875 0.048828125 0.0302734375
0 0.95556640625 0.92822265625 0.0400390625 0.0556640625
0 0.82470703125 0.53759765625 0.0244140625 0.0732421875
0 0.6083984375 0.67626953125 0.037109375 0.0263671875
0 0.765625 0.86572265625 0.02734375 0.0478515625
0 0.49072265625 0.98828125 0.0439453125 0.0234375
0 0.3154296875 0.20751953125 0.05859375 0.0771484375
0 0.27880859375 0.69287109375 0.0654296875 0.0400390625
0 0.2861328125 0.84765625 0.060546875 0.052734375
0 0.09716796875 0.03173828125 0.0576171875 0.0634765625
0 0.0146484375 0.04052734375 0.029296875 0.0361328125
0 0.96240234375 0.3544921875 0.0751953125 0.068359375
0 0.80078125 0.56982421875 0.041015625 0.0302734375
0 0.26318359375 0.1513671875 0.0419921875 0.0234375
0 0.50146484375 0.6328125 0.0341796875 0.056640625
0 0.79931640625 0.52197265625 0.0595703125 0.0517578125
0 0.0595703125 0.65283203125 0.119140625 0.0439453125
0 0.5234375 0.8955078125 0.025390625 0.048828125
0 0.28759765625 0.5205078125 0.0517578125 0.0390625
0 0.4091796875 0.3515625 0.0546875 0.060546875
0 0.18408203125 0.61474609375 0.0791015625 0.0380859375
0 0.470703125 0.7197265625 0.068359375 0.044921875
0 0.4287109375 0.80419921875 0.052734375 0.0380859375
0 0.7265625 0.20166015625 0.076171875 0.0712890625
0 0.85693359375 0.9521484375 0.0244140625 0.04296875
0 0.39208984375 0.04541015625 0.0439453125 0.0810546875
0 0.93359375 0.6875 0.0234375 0.04296875
0 0.48486328125 0.390625 0.0498046875 0.029296875
0 0.8759765625 0.47900390625 0.03515625 0.0576171875
0 0.7421875 0.01708984375 0.0390625 0.0341796875
0 0.23876953125 0.7333984375 0.1025390625 0.0703125
0 0.12158203125 0.82275390625 0.0498046875 0.0791015625
0 0.26953125 0.65625 0.052734375 0.033203125
0 0.51025390625 0.25830078125 0.0380859375 0.0537109375
0 0.45947265625 0.185546875 0.0595703125 0.052734375
0 0.5615234375 0.02294921875 0.060546875 0.0439453125
0 0.3046875 0.05224609375 0.04296875 0.0302734375
0 0.8203125 0.61328125 0.041015625 0.03125
0 0.43505859375 0.2177734375 0.0595703125 0.0703125
0 0.57421875 0.85546875 0.052734375 0.044921875
0 0.81396484375 0.673828125 0.0458984375 0.041015625
0 0.158203125 0.28564453125 0.048828125 0.0361328125
0 0.2958984375 0.2861328125 0.076171875 0.056640625
0 0.93603515625 0.86962890625 0.0576171875 0.0419921875
0 0.3740234375 0.8349609375 0.05859375 0.0390625
0 0.2919921875 0.9052734375 0.05859375 0.037109375
