0 0.9697265625 0.50537109375 0.060546875 0.1806640625
0 0.55712890625 0.17529296875 0.0810546875 0.0576171875
0 0.43359375 0.08984375 0.095703125 0.083984375
0 0.53759765625 0.43994140625 0.0966796875 0.1630859375
0 0.95556640625 0.38232421875 0.0888671875 0.0498046875
0 0.8115234375 0.80078125 0.13671875 0.076171875
0 0.9541015625 0.22021484375 0.087890625 0.1396484375
0 0.52490234375 0.82470703125 0.1220703125 0.0830078125
0 0.91845703125 0.92431640625 0.1162109375 0.0927734375
0 0.81884765625 0.27001953125 0.0751953125 0.0947265625
0 0.23193359375 0.181640625 0.0791015625 0.103515625
0 0.11572265625 0.08251953125 0.1025390625 0.1220703125
0 0.13720703125 0.83056640625 0.0888671875 0.0927734375
0 0.42529296875 0.85302734375 0.0927734375 0.0712890625
0 0.9677734375 0.8740234375 0.064453125 0.076171875
0 0.5537109375 0.74072265625 0.123046875 0.0888671875
0 0.96240234375 0.77880859375 0.0751953125 0.0771484375
0 0.82470703125 0.11962890625 0.0791015625 0.0478515625
0 0.576171875 0.26806640625 0.08984375 0.0771484375
0 0.908203125 0.701171875 0.11328125 0.072265625
0 0.08349609375 0.6865234375 0.0673828125 0.052734375
0 0.66162109375 0.91259765625 0.1005859375 0.0849609375
0 0.72509765625 0.18115234375 0.0751953125 0.0751953125
0 0.2294921875 0.8310546875 0.07421875 0.060546875
0 0.716796875 0.6083984375 0.087890625 0.095703125
0 0.44873046875 0.2734375 0.0791015625 0.10546875
0 0.51953125 0.9501953125 0.11328125 0.099609375
0 0.11572265625 0.93896484375 0.1044921875 0.0849609375
0 0.212890625 0.0380859375 0.052734375 0.076171875
0 0.05126953125 0.97607421875 0.1025390625 0.0478515625
0 0.05517578125 0.14697265625 0.0927734375 0.1025390625
0 0.19677734375 0.982421875 0.0732421875 0.03515625
0 0.0458984375 0.75390625 0.083984375 0.12109375
0 0.8876953125 0.14013671875 0.125 0.0888671875
0 0.451171875 0.748046875 0.06640625 0.087890625
