0 0.21337890625 0.55224609375 0.0908203125 0.0458984375
0 0.79931640625 0.90673828125 0.0576171875 0.0498046875
0 0.79345703125 0.025390625 0.0732421875 0.048828125
0 0.62109375 0.70068359375 0.064453125 0.0908203125
0 0.8046875 0.37353515625 0.05078125 0.0576171875
0 0.30224609375 0.16796875 0.0595703125 0.060546875
0 0.9453125 0.18212890625 0.05078125 0.0537109375
0 0.03564453125 0.53173828125 0.0693359375 0.0693359375
0 0.8505859375 0.5693359375 0.048828125 0.052734375
0 0.52783203125 0.0224609375 0.0693359375 0.0390625
0 0.7578125 0.1171875 0.05078125 0.041015625
0 0.73974609375 0.54150390625 0.0654296875 0.0595703125
0 0.15283203125 0.1767578125 0.0556640625 0.048828125
0 0.91943359375 0.8505859375 0.0361328125 0.029296875
0 0.70849609375 0.818359375 0.0654296875 0.064453125
0 0.57373046875 0.833984375 0.0654296875 0.083984375
0 0.26171875 0.86865234375 0.056640625 0.0849609375
0 0.86962890625 0.14306640625 0.0634765625 0.0458984375
0 0.7431640625 0.19677734375 0.0546875 0.0439453125
0 0.8662109375 0.38818359375 0.056640625 0.0556640625
0 0.09814453125 0.64990234375 0.0830078125 0.0673828125
0 0.0888671875 0.42578125 0.08203125 0.052734375
0 0.634765625 0.91162109375 0.091796875 0.0478515625
