0 0.95849609375 0.05810546875 0.0830078125 0.0673828125
0 0.6748046875 0.1005859375 0.087890625 0.0625
0 0.89208984375 0.36328125 0.0751953125 0.08203125
0 0.40673828125 0.0322265625 0.1298828125 0.064453125
0 0.31201171875 0.166015625 0.0751953125 0.037109375
0 0.720703125 0.5498046875 0.06640625 0.072265625
0 0.90234375 0.0537109375 0.060546875 0.064453125
0 0.80810546875 0.02099609375 0.0830078125 0.0419921875
0 0.85498046875 0.84228515625 0.0537109375 0.0830078125
0 0.68896484375 0.97412109375 0.1083984375 0.0498046875
0 0.603515625 0.814453125 0.04296875 0.078125
0 0.9345703125 0.96240234375 0.08984375 0.0751953125
0 0.69384765625 0.27880859375 0.0947265625 0.1005859375
0 0.93359375 0.2529296875 0.1328125 0.04296875
0 0.62548828125 0.01611328125 0.0673828125 0.0322265625
0 0.65478515625 0.78955078125 0.0478515625 0.1142578125
0 0.97509765625 0.7197265625 0.0478515625 0.07421875
0 0.46142578125 0.423828125 0.0693359375 0.060546875
0 0.939453125 0.53076171875 0.0703125 0.1025390625
0 0.505859375 0.22265625 0.05078125 0.0625
0 0.65185546875 0.693359375 0.0654296875 0.078125
0 0.474609375 0.7255859375 0.109375 0.107421875
0 0.5302734375 0.40478515625 0.0546875 0.0478515625
0 0.45166015625 0.19677734375 0.0751953125 0.0947265625
0 0.82421875 0.38037109375 0.08984375 0.0673828125
0 0.66259765625 0.57470703125 0.0517578125 0.0576171875
0 0.5322265625 0.8876953125 0.091796875 0.06640625
0 0.734375 0.01953125 0.0703125 0.0390625
0 0.48828125 0.81201171875 0.123046875 0.1142578125
0 0.61328125 0.43701171875 0.091796875 0.0947265625
