0 0.17724609375 0.92138671875 0.0751953125 0.0810546875
0 0.2216796875 0.0732421875 0.052734375 0.033203125
0 0.85009765625 0.35791015625 0.0634765625 0.0341796875
0 0.5048828125 0.45361328125 0.080078125 0.1142578125
0 0.56103515625 0.0302734375 0.0537109375 0.060546875
0 0.93212890625 0.90234375 0.0927734375 0.1015625
0 0.55859375 0.1513671875 0.109375 0.07421875
0 0.9697265625 0.474609375 0.060546875 0.091796875
0 0.919921875 0.1982421875 0.091796875 0.056640625
0 0.1923828125 0.02978515625 0.150390625 0.0537109375
0 0.9638671875 0.6708984375 0.072265625 0.08984375
0 0.8193359375 0.69189453125 0.07421875 0.0498046875
0 0.61328125 0.38671875 0.068359375 0.080078125
0 0.099609375 0.80322265625 0.064453125 0.0810546875
0 0.439453125 0.365234375 0.048828125 0.060546875
0 0.76025390625 0.7412109375 0.0986328125 0.0703125
0 0.501953125 0.8271484375 0.11328125 0.072265625
0 0.88427734375 0.24951171875 0.0615234375 0.0537109375
0 0.36083984375 0.69482421875 0.0927734375 0.1181640625
0 0.64453125 0.4951171875 0.076171875 0.0859375
0 0.3681640625 0.314453125 0.076171875 0.06640625
0 0.265625 0.54345703125 0.07421875 0.0732421875
0 0.3974609375 0.89111328125 0.109375 0.0673828125
0 0.78662109375 0.40087890625 0.1005859375 0.0927734375
0 0.66650390625 0.89990234375 0.1123046875 0.1611328125
0 0.203125 0.41357421875 0.07421875 0.0927734375
0 0.3515625 0.48876953125 0.08984375 0.0986328125
0 0.49462890625 0.689453125 0.1240234375 0.080078125
0 0.037109375 0.3291015625 0.07421875 0.083984375
0 0.60986328125 0.59375 0.1435546875 0.1171875
0 0.02490234375 0.708984375 0.0498046875 0.056640625
