0 0.671875 0.912109375 0.0703125 0.0703125
0 0.61572265625 0.39111328125 0.0693359375 0.1083984375
0 0.5126953125 0.35693359375 0.0546875 0.0517578125
0 0.595703125 0.0458984375 0.0625 0.0859375
0 0.533203125 0.9423828125 0.08203125 0.080078125
0 0.728515625 0.12548828125 0.087890625 0.0927734375
0 0.73291015625 0.353515625 0.0576171875 0.072265625
0 0.4345703125 0.6494140625 0.07421875 0.060546875
0 0.87353515625 0.43212890625 0.0869140625 0.0908203125
0 0.7275390625 0.283203125 0.052734375 0.072265625
0 0.74658203125 0.68017578125 0.0634765625 0.0595703125
0 0.35107421875 0.6005859375 0.1025390625 0.072265625
0 0.75927734375 0.5146484375 0.0751953125 0.095703125
0 0.86865234375 0.58740234375 0.0595703125 0.0556640625
0 0.73193359375 0.78076171875 0.0947265625 0.0732421875
0 0.41064453125 0.9013671875 0.0849609375 0.072265625
0 0.90234375 0.04638671875 0.0703125 0.0771484375
0 0.4990234375 0.50146484375 0.08203125 0.0830078125
0 0.36669921875 0.9736328125 0.0849609375 0.052734375
0 0.806640625 0.74169921875 0.078125 0.0693359375
0 0.376953125 0.49072265625 0.07421875 0.0869140625
0 0.376953125 0.72607421875 0.115234375 0.0771484375
0 0.56982421875 0.8173828125 0.0712890625 0.064453125
