0 0.8740234375 0.06884765625 0.04296875 0.1279296875
0 0.47802734375 0.5283203125 0.0869140625 0.044921875
0 0.68017578125 0.35791015625 0.0498046875 0.1494140625
0 0.501953125 0.36767578125 0.046875 0.0673828125
0 0.59521484375 0.63330078125 0.0947265625 0.0361328125
0 0.50390625 0.33251953125 0.080078125 0.0595703125
0 0.77685546875 0.6416015625 0.0791015625 0.078125
0 0.08544921875 0.49609375 0.0810546875 0.08984375
0 0.5703125 0.87890625 0.09375 0.0390625
0 0.724609375 0.126953125 0.072265625 0.0859375
0 0.3193359375 0.794921875 0.04296875 0.072265625
0 0.33935546875 0.96142578125 0.0615234375 0.0361328125
0 0.34326171875 0.40185546875 0.1025390625 0.0810546875
0 0.38671875 0.71142578125 0.033203125 0.0830078125
0 0.02392578125 0.9296875 0.0478515625 0.08984375
0 0.3193359375 0.68896484375 0.072265625 0.1494140625
0 0.25634765625 0.01513671875 0.0361328125 0.0302734375
0 0.9443359375 0.478515625 0.0546875 0.078125
0 0.7265625 0.6455078125 0.046875 0.060546875
0 0.4912109375 0.4560546875 0.1015625 0.140625
0 0.07666015625 0.38671875 0.0751953125 0.048828125
0 0.2744140625 0.28564453125 0.08984375 0.0634765625
0 0.16455078125 0.7568359375 0.0810546875 0.04296875
0 0.02587890625 0.33251953125 0.0517578125 0.0341796875
0 0.85693359375 0.984375 0.0537109375 0.02734375
0 0.296875 0.32958984375 0.0546875 0.0849609375
0 0.626953125 0.31396484375 0.05859375 0.1025390625
0 0.50439453125 0.68017578125 0.0947265625 0.0517578125
0 0.35205078125 0.8037109375 0.0419921875 0.052734375
0 0.033203125 0.62109375 0.06640625 0.1015625
0 0.494140625 0.80029296875 0.06640625 0.0810546875
0 0.51806640625 0.19287109375 0.0400390625 0.1220703125
0 0.1650390625 0.44970703125 0.09375 0.0654296875
0 0.14501953125 0.0595703125 0.0322265625 0.080078125
0 0.71875 0.47314453125 0.0703125 0.0498046875
0 0.3232421875 0.9873046875 0.052734375 0.025390625
0 0.59228515625 0.3388671875 0.0888671875 0.068359375
0 0.98095703125 0.22412109375 0.0380859375 0.1005859375
0 0.85888671875 0.28759765625 0.0673828125 0.1201171875
0 0.9755859375 0.486328125 0.048828125 0.05859375
0 0.2431640625 0.09033203125 0.072265625 0.0908203125
0 0.4638671875 0.09716796875 0.10546875 0.0732421875
0 0.671875 0.4501953125 0.0546875 0.125
0 0.26171875 0.35498046875 0.083984375 0.1435546875
0 0.87646484375 0.82080078125 0.0478515625 0.0771484375
0 0.13720703125 0.86328125 0.0849609375 0.056640625
0 0.708984375 0.35205078125 0.025390625 0.0576171875
0 0.013671875 0.78955078125 0.02734375 0.1259765625
0 0.6357421875 0.80029296875 0.041015625 0.0419921875
0 0.56298828125 0.9658203125 0.1103515625 0.068359375
0 0.615234375 0.0205078125 0.080078125 0.041015625
0 0.9765625 0.93896484375 0.046875 0.0595703125
0 0.87109375 0.40283203125 0.041015625 0.0810546875
0 0.4228515625 0.9189453125 0.044921875 0.0546875
0 0.9501953125 0.60546875 0.08203125 0.076171875
0 0.96533203125 0.05615234375 0.0302734375 0.0927734375
0 0.26611328125 0.55224609375 0.0673828125 0.0673828125
0 0.6416015625 0.76171875 0.0625 0.0625
0 0.28515625 0.03564453125 0.037109375 0.0341796875
0 0.6728515625 0.82958984375 0.041015625 0.0322265625
0 0.81982421875 0.43310546875 0.0478515625 0.1123046875
