0 0.53759765625 0.65185546875 0.0771484375 0.0615234375
0 0.787109375 0.03125 0.154296875 0.0625
0 0.50048828125 0.96044921875 0.0908203125 0.0478515625
0 0.287109375 0.7822265625 0.072265625 0.0625
0 0.0341796875 0.8251953125 0.068359375 0.0625
0 0.80859375 0.41064453125 0.091796875 0.0458984375
0 0.4306640625 0.80517578125 0.0859375 0.0654296875
0 0.498046875 0.46435546875 0.0625 0.0380859375
0 0.8076171875 0.9736328125 0.0703125 0.052734375
0 0.12646484375 0.84521484375 0.0576171875 0.0478515625
0 0.76953125 0.7587890625 0.19140625 0.1328125
0 0.9677734375 0.408203125 0.064453125 0.044921875
0 0.83935546875 0.62744140625 0.1376953125 0.0712890625
0 0.259765625 0.9638671875 0.080078125 0.0625
0 0.76220703125 0.0625 0.1318359375 0.0625
0 0.4169921875 0.35595703125 0.099609375 0.0791015625
0 0.669921875 0.30029296875 0.150390625 0.0693359375
0 0.4853515625 0.3955078125 0.05859375 0.064453125
0 0.7568359375 0.8779296875 0.078125 0.0546875
0 0.16259765625 0.9423828125 0.0556640625 0.05078125
0 0.4482421875 0.59716796875 0.095703125 0.0615234375
0 0.75341796875 0.36083984375 0.1279296875 0.0732421875
0 0.86865234375 0.4541015625 0.0732421875 0.0390625
0 0.26171875 0.88818359375 0.0546875 0.0458984375
0 0.51318359375 0.43359375 0.0654296875 0.056640625
0 0.6435546875 0.3740234375 0.095703125 0.060546875
0 0.353515625 0.38427734375 0.05859375 0.0419921875
0 0.1669921875 0.068359375 0.056640625 0.064453125
0 0.2744140625 0.83935546875 0.04296875 0.0478515625
0 0.8603515625 0.15478515625 0.05859375 0.0537109375
0 0.88720703125 0.30029296875 0.0673828125 0.0439453125
0 0.05126953125 0.02587890625 0.1025390625 0.0517578125
0 0.07373046875 0.732421875 0.0693359375 0.052734375
0 0.92529296875 0.890625 0.1357421875 0.06640625
0 0.63623046875 0.97216796875 0.0830078125 0.0556640625
0 0.9287109375 0.33154296875 0.142578125 0.0712890625
0 0.1162109375 0.4697265625 0.060546875 0.05859375
0 0.96826171875 0.7333984375 0.0634765625 0.14453125
0 0.232421875 0.810546875 0.05859375 0.06640625
0 0.79931640625 0.28076171875 0.1298828125 0.1162109375
0 0.6083984375 0.87158203125 0.0859375 0.0439453125
0 0.18798828125 0.86669921875 0.0556640625 0.0458984375
0 0.94140625 0.02197265625 0.103515625 0.0439453125
0 0.32470703125 0.83349609375 0.0654296875 0.0478515625
0 0.81005859375 0.5576171875 0.0712890625 0.052734375
0 0.8359375 0.599609375 0.09375 0.052734375
0 0.404296875 0.939453125 0.087890625 0.07421875
0 0.3671875 0.6474609375 0.076171875 0.068359375
0 0.03857421875 0.89892578125 0.0615234375 0.0712890625
0 0.5234375 0.35205078125 0.099609375 0.0751953125
0 0.58544921875 0.93408203125 0.0751953125 0.0419921875
0 0.0283203125 0.509765625 0.056640625 0.068359375
0 0.55224609375 0.52880859375 0.0576171875 0.0341796875
0 0.6064453125 0.56103515625 0.142578125 0.0498046875
0 0.45751953125 0.275390625 0.1220703125 0.107421875
0 0.033203125 0.7900390625 0.048828125 0.037109375
0 0.138671875 0.9140625 0.041015625 0.046875
0 0.46484375 0.73291015625 0.0546875 0.0751953125
0 0.044921875 0.4765625 0.08984375 0.08984375
0 0.56396484375 0.84375 0.0986328125 0.0625
