0 0.6162109375 0.61572265625 0.068359375 0.0712890625
0 0.95556640625 0.51904296875 0.0869140625 0.1025390625
0 0.87158203125 0.4638671875 0.0888671875 0.06640625
0 0.78955078125 0.2421875 0.0693359375 0.080078125
0 0.9541015625 0.697265625 0.091796875 0.083984375
0 0.82421875 0.72021484375 0.10546875 0.1123046875
0 0.697265625 0.41455078125 0.115234375 0.1103515625
0 0.796875 0.35595703125 0.0703125 0.1376953125
0 0.90576171875 0.671875 0.0673828125 0.0703125
0 0.9677734375 0.3359375 0.05859375 0.060546875
0 0.81396484375 0.517578125 0.0517578125 0.052734375
0 0.96142578125 0.9609375 0.0712890625 0.0625
0 0.91748046875 0.3662109375 0.0673828125 0.09765625
0 0.6884765625 0.7509765625 0.072265625 0.08203125
0 0.74951171875 0.9423828125 0.0791015625 0.064453125
0 0.8916015625 0.97509765625 0.072265625 0.0478515625
0 0.716796875 0.49560546875 0.099609375 0.0927734375
0 0.61572265625 0.5009765625 0.1025390625 0.107421875
0 0.7998046875 0.7998046875 0.07421875 0.07421875
0 0.93603515625 0.8046875 0.0771484375 0.14453125
0 0.66796875 0.57763671875 0.037109375 0.0615234375
0 0.83935546875 0.4111328125 0.0888671875 0.087890625
0 0.71240234375 0.33447265625 0.0751953125 0.1103515625
0 0.85107421875 0.18505859375 0.0771484375 0.1142578125
