0 0.63525390625 0.26025390625 0.0576171875 0.0869140625
0 0.01806640625 0.1357421875 0.0361328125 0.05859375
0 0.423828125 0.97509765625 0.0546875 0.0498046875
0 0.49169921875 0.1943359375 0.0595703125 0.052734375
0 0.09423828125 0.9873046875 0.0537109375 0.0234375
0 0.88623046875 0.38720703125 0.0615234375 0.0498046875
0 0.02734375 0.10595703125 0.0390625 0.0771484375
0 0.8955078125 0.94140625 0.08984375 0.068359375
0 0.10205078125 0.3623046875 0.1220703125 0.0703125
0 0.1689453125 0.48681640625 0.05078125 0.0537109375
0 0.94970703125 0.3046875 0.0498046875 0.068359375
0 0.720703125 0.951171875 0.1015625 0.0859375
0 0.89501953125 0.7958984375 0.0869140625 0.05859375
0 0.95458984375 0.6513671875 0.0869140625 0.126953125
0 0.41650390625 0.40966796875 0.0595703125 0.0654296875
0 0.4169921875 0.798828125 0.18359375 0.064453125
0 0.8251953125 0.7958984375 0.09765625 0.05078125
0 0.294921875 0.0830078125 0.08203125 0.0546875
0 0.8427734375 0.435546875 0.125 0.056640625
0 0.67333984375 0.43701171875 0.0869140625 0.0654296875
0 0.69970703125 0.1572265625 0.0888671875 0.0703125
0 0.8115234375 0.8779296875 0.044921875 0.037109375
0 0.72314453125 0.37646484375 0.0751953125 0.0908203125
0 0.908203125 0.06298828125 0.0546875 0.0458984375
0 0.97705078125 0.25048828125 0.0458984375 0.0556640625
0 0.53125 0.619140625 0.0703125 0.04296875
0 0.78564453125 0.69970703125 0.1572265625 0.0791015625
0 0.18505859375 0.5732421875 0.0458984375 0.0625
0 0.39306640625 0.263671875 0.0712890625 0.103515625
0 0.3505859375 0.77685546875 0.072265625 0.1005859375
0 0.4609375 0.5029296875 0.064453125 0.05859375
0 0.9150390625 0.87939453125 0.087890625 0.0439453125
0 0.099609375 0.8701171875 0.041015625 0.0859375
0 0.8466796875 0.50244140625 0.09375 0.0537109375
0 0.029296875 0.443359375 0.05078125 0.0546875
0 0.06396484375 0.576171875 0.0908203125 0.1015625
0 0.19189453125 0.70556640625 0.0712890625 0.1103515625
0 0.94384765625 0.5234375 0.1103515625 0.119140625
0 0.70751953125 0.0322265625 0.0712890625 0.064453125
0 0.64697265625 0.85205078125 0.0869140625 0.0595703125
0 0.64990234375 0.37353515625 0.0634765625 0.0556640625
0 0.599609375 0.93603515625 0.0546875 0.1123046875
0 0.0595703125 0.37939453125 0.119140625 0.0849609375
0 0.78857421875 0.38232421875 0.0849609375 0.0712890625
0 0.43017578125 0.9072265625 0.0732421875 0.044921875
0 0.84912109375 0.24072265625 0.0712890625 0.0439453125
0 0.7294921875 0.541015625 0.072265625 0.060546875
0 0.822265625 0.28369140625 0.1171875 0.1474609375
0 0.97216796875 0.08837890625 0.0556640625 0.0869140625
0 0.87841796875 0.015625 0.0673828125 0.03125
0 0.296875 0.63623046875 0.1640625 0.0751953125
0 0.52783203125 0.01220703125 0.0634765625 0.0244140625
0 0.53955078125 0.30859375 0.0498046875 0.056640625
0 0.1923828125 0.3955078125 0.0625 0.05078125
0 0.923828125 0.1494140625 0.076171875 0.123046875
0 0.01708984375 0.765625 0.0341796875 0.056640625
0 0.23486328125 0.19873046875 0.0927734375 0.0439453125
0 0.1943359375 0.77978515625 0.171875 0.0869140625
0 0.45166015625 0.12939453125 0.0693359375 0.0576171875
0 0.6533203125 0.61767578125 0.0625 0.0439453125
0 0.3408203125 0.8837890625 0.060546875 0.05078125
0 0.529296875 0.0908203125 0.091796875 0.099609375
0 0.14013671875 0.84423828125 0.0537109375 0.0771484375
0 0.4580078125 0.35107421875 0.046875 0.0478515625
0 0.873046875 0.65966796875 0.07421875 0.0556640625
0 0.60888671875 0.75537109375 0.0869140625 0.0810546875
0 0.49951171875 0.302734375 0.0517578125 0.046875
0 0.60498046875 0.58984375 0.0517578125 0.0625
0 0.02685546875 0.18896484375 0.0537109375 0.0517578125
0 0.77294921875 0.0947265625 0.0830078125 0.060546875
0 0.4990234375 0.91455078125 0.064453125 0.0673828125
0 0.96337890625 0.419921875 0.0732421875 0.06640625
0 0.62158203125 0.6484375 0.0771484375 0.056640625
0 0.16259765625 0.02783203125 0.0654296875 0.0556640625
0 0.5546875 0.4296875 0.048828125 0.083984375
0 0.97314453125 0.9716796875 0.0517578125 0.044921875
