0 0.88623046875 0.244140625 0.1416015625 0.078125
0 0.677734375 0.95263671875 0.130859375 0.0712890625
0 0.607421875 0.03466796875 0.08984375 0.0654296875
0 0.6650390625 0.15625 0.126953125 0.1015625
0 0.8583984375 0.48876953125 0.134765625 0.0654296875
0 0.80712890625 0.04248046875 0.1337890625 0.0849609375
0 0.521484375 0.03125 0.09375 0.0625
0 0.89697265625 0.95458984375 0.1435546875 0.0732421875
0 0.578125 0.525390625 0.083984375 0.083984375
0 0.53564453125 0.849609375 0.1064453125 0.068359375
0 0.876953125 0.34423828125 0.12890625 0.0732421875
0 0.70703125 0.611328125 0.126953125 0.07421875
0 0.673828125 0.2041015625 0.12109375 0.099609375
0 0.703125 0.24365234375 0.099609375 0.0576171875
0 0.8671875 0.30029296875 0.134765625 0.0654296875
0 0.89501953125 0.08935546875 0.1494140625 0.1044921875
0 0.85595703125 0.63916015625 0.1748046875 0.1279296875
0 0.9033203125 0.72314453125 0.193359375 0.1083984375
0 0.93212890625 0.50390625 0.1318359375 0.099609375
0 0.78173828125 0.83984375 0.1181640625 0.04296875
0 0.93994140625 0.87939453125 0.1181640625 0.0673828125
0 0.859375 0.41162109375 0.158203125 0.1064453125
0 0.03076171875 0.64990234375 0.0615234375 0.0576171875
0 0.580078125 0.2568359375 0.09765625 0.109375
0 0.47509765625 0.70263671875 0.0927734375 0.0615234375
0 0.572265625 0.9501953125 0.095703125 0.072265625
0 0.7294921875 0.43603515625 0.142578125 0.1240234375
0 0.9326171875 0.12060546875 0.130859375 0.0986328125
0 0.7451171875 0.34130859375 0.123046875 0.0947265625
0 0.6953125 0.904296875 0.1171875 0.05859375
