0 0.96484375 0.2060546875 0.068359375 0.064453125
0 0.28857421875 0.19140625 0.0595703125 0.0625
0 0.6572265625 0.791015625 0.03125 0.0390625
0 0.48486328125 0.64013671875 0.0693359375 0.0439453125
0 0.25439453125 0.76318359375 0.0947265625 0.0419921875
0 0.287109375 0.10498046875 0.072265625 0.0791015625
0 0.94091796875 0.1630859375 0.0400390625 0.0546875
0 0.25048828125 0.62353515625 0.0966796875 0.0419921875
0 0.09033203125 0.2177734375 0.0712890625 0.052734375
0 0.6240234375 0.57275390625 0.052734375 0.0576171875
0 0.76123046875 0.04296875 0.0537109375 0.04296875
0 0.630859375 0.9091796875 0.1015625 0.115234375
0 0.36865234375 0.296875 0.0439453125 0.05078125
0 0.3173828125 0.72216796875 0.04296875 0.0732421875
0 0.40673828125 0.27978515625 0.0517578125 0.0458984375
0 0.83544921875 0.65869140625 0.0556640625 0.0556640625
0 0.95166015625 0.775390625 0.0712890625 0.0703125
0 0.81396484375 0.28076171875 0.0732421875 0.0732421875
0 0.591796875 0.32373046875 0.041015625 0.0537109375
0 0.5771484375 0.2080078125 0.060546875 0.056640625
0 0.3828125 0.6123046875 0.078125 0.076171875
0 0.13916015625 0.77392578125 0.0634765625 0.0556640625
0 0.31640625 0.671875 0.07421875 0.04296875
0 0.30078125 0.84521484375 0.04296875 0.0517578125
0 0.35546875 0.80322265625 0.044921875 0.0419921875
0 0.68896484375 0.13671875 0.0556640625 0.068359375
0 0.79736328125 0.142578125 0.0517578125 0.052734375
0 0.67724609375 0.7001953125 0.0498046875 0.046875
0 0.666015625 0.81787109375 0.0546875 0.0439453125
0 0.0517578125 0.25634765625 0.095703125 0.0908203125
0 0.2216796875 0.6708984375 0.052734375 0.044921875
0 0.6162109375 0.689453125 0.06640625 0.060546875
0 0.4326171875 0.2177734375 0.060546875 0.04296875
0 0.48291015625 0.2578125 0.0595703125 0.064453125
0 0.3232421875 0.345703125 0.041015625 0.037109375
0 0.40234375 0.17724609375 0.076171875 0.0595703125
0 0.87548828125 0.1162109375 0.1083984375 0.173828125
0 0.185546875 0.1943359375 0.05078125 0.05859375
0 0.24267578125 0.140625 0.0537109375 0.04296875
