0 0.22119140625 0.23046875 0.0888671875 0.091796875
0 0.3369140625 0.97998046875 0.037109375 0.0341796875
0 0.4990234375 0.7861328125 0.072265625 0.08203125
0 0.12744140625 0.9287109375 0.0537109375 0.05078125
0 0.45703125 0.59716796875 0.126953125 0.0615234375
0 0.18701171875 0.6259765625 0.0693359375 0.048828125
0 0.171875 0.33203125 0.076171875 0.0859375
0 0.25341796875 0.744140625 0.0771484375 0.0625
0 0.2744140625 0.49951171875 0.0625 0.0712890625
0 0.23486328125 0.09912109375 0.0517578125 0.0849609375
0 0.03515625 0.76220703125 0.0625 0.0595703125
0 0.93310546875 0.80126953125 0.0634765625 0.0615234375
0 0.89013671875 0.009765625 0.0478515625 0.01953125
0 0.9296875 0.177734375 0.08984375 0.083984375
0 0.02392578125 0.13232421875 0.0478515625 0.0693359375
0 0.4384765625 0.099609375 0.060546875 0.09375
0 0.88720703125 0.68359375 0.0771484375 0.05859375
0 0.0302734375 0.380859375 0.05859375 0.0546875
0 0.7939453125 0.5517578125 0.09765625 0.091796875
0 0.06640625 0.0732421875 0.056640625 0.052734375
0 0.53662109375 0.650390625 0.0771484375 0.07421875
0 0.81005859375 0.32568359375 0.1396484375 0.0966796875
0 0.34619140625 0.02734375 0.1142578125 0.0546875
0 0.6494140625 0.80615234375 0.125 0.0654296875
0 0.17724609375 0.79345703125 0.0830078125 0.0595703125
0 0.82177734375 0.158203125 0.0986328125 0.0546875
0 0.7783203125 0.98095703125 0.05859375 0.0341796875
0 0.318359375 0.876953125 0.056640625 0.072265625
0 0.42138671875 0.9326171875 0.0966796875 0.064453125
0 0.15234375 0.4775390625 0.0625 0.0859375
0 0.27001953125 0.97412109375 0.0712890625 0.0517578125
0 0.818359375 0.935546875 0.080078125 0.06640625
0 0.7236328125 0.1123046875 0.119140625 0.064453125
0 0.3447265625 0.4765625 0.064453125 0.0703125
0 0.68310546875 0.193359375 0.0791015625 0.052734375
0 0.68896484375 0.33642578125 0.1376953125 0.0751953125
0 0.07666015625 0.6455078125 0.0673828125 0.056640625
0 0.49658203125 0.46435546875 0.0751953125 0.1005859375
