0 0.4736328125 0.888671875 0.064453125 0.05859375
0 0.4638671875 0.916015625 0.064453125 0.0546875
0 0.6064453125 0.9111328125 0.076171875 0.130859375
0 0.388671875 0.45703125 0.1015625 0.06640625
0 0.4609375 0.3720703125 0.125 0.123046875
0 0.48046875 0.267578125 0.08203125 0.0859375
0 0.861328125 0.7529296875 0.0703125 0.064453125
0 0.978515625 0.7841796875 0.04296875 0.083984375
0 0.8955078125 0.9814453125 0.103515625 0.037109375
0 0.8974609375 0.9267578125 0.142578125 0.087890625
0 0.9482421875 0.501953125 0.064453125 0.06640625
0 0.6787109375 0.6796875 0.099609375 0.171875
0 0.8408203125 0.5693359375 0.126953125 0.177734375
0 0.4541015625 0.767578125 0.150390625 0.078125
0 0.4482421875 0.6904296875 0.107421875 0.107421875
0 0.7197265625 0.30078125 0.083984375 0.09765625
0 0.7958984375 0.1298828125 0.126953125 0.115234375
0 0.6748046875 0.0263671875 0.080078125 0.052734375
0 0.51171875 0.142578125 0.0625 0.09375
0 0.94140625 0.150390625 0.1171875 0.10546875
0 0.986328125 0.037109375 0.02734375 0.07421875
0 0.267578125 0.0654296875 0.07421875 0.103515625
0 0.5634765625 0.4365234375 0.087890625 0.228515625
0 0.275390625 0.5986328125 0.0703125 0.048828125
0 0.0244140625 0.744140625 0.033203125 0.08203125
0 0.017578125 0.287109375 0.03515625 0.1484375
0 0.0869140625 0.6171875 0.123046875 0.1171875
0 0.07421875 0.5107421875 0.125 0.099609375
0 0.1630859375 0.05078125 0.091796875 0.1015625
0 0.2080078125 0.3828125 0.083984375 0.10546875
0 0.2470703125 0.3349609375 0.142578125 0.134765625
0 0.11328125 0.443359375 0.0859375 0.06640625
0 0.146484375 0.3251953125 0.109375 0.076171875
