0 0.23486328125 0.9228515625 0.1044921875 0.11328125
0 0.6396484375 0.35595703125 0.046875 0.0419921875
0 0.36083984375 0.72900390625 0.0634765625 0.0537109375
0 0.43896484375 0.52880859375 0.0966796875 0.0576171875
0 0.29736328125 0.46533203125 0.0419921875 0.0458984375
0 0.50732421875 0.490234375 0.0498046875 0.03515625
0 0.48583984375 0.462890625 0.0478515625 0.037109375
0 0.2509765625 0.0185546875 0.05078125 0.037109375
0 0.23828125 0.654296875 0.046875 0.0546875
0 0.02734375 0.78173828125 0.0546875 0.0517578125
0 0.08203125 0.275390625 0.072265625 0.087890625
0 0.923828125 0.61474609375 0.03515625 0.0244140625
0 0.42724609375 0.3857421875 0.0537109375 0.0546875
0 0.56787109375 0.45458984375 0.0556640625 0.0458984375
0 0.97607421875 0.9345703125 0.0458984375 0.060546875
0 0.81494140625 0.6748046875 0.0673828125 0.07421875
0 0.77880859375 0.5234375 0.0556640625 0.044921875
0 0.890625 0.59423828125 0.05859375 0.0517578125
0 0.84521484375 0.529296875 0.0419921875 0.04296875
0 0.724609375 0.798828125 0.03515625 0.0234375
0 0.943359375 0.4384765625 0.044921875 0.044921875
0 0.71923828125 0.7470703125 0.0263671875 0.037109375
0 0.35498046875 0.30859375 0.0361328125 0.041015625
0 0.02587890625 0.046875 0.0478515625 0.041015625
0 0.84814453125 0.70263671875 0.0439453125 0.0341796875
0 0.37158203125 0.37255859375 0.0439453125 0.0673828125
0 0.55712890625 0.4384765625 0.0654296875 0.029296875
0 0.8330078125 0.8623046875 0.056640625 0.06640625
0 0.66650390625 0.23388671875 0.1259765625 0.0673828125
0 0.31689453125 0.2255859375 0.0478515625 0.0546875
0 0.8232421875 0.75244140625 0.044921875 0.0498046875
0 0.97998046875 0.3154296875 0.0380859375 0.076171875
0 0.10205078125 0.033203125 0.0712890625 0.052734375
0 0.11376953125 0.35107421875 0.0498046875 0.0771484375
0 0.6611328125 0.27099609375 0.044921875 0.0302734375
0 0.2490234375 0.40380859375 0.04296875 0.0498046875
0 0.2607421875 0.2275390625 0.029296875 0.029296875
0 0.6796875 0.50341796875 0.0703125 0.0751953125
0 0.29833984375 0.8134765625 0.0810546875 0.072265625
0 0.45556640625 0.21435546875 0.0927734375 0.0498046875
0 0.98779296875 0.56982421875 0.0224609375 0.0556640625
0 0.05078125 0.19287109375 0.056640625 0.0341796875
0 0.923828125 0.04150390625 0.041015625 0.0498046875
