0 0.9306640625 0.59033203125 0.0390625 0.0498046875
0 0.697265625 0.75341796875 0.0625 0.0771484375
0 0.97509765625 0.62158203125 0.0478515625 0.1201171875
0 0.81005859375 0.5419921875 0.0966796875 0.107421875
0 0.720703125 0.39599609375 0.08203125 0.0830078125
0 0.626953125 0.603515625 0.08984375 0.09765625
0 0.89111328125 0.6328125 0.0791015625 0.0859375
0 0.9140625 0.13427734375 0.095703125 0.0654296875
0 0.79443359375 0.83740234375 0.1044921875 0.1240234375
0 0.95458984375 0.404296875 0.0908203125 0.095703125
0 0.833984375 0.34814453125 0.056640625 0.0751953125
0 0.97216796875 0.15185546875 0.0537109375 0.0537109375
0 0.87841796875 0.44775390625 0.0947265625 0.0810546875
0 0.8310546875 0.20361328125 0.068359375 0.0810546875
