0 0.509765625 0.04638671875 0.029296875 0.0927734375
0 0.84765625 0.2998046875 0.02734375 0.072265625
0 0.275390625 0.64306640625 0.044921875 0.0693359375
0 0.72900390625 0.27978515625 0.0478515625 0.0830078125
0 0.630859375 0.580078125 0.0390625 0.0546875
0 0.2197265625 0.49462890625 0.123046875 0.0361328125
0 0.2177734375 0.3681640625 0.08203125 0.037109375
0 0.05322265625 0.443359375 0.0478515625 0.072265625
0 0.08740234375 0.88525390625 0.0322265625 0.0869140625
0 0.3759765625 0.04638671875 0.037109375 0.0478515625
0 0.74951171875 0.2763671875 0.0654296875 0.083984375
0 0.5556640625 0.13037109375 0.029296875 0.0458984375
0 0.25634765625 0.2822265625 0.0361328125 0.08203125
0 0.833984375 0.07958984375 0.037109375 0.0712890625
0 0.42333984375 0.6650390625 0.0751953125 0.072265625
0 0.8466796875 0.6025390625 0.0390625 0.05078125
0 0.2607421875 0.0380859375 0.04296875 0.072265625
0 0.57275390625 0.92919921875 0.0458984375 0.0400390625
0 0.74853515625 0.4873046875 0.0556640625 0.029296875
0 0.6044921875 0.0458984375 0.041015625 0.083984375
0 0.8701171875 0.759765625 0.05078125 0.1015625
0 0.9638671875 0.6796875 0.05859375 0.07421875
0 0.02197265625 0.798828125 0.0439453125 0.09765625
0 0.07861328125 0.4033203125 0.0576171875 0.037109375
0 0.57861328125 0.9775390625 0.0439453125 0.0390625
0 0.609375 0.71728515625 0.048828125 0.0693359375
0 0.326171875 0.04931640625 0.05078125 0.0947265625
0 0.37255859375 0.7060546875 0.0615234375 0.03515625
0 0.04736328125 0.93505859375 0.0732421875 0.0341796875
0 0.98974609375 0.3662109375 0.0205078125 0.064453125
0 0.953125 0.9482421875 0.037109375 0.046875
0 0.3818359375 0.3857421875 0.046875 0.029296875
0 0.88720703125 0.302734375 0.0693359375 0.068359375
0 0.72412109375 0.07421875 0.0498046875 0.09375
0 0.17236328125 0.07861328125 0.0595703125 0.0732421875
0 0.50439453125 0.1865234375 0.0302734375 0.10546875
0 0.73095703125 0.42529296875 0.0419921875 0.0693359375
0 0.38037109375 0.41357421875 0.0595703125 0.0419921875
0 0.2734375 0.2587890625 0.060546875 0.083984375
0 0.83154296875 0.337890625 0.0380859375 0.06640625
0 0.78955078125 0.24951171875 0.0341796875 0.1005859375
0 0.486328125 0.6005859375 0.05078125 0.0546875
0 0.076171875 0.248046875 0.0546875 0.12109375
0 0.53466796875 0.33154296875 0.1474609375 0.0673828125
0 0.39794921875 0.974609375 0.0595703125 0.037109375
0 0.970703125 0.5380859375 0.025390625 0.060546875
0 0.607421875 0.2099609375 0.041015625 0.076171875
0 0.50830078125 0.3740234375 0.0595703125 0.08203125
0 0.98779296875 0.603515625 0.0244140625 0.07421875
0 0.6630859375 0.76611328125 0.046875 0.0380859375
0 0.7626953125 0.44775390625 0.033203125 0.0478515625
0 0.10009765625 0.95654296875 0.0478515625 0.0810546875
0 0.244140625 0.91259765625 0.0390625 0.0537109375
0 0.2880859375 0.5849609375 0.052734375 0.080078125
0 0.830078125 0.54345703125 0.037109375 0.1005859375
0 0.32421875 0.8876953125 0.048828125 0.0859375
0 0.5185546875 0.607421875 0.083984375 0.107421875
0 0.94482421875 0.07373046875 0.0615234375 0.0791015625
0 0.19384765625 0.228515625 0.0869140625 0.046875
0 0.5244140625 0.80126953125 0.05078125 0.0361328125
0 0.96728515625 0.28369140625 0.0322265625 0.0927734375
0 0.71533203125 0.98046875 0.0341796875 0.0390625
0 0.884765625 0.98388671875 0.02734375 0.0302734375
