0 0.9765625 0.4140625 0.046875 0.0546875
0 0.26953125 0.3203125 0.060546875 0.05859375
0 0.921875 0.880859375 0.080078125 0.08203125
0 0.12890625 0.4443359375 0.0625 0.044921875
0 0.8173828125 0.27734375 0.1484375 0.06640625
0 0.76123046875 0.54931640625 0.0615234375 0.0615234375
0 0.6318359375 0.8955078125 0.052734375 0.083984375
0 0.2939453125 0.8515625 0.0859375 0.05859375
0 0.23193359375 0.91845703125 0.0712890625 0.0634765625
0 0.033203125 0.3369140625 0.0625 0.076171875
0 0.09423828125 0.93115234375 0.0791015625 0.0908203125
0 0.91259765625 0.2734375 0.0576171875 0.046875
0 0.02685546875 0.63720703125 0.0517578125 0.0654296875
0 0.31005859375 0.2568359375 0.0986328125 0.068359375
0 0.66259765625 0.64013671875 0.0654296875 0.0693359375
0 0.833984375 0.31884765625 0.099609375 0.0517578125
0 0.47314453125 0.89794921875 0.0537109375 0.0419921875
0 0.09814453125 0.28173828125 0.0966796875 0.0732421875
0 0.76953125 0.9091796875 0.052734375 0.083984375
0 0.4462890625 0.43896484375 0.078125 0.0537109375
0 0.02099609375 0.40576171875 0.0400390625 0.0615234375
0 0.185546875 0.83984375 0.056640625 0.05859375
0 0.7431640625 0.36279296875 0.06640625 0.0693359375
0 0.6630859375 0.05126953125 0.0625 0.0478515625
0 0.1240234375 0.7939453125 0.07421875 0.0625
0 0.4267578125 0.52294921875 0.080078125 0.0556640625
0 0.806640625 0.10302734375 0.08203125 0.0654296875
0 0.74365234375 0.69384765625 0.0791015625 0.0947265625
0 0.69873046875 0.78662109375 0.0654296875 0.0478515625
0 0.3720703125 0.43701171875 0.064453125 0.0576171875
0 0.51953125 0.97998046875 0.0703125 0.0380859375
