0 0.48974609375 0.34912109375 0.1435546875 0.1025390625
0 0.68994140625 0.533203125 0.1904296875 0.181640625
0 0.85595703125 0.40380859375 0.0517578125 0.0498046875
0 0.86376953125 0.6904296875 0.0751953125 0.0546875
0 0.9150390625 0.8984375 0.099609375 0.185546875
0 0.1171875 0.46630859375 0.22265625 0.0888671875
0 0.60546875 0.9541015625 0.1015625 0.091796875
0 0.97509765625 0.15771484375 0.0439453125 0.0712890625
0 0.7978515625 0.2431640625 0.20703125 0.103515625
0 0.60693359375 0.2001953125 0.0380859375 0.04296875
0 0.7958984375 0.1630859375 0.080078125 0.072265625
0 0.80908203125 0.7900390625 0.0888671875 0.099609375
0 0.47802734375 0.06396484375 0.0673828125 0.1279296875
0 0.1708984375 0.73291015625 0.095703125 0.1044921875
0 0.84130859375 0.35107421875 0.0791015625 0.0849609375
0 0.52490234375 0.96435546875 0.0771484375 0.0712890625
0 0.4736328125 0.9619140625 0.08984375 0.07421875
0 0.7939453125 0.4228515625 0.05859375 0.076171875
0 0.08935546875 0.38037109375 0.1787109375 0.0517578125
0 0.0966796875 0.31787109375 0.193359375 0.0673828125
0 0.490234375 0.8232421875 0.119140625 0.16015625
0 0.19189453125 0.48486328125 0.0693359375 0.0712890625
0 0.9619140625 0.95166015625 0.076171875 0.0966796875
0 0.8837890625 0.24755859375 0.123046875 0.0732421875
0 0.642578125 0.1728515625 0.13671875 0.087890625
0 0.7060546875 0.15478515625 0.05859375 0.0517578125
0 0.3193359375 0.78466796875 0.1015625 0.0751953125
0 0.158203125 0.255859375 0.310546875 0.080078125
0 0.828125 0.10791015625 0.130859375 0.0595703125
0 0.80859375 0.31591796875 0.037109375 0.0380859375
0 0.0302734375 0.171875 0.060546875 0.1171875
0 0.3759765625 0.44482421875 0.119140625 0.1005859375
0 0.82861328125 0.73046875 0.0576171875 0.111328125
0 0.71875 0.234375 0.048828125 0.060546875
0 0.44775390625 0.56884765625 0.0888671875 0.2119140625
0 0.4296875 0.7265625 0.1484375 0.05859375
0 0.72998046875 0.3818359375 0.1337890625 0.21875
0 0.28857421875 0.28466796875 0.0634765625 0.0830078125
0 0.70654296875 0.32421875 0.0986328125 0.099609375
0 0.93017578125 0.31298828125 0.0927734375 0.0849609375
0 0.30712890625 0.40380859375 0.2470703125 0.0771484375
0 0.73193359375 0.84375 0.0693359375 0.07421875
0 0.09326171875 0.501953125 0.0771484375 0.0546875
0 0.62646484375 0.81591796875 0.1650390625 0.0673828125
0 0.5224609375 0.4033203125 0.076171875 0.095703125
0 0.34912109375 0.3193359375 0.1650390625 0.1015625
0 0.974609375 0.00830078125 0.05078125 0.0166015625
0 0.859375 0.1572265625 0.060546875 0.072265625
0 0.96875 0.85009765625 0.0625 0.0947265625
0 0.79345703125 0.87841796875 0.0693359375 0.0615234375
0 0.63916015625 0.341796875 0.0458984375 0.06640625
0 0.72216796875 0.77001953125 0.0810546875 0.0869140625
