0 0.47314453125 0.69482421875 0.0673828125 0.0361328125
0 0.76171875 0.642578125 0.048828125 0.041015625
0 0.97265625 0.77294921875 0.041015625 0.0439453125
0 0.98095703125 0.85693359375 0.0302734375 0.0283203125
0 0.15576171875 0.3349609375 0.0341796875 0.033203125
0 0.0234375 0.6787109375 0.046875 0.046875
0 0.52197265625 0.857421875 0.0791015625 0.033203125
0 0.380859375 0.2705078125 0.091796875 0.080078125
0 0.708984375 0.845703125 0.056640625 0.0390625
0 0.79345703125 0.8486328125 0.0263671875 0.01953125
0 0.93115234375 0.6884765625 0.0517578125 0.037109375
0 0.6572265625 0.60498046875 0.0390625 0.0361328125
0 0.06005859375 0.80224609375 0.0439453125 0.0322265625
0 0.5224609375 0.81396484375 0.0859375 0.0419921875
0 0.83544921875 0.25146484375 0.0380859375 0.0302734375
0 0.49072265625 0.62646484375 0.0419921875 0.0478515625
0 0.47998046875 0.97021484375 0.0380859375 0.0576171875
0 0.724609375 0.3642578125 0.056640625 0.044921875
0 0.26611328125 0.77978515625 0.0302734375 0.0185546875
0 0.7412109375 0.78955078125 0.06640625 0.0458984375
0 0.72607421875 0.91845703125 0.0302734375 0.0205078125
0 0.95068359375 0.7451171875 0.0419921875 0.044921875
0 0.92822265625 0.32373046875 0.0439453125 0.0361328125
0 0.37060546875 0.1533203125 0.0849609375 0.05078125
0 0.6083984375 0.7568359375 0.03515625 0.0234375
0 0.6083984375 0.69970703125 0.052734375 0.0556640625
0 0.6513671875 0.67626953125 0.044921875 0.0537109375
0 0.25244140625 0.3154296875 0.0458984375 0.03125
0 0.78955078125 0.3505859375 0.0263671875 0.0234375
0 0.71923828125 0.7451171875 0.0439453125 0.04296875
0 0.8173828125 0.228515625 0.033203125 0.033203125
0 0.0791015625 0.18310546875 0.10546875 0.0517578125
0 0.5634765625 0.3408203125 0.04296875 0.0390625
0 0.32275390625 0.7119140625 0.1826171875 0.06640625
0 0.61669921875 0.91015625 0.0478515625 0.0390625
0 0.65869140625 0.33447265625 0.0380859375 0.0400390625
0 0.24755859375 0.80126953125 0.0517578125 0.0244140625
0 0.86767578125 0.25830078125 0.0263671875 0.0224609375
0 0.56494140625 0.20361328125 0.0458984375 0.0439453125
0 0.603515625 0.7861328125 0.044921875 0.01953125
0 0.5810546875 0.59521484375 0.046875 0.0458984375
0 0.7421875 0.60888671875 0.056640625 0.0263671875
0 0.2216796875 0.26708984375 0.044921875 0.0634765625
0 0.6259765625 0.81103515625 0.083984375 0.0419921875
0 0.79443359375 0.2548828125 0.0478515625 0.0390625
0 0.0654296875 0.7646484375 0.076171875 0.041015625
0 0.6982421875 0.63916015625 0.05859375 0.0458984375
0 0.236328125 0.36083984375 0.04296875 0.0302734375
0 0.13232421875 0.28515625 0.0400390625 0.033203125
0 0.80078125 0.90283203125 0.02734375 0.0263671875
0 0.81396484375 0.3193359375 0.0263671875 0.017578125
0 0.2041015625 0.22021484375 0.064453125 0.0634765625
0 0.56103515625 0.91796875 0.0419921875 0.029296875
0 0.68017578125 0.2958984375 0.0400390625 0.041015625
0 0.8232421875 0.34326171875 0.025390625 0.0283203125
0 0.400390625 0.85986328125 0.091796875 0.0556640625
0 0.05615234375 0.3876953125 0.0751953125 0.05859375
0 0.30029296875 0.79736328125 0.0400390625 0.0263671875
0 0.53564453125 0.7421875 0.0439453125 0.037109375
0 0.75927734375 0.32177734375 0.0400390625 0.0341796875
0 0.34033203125 0.8125 0.0419921875 0.037109375
0 0.3603515625 0.34423828125 0.076171875 0.0341796875
0 0.88720703125 0.69140625 0.0654296875 0.056640625
0 0.22900390625 0.38623046875 0.0966796875 0.0556640625
0 0.0244140625 0.62353515625 0.048828125 0.0283203125
0 0.03759765625 0.3798828125 0.0654296875 0.02734375
