0 0.7587890625 0.54296875 0.076171875 0.05078125
0 0.41943359375 0.1748046875 0.0478515625 0.044921875
0 0.40576171875 0.962890625 0.0595703125 0.0390625
0 0.03125 0.1240234375 0.0625 0.0546875
0 0.166015625 0.83154296875 0.05078125 0.0576171875
0 0.27587890625 0.04150390625 0.0556640625 0.0751953125
0 0.97802734375 0.3671875 0.0419921875 0.05859375
0 0.98828125 0.68994140625 0.0234375 0.0419921875
0 0.619140625 0.1884765625 0.046875 0.064453125
0 0.791015625 0.73291015625 0.0390625 0.0400390625
0 0.15576171875 0.9619140625 0.0810546875 0.03515625
0 0.72509765625 0.74755859375 0.0458984375 0.0458984375
0 0.61474609375 0.86376953125 0.0478515625 0.0419921875
0 0.46826171875 0.14111328125 0.0498046875 0.0517578125
0 0.74658203125 0.5986328125 0.0380859375 0.0390625
0 0.39892578125 0.048828125 0.0615234375 0.046875
0 0.3251953125 0.71728515625 0.06640625 0.0458984375
0 0.9208984375 0.916015625 0.052734375 0.041015625
0 0.40966796875 0.3935546875 0.0634765625 0.05078125
0 0.1171875 0.107421875 0.076171875 0.083984375
0 0.2841796875 0.1953125 0.05859375 0.060546875
0 0.47998046875 0.75732421875 0.0634765625 0.0419921875
0 0.65576171875 0.83203125 0.0751953125 0.041015625
0 0.2578125 0.95068359375 0.029296875 0.0361328125
0 0.52099609375 0.16357421875 0.0458984375 0.0400390625
0 0.31298828125 0.6396484375 0.0830078125 0.0703125
0 0.69482421875 0.453125 0.0400390625 0.025390625
0 0.19189453125 0.3564453125 0.0517578125 0.0546875
0 0.43017578125 0.3291015625 0.0498046875 0.080078125
0 0.14013671875 0.900390625 0.0478515625 0.064453125
0 0.43017578125 0.87939453125 0.0595703125 0.0341796875
0 0.294921875 0.84619140625 0.11328125 0.0458984375
0 0.94921875 0.8232421875 0.056640625 0.041015625
0 0.79736328125 0.83935546875 0.0517578125 0.0537109375
0 0.69580078125 0.51123046875 0.0693359375 0.0908203125
0 0.2021484375 0.2490234375 0.080078125 0.0859375
0 0.216796875 0.9892578125 0.05859375 0.017578125
0 0.6474609375 0.63330078125 0.037109375 0.0595703125
0 0.337890625 0.876953125 0.0625 0.048828125
0 0.6123046875 0.93896484375 0.06640625 0.0361328125
0 0.06201171875 0.03857421875 0.0556640625 0.0439453125
0 0.0615234375 0.90673828125 0.052734375 0.0654296875
0 0.74755859375 0.68603515625 0.0458984375 0.0478515625
0 0.20947265625 0.736328125 0.0693359375 0.09765625
0 0.712890625 0.05078125 0.044921875 0.07421875
0 0.32470703125 0.974609375 0.0849609375 0.044921875
0 0.21044921875 0.04833984375 0.0576171875 0.0400390625
0 0.73583984375 0.8203125 0.0478515625 0.044921875
0 0.02294921875 0.5478515625 0.0458984375 0.044921875
0 0.50390625 0.87353515625 0.03515625 0.0673828125
0 0.130859375 0.59814453125 0.06640625 0.0458984375
0 0.84130859375 0.02099609375 0.0615234375 0.0419921875
0 0.4697265625 0.0185546875 0.056640625 0.037109375
0 0.09912109375 0.01904296875 0.0517578125 0.0361328125
0 0.525390625 0.10498046875 0.05078125 0.0498046875
0 0.0859375 0.48974609375 0.052734375 0.0673828125
0 0.81298828125 0.66064453125 0.0439453125 0.0576171875
0 0.33056640625 0.4443359375 0.0498046875 0.05078125
0 0.6435546875 0.548828125 0.044921875 0.037109375
0 0.1083984375 0.6240234375 0.052734375 0.037109375
0 0.4892578125 0.6513671875 0.046875 0.05859375
0 0.01171875 0.9375 0.0234375 0.06640625
0 0.18896484375 0.44482421875 0.0458984375 0.0478515625
0 0.3671875 0.22265625 0.052734375 0.048828125
0 0.90234375 0.5615234375 0.052734375 0.052734375
0 0.23583984375 0.38720703125 0.0595703125 0.0380859375
0 0.43359375 0.6416015625 0.033203125 0.02734375
