0 0.978515625 0.556640625 0.04296875 0.19140625
0 0.9169921875 0.0595703125 0.166015625 0.076171875
0 0.8173828125 0.2138671875 0.095703125 0.052734375
0 0.587890625 0.1923828125 0.1015625 0.103515625
0 0.5556640625 0.2724609375 0.119140625 0.083984375
0 0.564453125 0.3359375 0.16015625 0.109375
0 0.4580078125 0.3310546875 0.142578125 0.083984375
0 0.4501953125 0.4189453125 0.068359375 0.103515625
0 0.7333984375 0.548828125 0.095703125 0.23828125
0 0.853515625 0.58984375 0.1171875 0.09375
0 0.4931640625 0.6181640625 0.087890625 0.138671875
0 0.7314453125 0.97265625 0.080078125 0.0546875
0 0.1474609375 0.4130859375 0.126953125 0.111328125
