0 0.51513671875 0.216796875 0.0693359375 0.078125
0 0.5703125 0.8095703125 0.064453125 0.072265625
0 0.41845703125 0.49365234375 0.0869140625 0.0673828125
0 0.59912109375 0.01953125 0.0849609375 0.0390625
0 0.47705078125 0.86962890625 0.0615234375 0.0595703125
0 0.6484375 0.296875 0.03125 0.021484375
0 0.431640625 0.5517578125 0.03125 0.025390625
0 0.37451171875 0.9619140625 0.0830078125 0.068359375
0 0.08935546875 0.2705078125 0.0732421875 0.048828125
0 0.1865234375 0.591796875 0.080078125 0.0546875
0 0.763671875 0.03662109375 0.107421875 0.0556640625
0 0.5458984375 0.16064453125 0.06640625 0.0556640625
0 0.15087890625 0.79833984375 0.0791015625 0.0927734375
0 0.619140625 0.6015625 0.080078125 0.072265625
0 0.55810546875 0.97900390625 0.0771484375 0.0400390625
0 0.51904296875 0.49755859375 0.0732421875 0.0712890625
0 0.14208984375 0.1220703125 0.1357421875 0.0703125
0 0.4775390625 0.029296875 0.076171875 0.05859375
0 0.54345703125 0.27099609375 0.0517578125 0.0517578125
0 0.34619140625 0.68017578125 0.1142578125 0.0576171875
0 0.45947265625 0.34423828125 0.0771484375 0.0654296875
0 0.7294921875 0.787109375 0.078125 0.09375
