0 0.013671875 0.091796875 0.02734375 0.05078125
0 0.064453125 0.158203125 0.078125 0.15625
0 0.3642578125 0.333984375 0.056640625 0.0546875
0 0.5791015625 0.267578125 0.060546875 0.06640625
0 0.49609375 0.259765625 0.1015625 0.09765625
0 0.3330078125 0.21875 0.189453125 0.08203125
0 0.9423828125 0.013671875 0.056640625 0.02734375
0 0.8095703125 0.115234375 0.080078125 0.0625
0 0.5625 0.0224609375 0.05078125 0.044921875
0 0.21875 0.0166015625 0.1328125 0.033203125
0 0.361328125 0.0595703125 0.078125 0.119140625
0 0.98828125 0.212890625 0.0234375 0.05859375
0 0.8359375 0.2666015625 0.078125 0.083984375
0 0.8564453125 0.4208984375 0.072265625 0.130859375
0 0.9677734375 0.5400390625 0.064453125 0.068359375
0 0.8193359375 0.5546875 0.119140625 0.06640625
0 0.6474609375 0.3671875 0.130859375 0.0703125
0 0.6640625 0.2880859375 0.19140625 0.115234375
0 0.1435546875 0.4228515625 0.068359375 0.080078125
0 0.212890625 0.4541015625 0.0703125 0.150390625
0 0.0322265625 0.6796875 0.064453125 0.11328125
0 0.25 0.9873046875 0.07421875 0.025390625
0 0.5302734375 0.974609375 0.095703125 0.05078125
0 0.375 0.857421875 0.12109375 0.0703125
0 0.455078125 0.7587890625 0.1171875 0.068359375
0 0.919921875 0.8896484375 0.15234375 0.107421875
0 0.939453125 0.955078125 0.12109375 0.08984375
0 0.84765625 0.8056640625 0.15234375 0.138671875
0 0.9521484375 0.7841796875 0.095703125 0.060546875
0 0.8603515625 0.689453125 0.134765625 0.08984375
