0 0.66357421875 0.75634765625 0.0400390625 0.0380859375
0 0.5224609375 0.6083984375 0.083984375 0.05078125
0 0.0615234375 0.02294921875 0.05078125 0.0458984375
0 0.71533203125 0.57275390625 0.0693359375 0.0498046875
0 0.341796875 0.1943359375 0.05859375 0.052734375
0 0.67822265625 0.634765625 0.0673828125 0.06640625
0 0.43212890625 0.53857421875 0.0615234375 0.0556640625
0 0.1708984375 0.97900390625 0.06640625 0.0419921875
0 0.07177734375 0.4560546875 0.0615234375 0.0546875
0 0.2939453125 0.92724609375 0.056640625 0.0517578125
0 0.77392578125 0.1171875 0.0595703125 0.048828125
0 0.18017578125 0.1640625 0.0556640625 0.060546875
0 0.5830078125 0.78173828125 0.052734375 0.0615234375
0 0.9580078125 0.55859375 0.06640625 0.064453125
0 0.458984375 0.712890625 0.05859375 0.041015625
0 0.58251953125 0.056640625 0.0400390625 0.037109375
0 0.53125 0.65673828125 0.0625 0.0478515625
0 0.05712890625 0.5791015625 0.0458984375 0.052734375
0 0.60986328125 0.126953125 0.0693359375 0.052734375
0 0.4453125 0.7802734375 0.068359375 0.072265625
0 0.8125 0.65478515625 0.06640625 0.0634765625
0 0.06884765625 0.63134765625 0.0576171875 0.0751953125
0 0.43115234375 0.1953125 0.0537109375 0.046875
0 0.54052734375 0.54345703125 0.0888671875 0.0986328125
0 0.3427734375 0.95556640625 0.044921875 0.0439453125
0 0.1162109375 0.07080078125 0.068359375 0.0517578125
0 0.564453125 0.689453125 0.044921875 0.046875
0 0.892578125 0.84716796875 0.095703125 0.0791015625
0 0.033203125 0.89794921875 0.060546875 0.0458984375
0 0.02587890625 0.54296875 0.0517578125 0.05078125
0 0.8203125 0.04736328125 0.0625 0.0458984375
0 0.04638671875 0.9609375 0.0595703125 0.078125
0 0.69189453125 0.525390625 0.0673828125 0.041015625
0 0.9541015625 0.92724609375 0.087890625 0.0576171875
0 0.30859375 0.62646484375 0.087890625 0.0439453125
0 0.908203125 0.6005859375 0.05859375 0.056640625
0 0.2421875 0.15966796875 0.08203125 0.0654296875
0 0.9248046875 0.49267578125 0.052734375 0.0673828125
0 0.6748046875 0.1201171875 0.064453125 0.064453125
0 0.591796875 0.96630859375 0.08984375 0.0673828125
0 0.3125 0.16796875 0.048828125 0.046875
