0 0.4111328125 0.57470703125 0.06640625 0.0830078125
0 0.61376953125 0.73681640625 0.1728515625 0.0771484375
0 0.85888671875 0.1572265625 0.0986328125 0.150390625
0 0.0546875 0.9775390625 0.0546875 0.04296875
0 0.60595703125 0.2490234375 0.0927734375 0.048828125
0 0.9443359375 0.47314453125 0.060546875 0.0908203125
0 0.91845703125 0.3701171875 0.1142578125 0.076171875
0 0.80078125 0.3837890625 0.083984375 0.0625
0 0.30029296875 0.70703125 0.0595703125 0.091796875
0 0.0830078125 0.857421875 0.0703125 0.083984375
0 0.5380859375 0.01220703125 0.08984375 0.0244140625
0 0.64990234375 0.87890625 0.1240234375 0.072265625
0 0.76513671875 0.50146484375 0.0478515625 0.0458984375
0 0.67919921875 0.46044921875 0.1259765625 0.0927734375
0 0.615234375 0.38134765625 0.078125 0.0537109375
0 0.97998046875 0.90625 0.0400390625 0.05078125
0 0.88037109375 0.5205078125 0.0693359375 0.083984375
0 0.75537109375 0.1201171875 0.1005859375 0.060546875
0 0.232421875 0.9482421875 0.091796875 0.1015625
0 0.85546875 0.94921875 0.064453125 0.052734375
0 0.63818359375 0.8095703125 0.0869140625 0.05078125
0 0.09814453125 0.9306640625 0.0498046875 0.0625
0 0.814453125 0.46923828125 0.0703125 0.0537109375
0 0.1494140625 0.3056640625 0.068359375 0.0703125
0 0.70458984375 0.36279296875 0.0849609375 0.0693359375
0 0.806640625 0.85400390625 0.1640625 0.0732421875
0 0.392578125 0.77197265625 0.048828125 0.0439453125
0 0.34228515625 0.3173828125 0.1064453125 0.0859375
0 0.09033203125 0.5009765625 0.0927734375 0.107421875
0 0.64794921875 0.33837890625 0.0517578125 0.0498046875
0 0.07958984375 0.69482421875 0.0556640625 0.0439453125
0 0.2236328125 0.26318359375 0.0703125 0.0615234375
0 0.53076171875 0.68798828125 0.0966796875 0.0712890625
0 0.43115234375 0.85400390625 0.1162109375 0.1064453125
0 0.98388671875 0.81005859375 0.0322265625 0.0458984375
0 0.41552734375 0.25 0.0322265625 0.037109375
0 0.97998046875 0.97607421875 0.0380859375 0.0439453125
0 0.01513671875 0.30322265625 0.0302734375 0.0478515625
0 0.73681640625 0.27978515625 0.0361328125 0.0634765625
0 0.697265625 0.9091796875 0.078125 0.0546875
0 0.28955078125 0.20361328125 0.0888671875 0.0712890625
0 0.818359375 0.5419921875 0.07421875 0.0546875
0 0.38623046875 0.94091796875 0.1162109375 0.0908203125
0 0.2939453125 0.55859375 0.142578125 0.1484375
0 0.44775390625 0.4189453125 0.0830078125 0.12109375
0 0.66796875 0.75 0.1015625 0.048828125
0 0.8857421875 0.02587890625 0.076171875 0.0517578125
0 0.951171875 0.203125 0.09375 0.078125
0 0.88330078125 0.8984375 0.1396484375 0.07421875
0 0.14404296875 0.9365234375 0.0654296875 0.0859375
0 0.28466796875 0.8759765625 0.0458984375 0.048828125
