0 0.353515625 0.46142578125 0.0546875 0.0595703125
0 0.0234375 0.76220703125 0.046875 0.0751953125
0 0.33251953125 0.8408203125 0.0517578125 0.07421875
0 0.30419921875 0.44580078125 0.0634765625 0.0322265625
0 0.9267578125 0.3603515625 0.078125 0.060546875
0 0.203125 0.5634765625 0.06640625 0.064453125
0 0.02734375 0.9560546875 0.044921875 0.064453125
0 0.369140625 0.6220703125 0.099609375 0.0859375
0 0.0517578125 0.3857421875 0.080078125 0.068359375
0 0.16845703125 0.88330078125 0.0673828125 0.0927734375
0 0.06494140625 0.7919921875 0.0595703125 0.0546875
0 0.09423828125 0.642578125 0.0439453125 0.037109375
0 0.30712890625 0.78955078125 0.0576171875 0.0869140625
0 0.02294921875 0.30908203125 0.0439453125 0.0556640625
0 0.435546875 0.9443359375 0.111328125 0.09765625
0 0.1318359375 0.14501953125 0.072265625 0.0615234375
0 0.03271484375 0.46630859375 0.0654296875 0.0654296875
0 0.18017578125 0.1787109375 0.0810546875 0.048828125
0 0.15185546875 0.51171875 0.0576171875 0.064453125
0 0.01416015625 0.6240234375 0.0283203125 0.07421875
0 0.97607421875 0.1298828125 0.0478515625 0.064453125
0 0.12255859375 0.56884765625 0.0732421875 0.0849609375
0 0.2685546875 0.94140625 0.046875 0.0703125
0 0.38037109375 0.5537109375 0.0615234375 0.0390625
0 0.05029296875 0.279296875 0.0712890625 0.068359375
0 0.26953125 0.4638671875 0.03125 0.05078125
0 0.22998046875 0.33935546875 0.0869140625 0.0693359375
0 0.3134765625 0.408203125 0.09765625 0.04296875
