0 0.9267578125 0.0087890625 0.0703125 0.017578125
0 0.8154296875 0.095703125 0.126953125 0.19140625
0 0.908203125 0.138671875 0.1796875 0.087890625
0 0.78173828125 0.0439453125 0.0439453125 0.087890625
0 0.76416015625 0.03466796875 0.1298828125 0.0517578125
0 0.67724609375 0.0693359375 0.0947265625 0.138671875
0 0.5126953125 0.0654296875 0.076171875 0.068359375
0 0.47216796875 0.03125 0.0595703125 0.0625
0 0.5322265625 0.03125 0.0390625 0.0625
0 0.2890625 0.0146484375 0.1875 0.029296875
0 0.02978515625 0.0361328125 0.0595703125 0.072265625
0 0.140625 0.0576171875 0.08984375 0.037109375
0 0.0498046875 0.10302734375 0.07421875 0.1337890625
0 0.345703125 0.2001953125 0.1875 0.125
0 0.0302734375 0.1708984375 0.05078125 0.072265625
0 0.4921875 0.2666015625 0.06640625 0.271484375
0 0.04150390625 0.3046875 0.0830078125 0.1640625
0 0.18212890625 0.2109375 0.1494140625 0.287109375
0 0.7412109375 0.1845703125 0.30078125 0.091796875
0 0.07373046875 0.24609375 0.0517578125 0.234375
0 0.25634765625 0.306640625 0.1142578125 0.197265625
0 0.93017578125 0.33203125 0.1376953125 0.22265625
0 0.94189453125 0.4150390625 0.1142578125 0.060546875
0 0.970703125 0.4716796875 0.05859375 0.041015625
0 0.8232421875 0.3115234375 0.201171875 0.201171875
0 0.9111328125 0.515625 0.046875 0.154296875
0 0.71875 0.49267578125 0.263671875 0.0908203125
0 0.5615234375 0.4072265625 0.05859375 0.271484375
0 0.298828125 0.55322265625 0.33203125 0.0791015625
0 0.5400390625 0.6240234375 0.236328125 0.232421875
0 0.7021484375 0.79248046875 0.177734375 0.2080078125
0 0.5703125 0.71875 0.216796875 0.044921875
0 0.76318359375 0.94580078125 0.0556640625 0.1064453125
0 0.90234375 0.8369140625 0.1953125 0.1015625
0 0.912109375 0.78173828125 0.173828125 0.1416015625
0 0.01025390625 0.91748046875 0.0205078125 0.0283203125
0 0.69775390625 0.65625 0.2470703125 0.06640625
0 0.50244140625 0.9765625 0.0400390625 0.046875
0 0.44921875 0.96337890625 0.17578125 0.0712890625
0 0.40576171875 0.9375 0.1767578125 0.125
0 0.34619140625 0.802734375 0.2470703125 0.16796875
0 0.3427734375 0.90869140625 0.06640625 0.1806640625
0 0.2158203125 0.6787109375 0.220703125 0.162109375
0 0.3486328125 0.66455078125 0.328125 0.1337890625
0 0.1005859375 0.59033203125 0.06640625 0.2978515625
0 0.04736328125 0.400390625 0.0947265625 0.203125
0 0.109375 0.6630859375 0.091796875 0.083984375
0 0.015625 0.54736328125 0.03125 0.0517578125
0 0.1015625 0.53857421875 0.203125 0.1376953125
0 0.255859375 0.693359375 0.28125 0.21484375
0 0.130859375 0.140625 0.046875 0.06640625
