0 0.59228515625 0.90087890625 0.0595703125 0.0732421875
0 0.73828125 0.93017578125 0.107421875 0.1220703125
0 0.13134765625 0.87841796875 0.1083984375 0.0693359375
0 0.33349609375 0.9267578125 0.0908203125 0.146484375
0 0.173828125 0.478515625 0.083984375 0.080078125
0 0.36083984375 0.28466796875 0.1220703125 0.0986328125
0 0.14990234375 0.41552734375 0.0751953125 0.0537109375
0 0.23046875 0.966796875 0.0546875 0.05078125
0 0.89599609375 0.8935546875 0.1064453125 0.072265625
0 0.685546875 0.72705078125 0.09375 0.0634765625
0 0.76708984375 0.80224609375 0.1494140625 0.0673828125
0 0.2958984375 0.03076171875 0.083984375 0.0615234375
0 0.31005859375 0.3623046875 0.0771484375 0.0546875
0 0.2158203125 0.8134765625 0.080078125 0.0390625
0 0.79443359375 0.1298828125 0.0908203125 0.076171875
0 0.2529296875 0.49755859375 0.087890625 0.0927734375
0 0.36083984375 0.73779296875 0.0615234375 0.0498046875
0 0.576171875 0.970703125 0.0859375 0.05859375
0 0.7109375 0.58544921875 0.07421875 0.1279296875
0 0.59228515625 0.23046875 0.0634765625 0.0546875
0 0.69580078125 0.80029296875 0.0732421875 0.0537109375
0 0.96337890625 0.388671875 0.0634765625 0.080078125
0 0.408203125 0.5791015625 0.119140625 0.123046875
0 0.77294921875 0.06591796875 0.0693359375 0.0595703125
0 0.77685546875 0.27783203125 0.0947265625 0.0771484375
0 0.4521484375 0.4296875 0.1015625 0.115234375
0 0.80712890625 0.50439453125 0.0751953125 0.1025390625
0 0.56787109375 0.427734375 0.1025390625 0.099609375
0 0.08984375 0.4716796875 0.076171875 0.0703125
0 0.1923828125 0.26123046875 0.06640625 0.0439453125
0 0.2158203125 0.7265625 0.087890625 0.05078125
0 0.5478515625 0.54638671875 0.09765625 0.1318359375
0 0.64404296875 0.9072265625 0.0556640625 0.064453125
