0 0.1455078125 0.9091796875 0.0625 0.0546875
0 0.5732421875 0.4287109375 0.103515625 0.083984375
0 0.93701171875 0.6455078125 0.0791015625 0.072265625
0 0.5498046875 0.52099609375 0.07421875 0.0595703125
0 0.8076171875 0.5498046875 0.060546875 0.068359375
0 0.7783203125 0.03271484375 0.06640625 0.0634765625
0 0.70703125 0.51318359375 0.083984375 0.0654296875
0 0.85791015625 0.783203125 0.0771484375 0.1015625
0 0.318359375 0.7138671875 0.068359375 0.07421875
0 0.7880859375 0.7373046875 0.056640625 0.07421875
0 0.3955078125 0.3671875 0.0546875 0.07421875
0 0.80859375 0.06640625 0.05078125 0.04296875
0 0.2177734375 0.62158203125 0.115234375 0.0869140625
0 0.68212890625 0.85498046875 0.0830078125 0.0712890625
0 0.62060546875 0.61376953125 0.0927734375 0.0634765625
0 0.67333984375 0.32470703125 0.0888671875 0.1123046875
0 0.578125 0.1982421875 0.05859375 0.05859375
0 0.0771484375 0.82568359375 0.078125 0.0732421875
0 0.6708984375 0.146484375 0.109375 0.056640625
0 0.9404296875 0.8671875 0.078125 0.0625
0 0.08935546875 0.30419921875 0.0537109375 0.0498046875
0 0.041015625 0.98779296875 0.08203125 0.0244140625
0 0.40576171875 0.96044921875 0.0654296875 0.0771484375
0 0.384765625 0.78466796875 0.08203125 0.0673828125
0 0.4150390625 0.45947265625 0.068359375 0.0986328125
0 0.20458984375 0.76806640625 0.1005859375 0.1064453125
0 0.6875 0.66357421875 0.0625 0.0517578125
0 0.7353515625 0.607421875 0.099609375 0.06640625
0 0.9716796875 0.9658203125 0.0546875 0.06640625
0 0.4716796875 0.71337890625 0.068359375 0.0634765625
0 0.01953125 0.7177734375 0.0390625 0.06640625
0 0.4501953125 0.544921875 0.091796875 0.068359375
0 0.91015625 0.08935546875 0.0546875 0.0537109375
0 0.892578125 0.2216796875 0.060546875 0.0625
0 0.2734375 0.55810546875 0.083984375 0.0595703125
0 0.5322265625 0.0390625 0.07421875 0.07421875
0 0.08642578125 0.02197265625 0.0576171875 0.0439453125
0 0.03515625 0.6162109375 0.0703125 0.0703125
0 0.06396484375 0.453125 0.1064453125 0.064453125
0 0.7080078125 0.98388671875 0.0546875 0.0302734375
0 0.470703125 0.64208984375 0.052734375 0.0537109375
0 0.34375 0.46435546875 0.046875 0.0576171875
0 0.705078125 0.76220703125 0.111328125 0.0673828125
0 0.283203125 0.0283203125 0.14453125 0.056640625
0 0.3154296875 0.8623046875 0.109375 0.1015625
0 0.30419921875 0.6025390625 0.0673828125 0.0625
0 0.81884765625 0.4052734375 0.0791015625 0.072265625
0 0.232421875 0.37890625 0.09765625 0.103515625
0 0.32568359375 0.185546875 0.0712890625 0.0703125
0 0.5947265625 0.66845703125 0.044921875 0.0615234375
0 0.91796875 0.44970703125 0.130859375 0.0771484375
0 0.8994140625 0.04833984375 0.056640625 0.0673828125
0 0.27197265625 0.95751953125 0.0986328125 0.0693359375
0 0.87109375 0.1298828125 0.064453125 0.0546875
