0 0.9580078125 0.2080078125 0.044921875 0.046875
0 0.919921875 0.4814453125 0.0703125 0.0546875
0 0.81494140625 0.35400390625 0.1181640625 0.0615234375
0 0.72265625 0.3203125 0.13671875 0.05078125
0 0.7275390625 0.5166015625 0.048828125 0.0859375
0 0.81689453125 0.41357421875 0.0654296875 0.0712890625
0 0.64794921875 0.52392578125 0.0654296875 0.0869140625
0 0.68798828125 0.61865234375 0.0673828125 0.0439453125
0 0.6865234375 0.6845703125 0.044921875 0.05078125
0 0.9580078125 0.7783203125 0.044921875 0.083984375
0 0.5068359375 0.90771484375 0.140625 0.0732421875
0 0.13623046875 0.95751953125 0.1201171875 0.0751953125
0 0.14404296875 0.841796875 0.0751953125 0.04296875
0 0.19921875 0.85498046875 0.05078125 0.1142578125
0 0.26513671875 0.837890625 0.0732421875 0.095703125
0 0.2734375 0.7314453125 0.1015625 0.103515625
0 0.3408203125 0.66455078125 0.048828125 0.0908203125
0 0.1884765625 0.68994140625 0.048828125 0.0537109375
0 0.3916015625 0.72265625 0.068359375 0.08984375
0 0.5615234375 0.7333984375 0.046875 0.046875
0 0.50146484375 0.6552734375 0.0615234375 0.048828125
0 0.49560546875 0.48828125 0.0849609375 0.146484375
0 0.53515625 0.408203125 0.04296875 0.099609375
0 0.2041015625 0.41162109375 0.10546875 0.0673828125
0 0.09521484375 0.458984375 0.0634765625 0.107421875
0 0.07080078125 0.31005859375 0.0595703125 0.0673828125
0 0.18505859375 0.17578125 0.0556640625 0.04296875
0 0.26025390625 0.1982421875 0.0517578125 0.04296875
0 0.33447265625 0.17578125 0.1337890625 0.0390625
0 0.43212890625 0.21533203125 0.0771484375 0.0576171875
0 0.5537109375 0.19384765625 0.095703125 0.0302734375
0 0.4375 0.07666015625 0.05859375 0.0810546875
0 0.21142578125 0.11669921875 0.0673828125 0.0419921875
0 0.611328125 0.04248046875 0.138671875 0.0283203125
0 0.75 0.09130859375 0.060546875 0.1142578125
0 0.8486328125 0.07421875 0.05078125 0.05078125
0 0.7431640625 0.2177734375 0.046875 0.044921875
0 0.537109375 0.3212890625 0.0390625 0.060546875
0 0.08203125 0.82373046875 0.048828125 0.1201171875
0 0.6611328125 0.43359375 0.046875 0.041015625
0 0.38232421875 0.0595703125 0.0595703125 0.0390625
0 0.8486328125 0.49951171875 0.076171875 0.1005859375
0 0.494140625 0.37646484375 0.0546875 0.0361328125
0 0.14599609375 0.69287109375 0.0302734375 0.0341796875
0 0.2021484375 0.75 0.037109375 0.0625
0 0.240234375 0.35302734375 0.05078125 0.0380859375
0 0.4384765625 0.279296875 0.052734375 0.046875
0 0.92919921875 0.78857421875 0.0654296875 0.0791015625
0 0.5361328125 0.69287109375 0.044921875 0.0380859375
0 0.72265625 0.14306640625 0.05078125 0.0634765625
0 0.5126953125 0.2724609375 0.05078125 0.052734375
0 0.4375 0.04931640625 0.05078125 0.0302734375
0 0.23681640625 0.04931640625 0.1025390625 0.0302734375
