0 0.27734375 0.41455078125 0.060546875 0.0576171875
0 0.8134765625 0.23583984375 0.08203125 0.0673828125
0 0.2060546875 0.22314453125 0.06640625 0.0419921875
0 0.73193359375 0.1806640625 0.0556640625 0.0625
0 0.07080078125 0.51806640625 0.1103515625 0.0673828125
0 0.97119140625 0.76953125 0.0556640625 0.04296875
0 0.6611328125 0.146484375 0.056640625 0.048828125
0 0.908203125 0.193359375 0.060546875 0.072265625
0 0.83447265625 0.30419921875 0.0849609375 0.0751953125
0 0.24609375 0.650390625 0.06640625 0.048828125
0 0.12060546875 0.23681640625 0.0732421875 0.0439453125
0 0.642578125 0.26416015625 0.115234375 0.0537109375
0 0.14599609375 0.326171875 0.0634765625 0.03125
0 0.673828125 0.322265625 0.0625 0.03515625
0 0.9326171875 0.34912109375 0.0859375 0.0595703125
0 0.93603515625 0.6240234375 0.0693359375 0.0703125
0 0.734375 0.55712890625 0.0625 0.0439453125
0 0.41943359375 0.1865234375 0.0439453125 0.0546875
0 0.3125 0.15869140625 0.0546875 0.0537109375
0 0.78173828125 0.15087890625 0.0498046875 0.0576171875
0 0.63671875 0.43701171875 0.09375 0.0517578125
0 0.24755859375 0.80810546875 0.0673828125 0.0576171875
0 0.75634765625 0.49560546875 0.0537109375 0.0419921875
0 0.34912109375 0.478515625 0.0732421875 0.0546875
0 0.7421875 0.41552734375 0.080078125 0.0458984375
0 0.724609375 0.1220703125 0.05078125 0.05078125
