0 0.189453125 0.333984375 0.044921875 0.046875
0 0.98583984375 0.24365234375 0.0283203125 0.0517578125
0 0.5322265625 0.82470703125 0.15234375 0.0732421875
0 0.7353515625 0.61767578125 0.115234375 0.0556640625
0 0.2958984375 0.26904296875 0.0390625 0.0458984375
0 0.5048828125 0.09912109375 0.037109375 0.0263671875
0 0.87109375 0.470703125 0.056640625 0.06640625
0 0.41064453125 0.8017578125 0.0615234375 0.087890625
0 0.544921875 0.87890625 0.107421875 0.044921875
0 0.13330078125 0.796875 0.1064453125 0.09375
0 0.25 0.0859375 0.068359375 0.09765625
0 0.70263671875 0.548828125 0.0615234375 0.099609375
0 0.53515625 0.96630859375 0.064453125 0.0673828125
0 0.95166015625 0.80615234375 0.0439453125 0.1220703125
0 0.82666015625 0.52734375 0.1103515625 0.064453125
0 0.35546875 0.76953125 0.0546875 0.08203125
0 0.97998046875 0.8779296875 0.0400390625 0.076171875
0 0.96826171875 0.09765625 0.0634765625 0.046875
0 0.84130859375 0.79443359375 0.1142578125 0.0517578125
0 0.46728515625 0.4033203125 0.1318359375 0.109375
0 0.50341796875 0.15576171875 0.0693359375 0.0537109375
0 0.755859375 0.734375 0.125 0.0546875
0 0.5556640625 0.07666015625 0.052734375 0.0576171875
0 0.09033203125 0.34912109375 0.0712890625 0.0595703125
0 0.427734375 0.53466796875 0.09765625 0.0869140625
0 0.7001953125 0.35986328125 0.052734375 0.0771484375
0 0.31201171875 0.09619140625 0.0771484375 0.0888671875
0 0.05517578125 0.92919921875 0.0908203125 0.1416015625
0 0.73828125 0.02685546875 0.15625 0.0517578125
0 0.97412109375 0.32421875 0.0517578125 0.087890625
0 0.01953125 0.291015625 0.0390625 0.09375
0 0.2314453125 0.73681640625 0.05859375 0.0732421875
0 0.64794921875 0.18212890625 0.2080078125 0.0615234375
0 0.8759765625 0.1787109375 0.076171875 0.056640625
0 0.9208984375 0.5703125 0.08984375 0.0625
0 0.97998046875 0.60498046875 0.0400390625 0.0478515625
0 0.3544921875 0.9140625 0.185546875 0.068359375
0 0.18505859375 0.1513671875 0.0361328125 0.080078125
0 0.9423828125 0.7099609375 0.078125 0.05859375
0 0.6875 0.79736328125 0.056640625 0.1064453125
0 0.34814453125 0.134765625 0.0419921875 0.103515625
0 0.171875 0.478515625 0.0390625 0.0390625
0 0.30810546875 0.65283203125 0.0419921875 0.0458984375
0 0.9697265625 0.03564453125 0.060546875 0.0498046875
0 0.82080078125 0.9287109375 0.1552734375 0.142578125
0 0.267578125 0.66162109375 0.046875 0.1123046875
0 0.53662109375 0.35009765625 0.0751953125 0.0830078125
0 0.84228515625 0.28125 0.0810546875 0.087890625
0 0.78466796875 0.166015625 0.1396484375 0.05859375
