0 0.93505859375 0.068359375 0.0302734375 0.03515625
0 0.91162109375 0.0556640625 0.0361328125 0.0390625
0 0.84765625 0.076171875 0.03515625 0.052734375
0 0.91943359375 0.1142578125 0.0322265625 0.0546875
0 0.9853515625 0.044921875 0.02734375 0.0625
0 0.81201171875 0.1435546875 0.0439453125 0.046875
0 0.67822265625 0.0087890625 0.0341796875 0.017578125
0 0.64404296875 0.00537109375 0.0322265625 0.0107421875
0 0.611328125 0.0283203125 0.02734375 0.056640625
0 0.509765625 0.08837890625 0.0546875 0.0654296875
0 0.49267578125 0.033203125 0.0400390625 0.052734375
0 0.56689453125 0.04296875 0.0615234375 0.0859375
0 0.58544921875 0.13525390625 0.0322265625 0.0419921875
0 0.6494140625 0.18505859375 0.0390625 0.0244140625
0 0.55126953125 0.20263671875 0.0419921875 0.0400390625
0 0.50146484375 0.21533203125 0.0263671875 0.0283203125
0 0.57421875 0.18408203125 0.0390625 0.0361328125
0 0.57373046875 0.09716796875 0.0380859375 0.0322265625
0 0.25390625 0.0146484375 0.03125 0.029296875
0 0.27783203125 0.015625 0.0205078125 0.025390625
0 0.2978515625 0.0390625 0.044921875 0.078125
0 0.2509765625 0.119140625 0.01953125 0.044921875
0 0.27197265625 0.142578125 0.0322265625 0.03515625
0 0.18701171875 0.19970703125 0.0400390625 0.0322265625
0 0.19140625 0.005859375 0.02734375 0.01171875
0 0.3232421875 0.18603515625 0.044921875 0.0615234375
0 0.24462890625 0.23828125 0.0341796875 0.05078125
0 0.26953125 0.24267578125 0.02734375 0.0400390625
0 0.271484375 0.19677734375 0.037109375 0.0439453125
0 0.029296875 0.10009765625 0.0234375 0.0302734375
0 0.169921875 0.3505859375 0.05078125 0.072265625
0 0.02294921875 0.40380859375 0.0322265625 0.0400390625
0 0.33935546875 0.34521484375 0.0341796875 0.0283203125
0 0.2392578125 0.326171875 0.03515625 0.04296875
0 0.2421875 0.29150390625 0.056640625 0.0478515625
0 0.2958984375 0.35498046875 0.046875 0.0419921875
0 0.4423828125 0.302734375 0.080078125 0.072265625
0 0.45068359375 0.337890625 0.0556640625 0.0390625
0 0.45654296875 0.37158203125 0.0439453125 0.0439453125
0 0.271484375 0.4091796875 0.033203125 0.04296875
0 0.32177734375 0.4375 0.0185546875 0.02734375
0 0.193359375 0.4541015625 0.044921875 0.025390625
0 0.62939453125 0.40869140625 0.0361328125 0.0302734375
0 0.67041015625 0.46923828125 0.0595703125 0.0537109375
0 0.8720703125 0.41455078125 0.0234375 0.0205078125
0 0.92822265625 0.392578125 0.0439453125 0.04296875
0 0.97509765625 0.3798828125 0.0498046875 0.044921875
0 0.86572265625 0.287109375 0.0380859375 0.037109375
0 0.83447265625 0.35546875 0.0244140625 0.03125
0 0.87451171875 0.23583984375 0.0400390625 0.0458984375
0 0.9189453125 0.23095703125 0.0546875 0.0654296875
0 0.93603515625 0.26708984375 0.0537109375 0.0478515625
0 0.9267578125 0.46240234375 0.04296875 0.0458984375
0 0.8974609375 0.4580078125 0.033203125 0.048828125
0 0.86328125 0.4755859375 0.02734375 0.029296875
0 0.84375 0.57177734375 0.0390625 0.0380859375
0 0.88671875 0.56787109375 0.0546875 0.0556640625
0 0.93798828125 0.60009765625 0.0830078125 0.0380859375
0 0.96875 0.63818359375 0.03515625 0.0419921875
0 0.93603515625 0.6435546875 0.0478515625 0.06640625
0 0.50634765625 0.5390625 0.0419921875 0.044921875
0 0.48291015625 0.5595703125 0.0361328125 0.037109375
0 0.33203125 0.52490234375 0.03125 0.0439453125
0 0.1865234375 0.50048828125 0.037109375 0.0341796875
0 0.28271484375 0.52294921875 0.0283203125 0.0283203125
0 0.2724609375 0.49658203125 0.060546875 0.0400390625
0 0.22998046875 0.501953125 0.0361328125 0.041015625
0 0.19775390625 0.59375 0.0439453125 0.044921875
0 0.20654296875 0.546875 0.0322265625 0.04296875
0 0.23974609375 0.5673828125 0.0439453125 0.068359375
0 0.0908203125 0.65234375 0.037109375 0.0390625
0 0.23388671875 0.68896484375 0.0322265625 0.0361328125
0 0.205078125 0.7080078125 0.03125 0.0390625
0 0.234375 0.72119140625 0.03125 0.0302734375
0 0.2880859375 0.71044921875 0.033203125 0.0361328125
0 0.28662109375 0.677734375 0.0302734375 0.03515625
0 0.17578125 0.75634765625 0.068359375 0.0341796875
0 0.240234375 0.75439453125 0.033203125 0.0322265625
0 0.2421875 0.787109375 0.048828125 0.029296875
0 0.14404296875 0.81103515625 0.0361328125 0.0400390625
0 0.41650390625 0.7880859375 0.1142578125 0.041015625
0 0.24609375 0.830078125 0.025390625 0.025390625
0 0.17333984375 0.837890625 0.0439453125 0.046875
0 0.21337890625 0.8828125 0.0341796875 0.037109375
0 0.30712890625 0.9287109375 0.0478515625 0.033203125
0 0.24462890625 0.9267578125 0.0478515625 0.041015625
0 0.24755859375 0.95556640625 0.0419921875 0.0283203125
0 0.318359375 0.97314453125 0.0390625 0.0537109375
0 0.43798828125 0.9482421875 0.0458984375 0.01953125
0 0.45849609375 0.85498046875 0.0341796875 0.0283203125
0 0.52099609375 0.90576171875 0.0263671875 0.0380859375
0 0.5654296875 0.6181640625 0.041015625 0.044921875
0 0.65625 0.642578125 0.06640625 0.029296875
0 0.666015625 0.66259765625 0.044921875 0.0224609375
0 0.5732421875 0.68017578125 0.03125 0.0263671875
0 0.5439453125 0.703125 0.044921875 0.029296875
0 0.57275390625 0.73779296875 0.0419921875 0.0380859375
0 0.58251953125 0.69921875 0.0302734375 0.037109375
0 0.64306640625 0.69921875 0.0908203125 0.06640625
0 0.60693359375 0.8681640625 0.0478515625 0.048828125
0 0.7998046875 0.71337890625 0.037109375 0.0458984375
0 0.88671875 0.7216796875 0.0703125 0.0390625
0 0.97265625 0.732421875 0.044921875 0.044921875
0 0.78515625 0.779296875 0.033203125 0.029296875
0 0.78173828125 0.8291015625 0.0419921875 0.060546875
0 0.88330078125 0.87255859375 0.0498046875 0.0361328125
0 0.87744140625 0.837890625 0.0400390625 0.052734375
0 0.830078125 0.89208984375 0.029296875 0.0322265625
0 0.796875 0.93603515625 0.03515625 0.0595703125
0 0.90185546875 0.9501953125 0.0693359375 0.052734375
0 0.931640625 0.990234375 0.052734375 0.01953125
0 0.603515625 0.9853515625 0.056640625 0.029296875
0 0.42724609375 0.9765625 0.0478515625 0.041015625
0 0.4697265625 0.97900390625 0.037109375 0.0419921875
0 0.50927734375 0.98583984375 0.0322265625 0.0283203125
0 0.94921875 0.41650390625 0.052734375 0.0361328125
0 0.29833984375 0.1416015625 0.0185546875 0.015625
0 0.27001953125 0.11767578125 0.0341796875 0.0322265625
