0 0.8505859375 0.60498046875 0.087890625 0.1162109375
0 0.27734375 0.18212890625 0.037109375 0.0458984375
0 0.359375 0.17138671875 0.056640625 0.0556640625
0 0.8759765625 0.78564453125 0.17578125 0.0791015625
0 0.533203125 0.216796875 0.0703125 0.052734375
0 0.4580078125 0.57666015625 0.064453125 0.0712890625
0 0.14794921875 0.029296875 0.0654296875 0.056640625
0 0.73095703125 0.34423828125 0.1376953125 0.0947265625
0 0.1552734375 0.5107421875 0.076171875 0.12109375
0 0.31884765625 0.50439453125 0.0966796875 0.1474609375
0 0.58642578125 0.1083984375 0.0576171875 0.072265625
0 0.9794921875 0.06982421875 0.041015625 0.0771484375
0 0.4443359375 0.38134765625 0.123046875 0.0751953125
0 0.71142578125 0.50439453125 0.0693359375 0.0673828125
0 0.69189453125 0.75927734375 0.0673828125 0.0849609375
0 0.3720703125 0.60400390625 0.060546875 0.0673828125
0 0.2958984375 0.642578125 0.0625 0.126953125
0 0.01611328125 0.6767578125 0.0322265625 0.099609375
0 0.6748046875 0.84716796875 0.0703125 0.0732421875
0 0.05029296875 0.080078125 0.1005859375 0.099609375
0 0.892578125 0.74951171875 0.16015625 0.0732421875
0 0.26513671875 0.34228515625 0.0595703125 0.1123046875
0 0.91845703125 0.40673828125 0.0927734375 0.0673828125
0 0.7158203125 0.95361328125 0.052734375 0.0576171875
0 0.671875 0.02880859375 0.05859375 0.0576171875
0 0.7607421875 0.2021484375 0.08203125 0.080078125
0 0.8564453125 0.138671875 0.05859375 0.0625
0 0.2333984375 0.9638671875 0.078125 0.072265625
0 0.9658203125 0.29833984375 0.06640625 0.0830078125
0 0.76171875 0.41650390625 0.083984375 0.0556640625
0 0.126953125 0.091796875 0.109375 0.05078125
0 0.9365234375 0.49072265625 0.08984375 0.0947265625
0 0.05126953125 0.8583984375 0.0693359375 0.15625
0 0.18310546875 0.20654296875 0.1669921875 0.1044921875
0 0.490234375 0.328125 0.107421875 0.052734375
0 0.41552734375 0.10791015625 0.0419921875 0.0712890625
0 0.52685546875 0.04296875 0.0830078125 0.0859375
0 0.166015625 0.7646484375 0.056640625 0.123046875
0 0.4794921875 0.12255859375 0.0625 0.0556640625
0 0.97216796875 0.9150390625 0.0517578125 0.169921875
0 0.9560546875 0.23193359375 0.05859375 0.0439453125
0 0.02978515625 0.21044921875 0.0595703125 0.0673828125
0 0.88623046875 0.9013671875 0.0712890625 0.138671875
0 0.6396484375 0.44140625 0.103515625 0.087890625
0 0.8154296875 0.84130859375 0.068359375 0.0732421875
0 0.798828125 0.52734375 0.0546875 0.056640625
0 0.42822265625 0.86572265625 0.0595703125 0.0830078125
0 0.51611328125 0.2822265625 0.0634765625 0.048828125
