0 0.22119140625 0.248046875 0.0419921875 0.048828125
0 0.62451171875 0.0302734375 0.0361328125 0.05859375
0 0.49560546875 0.86962890625 0.0869140625 0.0732421875
0 0.55908203125 0.15283203125 0.0341796875 0.0341796875
0 0.1962890625 0.7177734375 0.05859375 0.0859375
0 0.18603515625 0.97412109375 0.0341796875 0.0341796875
0 0.81494140625 0.86572265625 0.0634765625 0.0517578125
0 0.29443359375 0.9365234375 0.0341796875 0.037109375
0 0.32421875 0.09375 0.03515625 0.064453125
0 0.8388671875 0.49560546875 0.083984375 0.1044921875
0 0.84375 0.16064453125 0.06640625 0.0322265625
0 0.06201171875 0.1962890625 0.1162109375 0.046875
0 0.4248046875 0.18017578125 0.044921875 0.0732421875
0 0.16552734375 0.01953125 0.0849609375 0.0390625
0 0.66650390625 0.556640625 0.0400390625 0.0390625
0 0.814453125 0.6279296875 0.056640625 0.033203125
0 0.37548828125 0.22509765625 0.0634765625 0.0634765625
0 0.759765625 0.17431640625 0.02734375 0.0654296875
0 0.259765625 0.0751953125 0.0546875 0.056640625
0 0.78466796875 0.15380859375 0.0498046875 0.0361328125
0 0.169921875 0.16650390625 0.0546875 0.0537109375
0 0.48583984375 0.279296875 0.0458984375 0.033203125
0 0.07421875 0.62060546875 0.0859375 0.0556640625
0 0.69677734375 0.29736328125 0.0517578125 0.0517578125
0 0.79345703125 0.8125 0.0517578125 0.029296875
0 0.5439453125 0.71337890625 0.03125 0.0478515625
0 0.4716796875 0.08056640625 0.0546875 0.0517578125
0 0.2998046875 0.31689453125 0.076171875 0.0556640625
0 0.3203125 0.37451171875 0.052734375 0.0634765625
0 0.0498046875 0.75244140625 0.08203125 0.0712890625
0 0.029296875 0.13818359375 0.046875 0.0458984375
0 0.03515625 0.81103515625 0.052734375 0.0576171875
0 0.70166015625 0.7509765625 0.0576171875 0.06640625
0 0.9814453125 0.72509765625 0.03515625 0.0556640625
0 0.2421875 0.18798828125 0.052734375 0.0673828125
0 0.37158203125 0.5 0.0537109375 0.072265625
0 0.5810546875 0.2490234375 0.064453125 0.056640625
0 0.6044921875 0.6455078125 0.046875 0.046875
0 0.3203125 0.630859375 0.04296875 0.02734375
0 0.3857421875 0.115234375 0.033203125 0.037109375
0 0.44580078125 0.044921875 0.0263671875 0.052734375
0 0.62744140625 0.84716796875 0.0478515625 0.0615234375
0 0.2080078125 0.83935546875 0.04296875 0.0693359375
