0 0.796875 0.47412109375 0.146484375 0.1416015625
0 0.73095703125 0.27734375 0.1142578125 0.08984375
0 0.94921875 0.3671875 0.099609375 0.068359375
0 0.5341796875 0.4140625 0.189453125 0.11328125
0 0.6435546875 0.470703125 0.056640625 0.171875
0 0.873046875 0.3642578125 0.166015625 0.1484375
0 0.98876953125 0.9189453125 0.0205078125 0.029296875
0 0.89501953125 0.8251953125 0.0439453125 0.037109375
0 0.966796875 0.8017578125 0.064453125 0.052734375
0 0.95361328125 0.8876953125 0.0908203125 0.111328125
0 0.912109375 0.7724609375 0.041015625 0.037109375
0 0.935546875 0.7265625 0.095703125 0.0625
0 0.8642578125 0.6826171875 0.0703125 0.044921875
0 0.591796875 0.978515625 0.16796875 0.041015625
0 0.6376953125 0.802734375 0.103515625 0.06640625
0 0.681640625 0.890625 0.12890625 0.130859375
0 0.587890625 0.603515625 0.046875 0.080078125
0 0.548828125 0.56103515625 0.0546875 0.0400390625
0 0.68212890625 0.490234375 0.1689453125 0.05859375
0 0.583984375 0.53369140625 0.1640625 0.1298828125
0 0.474609375 0.56298828125 0.1484375 0.1650390625
0 0.60791015625 0.673828125 0.1376953125 0.05859375
0 0.748046875 0.71923828125 0.16015625 0.1455078125
0 0.96875 0.5791015625 0.060546875 0.060546875
0 0.18798828125 0.892578125 0.1650390625 0.150390625
0 0.16259765625 0.7470703125 0.0517578125 0.083984375
0 0.19287109375 0.76025390625 0.1884765625 0.0712890625
0 0.35009765625 0.8203125 0.1494140625 0.1484375
0 0.3291015625 0.70703125 0.0859375 0.193359375
0 0.17578125 0.36083984375 0.123046875 0.0869140625
0 0.22802734375 0.4267578125 0.1416015625 0.103515625
0 0.12939453125 0.61328125 0.0751953125 0.208984375
0 0.181640625 0.6396484375 0.1796875 0.048828125
0 0.0546875 0.66455078125 0.0703125 0.0869140625
0 0.01171875 0.62109375 0.0234375 0.10546875
0 0.056640625 0.75439453125 0.11328125 0.1806640625
0 0.212890625 0.09423828125 0.072265625 0.0791015625
0 0.138671875 0.1552734375 0.1015625 0.123046875
0 0.025390625 0.04345703125 0.048828125 0.0869140625
0 0.0810546875 0.10009765625 0.06640625 0.1572265625
0 0.556640625 0.1875 0.078125 0.125
0 0.70458984375 0.1787109375 0.1494140625 0.10546875
0 0.724609375 0.1435546875 0.171875 0.142578125
0 0.96533203125 0.146484375 0.0673828125 0.05078125
0 0.2998046875 0.29638671875 0.14453125 0.0439453125
0 0.73193359375 0.09619140625 0.1337890625 0.1923828125
0 0.865234375 0.03955078125 0.134765625 0.0791015625
0 0.271484375 0.0712890625 0.072265625 0.142578125
0 0.328125 0.04248046875 0.08984375 0.0673828125
0 0.55712890625 0.1953125 0.1923828125 0.12109375
0 0.3642578125 0.11181640625 0.185546875 0.1298828125
0 0.35888671875 0.19580078125 0.1767578125 0.1572265625
0 0.40966796875 0.16796875 0.0673828125 0.12890625
