0 0.072265625 0.0185546875 0.14453125 0.037109375
0 0.5830078125 0.162109375 0.046875 0.056640625
0 0.2724609375 0.7939453125 0.10546875 0.09375
0 0.12841796875 0.60302734375 0.0576171875 0.1201171875
0 0.45068359375 0.1640625 0.0908203125 0.0703125
0 0.482421875 0.0888671875 0.0625 0.07421875
0 0.083984375 0.42138671875 0.16796875 0.0927734375
0 0.0625 0.673828125 0.109375 0.080078125
0 0.4248046875 0.6953125 0.080078125 0.076171875
0 0.4638671875 0.79345703125 0.09765625 0.0791015625
0 0.490234375 0.89306640625 0.103515625 0.0576171875
0 0.6513671875 0.60302734375 0.171875 0.2412109375
0 0.8955078125 0.05419921875 0.20703125 0.1083984375
0 0.57666015625 0.3408203125 0.0576171875 0.06640625
0 0.43359375 0.2529296875 0.11328125 0.111328125
0 0.52685546875 0.16845703125 0.1083984375 0.0634765625
0 0.4677734375 0.46435546875 0.0703125 0.1982421875
0 0.54931640625 0.08203125 0.0654296875 0.134765625
0 0.75 0.10205078125 0.259765625 0.0947265625
0 0.76708984375 0.22509765625 0.0810546875 0.0869140625
0 0.66455078125 0.90576171875 0.0830078125 0.1103515625
0 0.9140625 0.52978515625 0.048828125 0.0419921875
0 0.77001953125 0.16796875 0.1298828125 0.091796875
0 0.6240234375 0.73046875 0.0859375 0.16796875
0 0.1806640625 0.81640625 0.166015625 0.205078125
0 0.69384765625 0.7412109375 0.0712890625 0.083984375
0 0.0771484375 0.26123046875 0.0625 0.0810546875
0 0.828125 0.3798828125 0.2265625 0.087890625
0 0.31640625 0.74365234375 0.251953125 0.0556640625
0 0.72021484375 0.5751953125 0.0986328125 0.087890625
0 0.52197265625 0.93359375 0.0595703125 0.130859375
0 0.49267578125 0.39892578125 0.0732421875 0.2294921875
0 0.521484375 0.24609375 0.09765625 0.06640625
0 0.92578125 0.28955078125 0.0390625 0.0654296875
0 0.11962890625 0.83935546875 0.1572265625 0.1357421875
0 0.50830078125 0.4814453125 0.1552734375 0.16015625
0 0.974609375 0.74658203125 0.05078125 0.0478515625
0 0.9765625 0.92626953125 0.046875 0.0439453125
0 0.673828125 0.6005859375 0.05859375 0.05859375
0 0.8125 0.1455078125 0.072265625 0.046875
0 0.02978515625 0.59619140625 0.0595703125 0.0595703125
0 0.763671875 0.90966796875 0.171875 0.1044921875
0 0.9814453125 0.10009765625 0.03515625 0.0810546875
0 0.47021484375 0.97607421875 0.0673828125 0.0478515625
0 0.37060546875 0.70556640625 0.0791015625 0.0810546875
0 0.38671875 0.02001953125 0.064453125 0.0400390625
