0 0.037109375 0.0126953125 0.07421875 0.025390625
0 0.0654296875 0.6796875 0.0859375 0.158203125
0 0.3974609375 0.771484375 0.056640625 0.091796875
0 0.03759765625 0.4443359375 0.0751953125 0.119140625
0 0.169921875 0.7529296875 0.103515625 0.130859375
0 0.16796875 0.0263671875 0.06640625 0.052734375
0 0.1796875 0.35595703125 0.08984375 0.0732421875
0 0.6416015625 0.70947265625 0.14453125 0.1650390625
0 0.7763671875 0.02294921875 0.046875 0.0380859375
0 0.09228515625 0.076171875 0.0576171875 0.060546875
0 0.3359375 0.7080078125 0.072265625 0.0859375
0 0.90234375 0.04541015625 0.1328125 0.0869140625
0 0.59130859375 0.7626953125 0.0732421875 0.078125
0 0.060546875 0.275390625 0.060546875 0.056640625
0 0.82470703125 0.89599609375 0.0947265625 0.1962890625
0 0.5185546875 0.9619140625 0.09765625 0.072265625
0 0.19384765625 0.74658203125 0.0849609375 0.1787109375
0 0.07470703125 0.12841796875 0.0537109375 0.0498046875
0 0.50390625 0.2294921875 0.068359375 0.1953125
0 0.70166015625 0.02978515625 0.1025390625 0.0595703125
0 0.45556640625 0.56640625 0.1162109375 0.177734375
0 0.2421875 0.5595703125 0.083984375 0.189453125
0 0.53125 0.69775390625 0.0703125 0.1279296875
0 0.8515625 0.33740234375 0.20703125 0.1826171875
0 0.34228515625 0.37744140625 0.0966796875 0.0849609375
0 0.04345703125 0.90380859375 0.0869140625 0.1298828125
0 0.30712890625 0.94482421875 0.1298828125 0.1044921875
0 0.65234375 0.1552734375 0.09765625 0.107421875
0 0.58544921875 0.14892578125 0.0771484375 0.1650390625
0 0.35302734375 0.9345703125 0.0400390625 0.052734375
0 0.6708984375 0.37060546875 0.03515625 0.1064453125
0 0.60205078125 0.44775390625 0.1318359375 0.2138671875
0 0.94873046875 0.5791015625 0.0908203125 0.302734375
0 0.6806640625 0.96923828125 0.08984375 0.0615234375
0 0.15234375 0.4970703125 0.076171875 0.13671875
0 0.27099609375 0.02783203125 0.1298828125 0.0556640625
0 0.1728515625 0.14013671875 0.068359375 0.1279296875
