0 0.9443359375 0.009765625 0.111328125 0.01953125
0 0.2314453125 0.142578125 0.197265625 0.1328125
0 0.146484375 0.11328125 0.0703125 0.05078125
0 0.037109375 0.359375 0.07421875 0.1015625
0 0.27734375 0.333984375 0.078125 0.11328125
0 0.427734375 0.3466796875 0.09375 0.142578125
0 0.681640625 0.3173828125 0.1484375 0.068359375
0 0.6533203125 0.4111328125 0.224609375 0.138671875
0 0.193359375 0.9658203125 0.078125 0.068359375
0 0.7509765625 0.7099609375 0.158203125 0.068359375
0 0.861328125 0.673828125 0.09375 0.09375
0 0.966796875 0.71484375 0.06640625 0.046875
0 0.513671875 0.732421875 0.12109375 0.19140625
0 0.3896484375 0.5595703125 0.130859375 0.060546875
0 0.3935546875 0.6455078125 0.087890625 0.068359375
0 0.5615234375 0.6240234375 0.142578125 0.095703125
0 0.9638671875 0.4658203125 0.072265625 0.087890625
0 0.8154296875 0.5458984375 0.103515625 0.052734375
0 0.9296875 0.5458984375 0.140625 0.072265625
0 0.80859375 0.4248046875 0.12890625 0.080078125
0 0.7626953125 0.3857421875 0.091796875 0.048828125
