0 0.72705078125 0.04150390625 0.0791015625 0.0634765625
0 0.65283203125 0.02734375 0.0673828125 0.0546875
0 0.87841796875 0.0615234375 0.0732421875 0.037109375
0 0.83642578125 0.1328125 0.0908203125 0.12109375
0 0.92138671875 0.1904296875 0.1083984375 0.181640625
0 0.66357421875 0.2236328125 0.0556640625 0.0703125
0 0.65380859375 0.30419921875 0.0556640625 0.0751953125
0 0.75634765625 0.291015625 0.0595703125 0.078125
0 0.72607421875 0.24609375 0.0732421875 0.076171875
0 0.810546875 0.3818359375 0.05859375 0.06640625
0 0.74267578125 0.4287109375 0.0849609375 0.078125
0 0.6748046875 0.63037109375 0.052734375 0.0595703125
0 0.63037109375 0.705078125 0.0849609375 0.0859375
0 0.6494140625 0.7685546875 0.0625 0.052734375
0 0.556640625 0.74267578125 0.072265625 0.0693359375
0 0.5576171875 0.78173828125 0.0703125 0.0810546875
0 0.5771484375 0.68701171875 0.005859375 0.0048828125
0 0.5068359375 0.70361328125 0.08984375 0.0732421875
0 0.45263671875 0.775390625 0.0654296875 0.083984375
0 0.451171875 0.638671875 0.0859375 0.09765625
0 0.54443359375 0.626953125 0.0869140625 0.125
0 0.396484375 0.6865234375 0.072265625 0.22265625
0 0.26123046875 0.55078125 0.0419921875 0.037109375
0 0.31201171875 0.71240234375 0.1396484375 0.2236328125
0 0.134765625 0.5400390625 0.087890625 0.05859375
0 0.16064453125 0.697265625 0.0810546875 0.12890625
0 0.08935546875 0.6376953125 0.0673828125 0.078125
0 0.10400390625 0.7060546875 0.0712890625 0.064453125
0 0.0859375 0.77783203125 0.119140625 0.0458984375
0 0.3701171875 0.931640625 0.046875 0.12890625
0 0.68603515625 0.9111328125 0.0732421875 0.072265625
0 0.912109375 0.943359375 0.044921875 0.056640625
0 0.044921875 0.94921875 0.0546875 0.0546875
0 0.1572265625 0.8876953125 0.119140625 0.130859375
0 0.37255859375 0.3857421875 0.0556640625 0.05859375
0 0.33203125 0.31201171875 0.076171875 0.0771484375
0 0.28173828125 0.40966796875 0.0595703125 0.0595703125
0 0.20166015625 0.3740234375 0.0771484375 0.05859375
0 0.20556640625 0.30810546875 0.0908203125 0.0908203125
0 0.611328125 0.13818359375 0.05078125 0.0576171875
0 0.54150390625 0.12646484375 0.0751953125 0.0595703125
0 0.3759765625 0.13818359375 0.10546875 0.0693359375
0 0.26904296875 0.17138671875 0.0751953125 0.1123046875
0 0.31201171875 0.0556640625 0.0615234375 0.07421875
0 0.08447265625 0.08349609375 0.0400390625 0.0419921875
0 0.0439453125 0.0234375 0.087890625 0.046875
0 0.37060546875 0.2177734375 0.2001953125 0.234375
0 0.853515625 0.97021484375 0.056640625 0.0595703125
0 0.56982421875 0.00927734375 0.0439453125 0.0185546875
0 0.0205078125 0.95751953125 0.041015625 0.0849609375
0 0.0107421875 0.724609375 0.021484375 0.05859375
0 0.02001953125 0.6826171875 0.0400390625 0.064453125
0 0.0185546875 0.4970703125 0.037109375 0.0625
0 0.01416015625 0.08251953125 0.0283203125 0.0556640625
0 0.01171875 0.16015625 0.0234375 0.09765625
0 0.66748046875 0.98388671875 0.1162109375 0.0322265625
0 0.76025390625 0.98193359375 0.0732421875 0.0361328125
0 0.1884765625 0.97705078125 0.064453125 0.0458984375
0 0.5029296875 0.705078125 0.080078125 0.078125
0 0.23583984375 0.32177734375 0.0517578125 0.0693359375
0 0.3076171875 0.322265625 0.03515625 0.06640625
