0 0.63427734375 0.0830078125 0.1416015625 0.056640625
0 0.48193359375 0.0166015625 0.0869140625 0.033203125
0 0.962890625 0.6884765625 0.07421875 0.09375
0 0.1533203125 0.92138671875 0.099609375 0.1474609375
0 0.0791015625 0.02880859375 0.103515625 0.0576171875
0 0.2880859375 0.91748046875 0.07421875 0.1279296875
0 0.70654296875 0.57177734375 0.1005859375 0.0556640625
0 0.5224609375 0.28857421875 0.09765625 0.0576171875
0 0.3037109375 0.8837890625 0.0625 0.095703125
0 0.95654296875 0.0625 0.0830078125 0.05078125
0 0.0869140625 0.5830078125 0.08203125 0.08203125
0 0.65869140625 0.8125 0.0537109375 0.08203125
0 0.412109375 0.24951171875 0.09375 0.0654296875
0 0.59423828125 0.56494140625 0.1884765625 0.1943359375
0 0.09326171875 0.88916015625 0.1201171875 0.1396484375
0 0.42724609375 0.091796875 0.0595703125 0.064453125
0 0.064453125 0.49365234375 0.0625 0.0634765625
0 0.12353515625 0.46240234375 0.0751953125 0.0849609375
0 0.611328125 0.21240234375 0.109375 0.0615234375
0 0.80859375 0.29296875 0.193359375 0.0703125
0 0.9140625 0.85205078125 0.08984375 0.1630859375
0 0.5322265625 0.1845703125 0.07421875 0.07421875
0 0.05126953125 0.74267578125 0.0615234375 0.1142578125
0 0.03759765625 0.26611328125 0.0751953125 0.0615234375
0 0.9697265625 0.10546875 0.060546875 0.05078125
0 0.30712890625 0.21923828125 0.0947265625 0.0849609375
0 0.46337890625 0.35205078125 0.1005859375 0.1279296875
0 0.6201171875 0.9228515625 0.140625 0.115234375
0 0.337890625 0.0478515625 0.0625 0.06640625
0 0.5361328125 0.02392578125 0.080078125 0.0419921875
0 0.61279296875 0.1201171875 0.0869140625 0.064453125
0 0.7509765625 0.9599609375 0.05078125 0.080078125
0 0.92919921875 0.1484375 0.0791015625 0.05859375
0 0.81298828125 0.38525390625 0.1708984375 0.0791015625
0 0.01904296875 0.337890625 0.0380859375 0.087890625
0 0.48486328125 0.9541015625 0.1064453125 0.087890625
0 0.0302734375 0.91455078125 0.060546875 0.1162109375
0 0.66552734375 0.29443359375 0.1337890625 0.0537109375
0 0.3681640625 0.9541015625 0.0625 0.091796875
0 0.51220703125 0.87109375 0.0869140625 0.1484375
0 0.80126953125 0.7763671875 0.0849609375 0.087890625
0 0.42236328125 0.201171875 0.0771484375 0.087890625
