0 0.0859375 0.1044921875 0.0859375 0.072265625
0 0.0771484375 0.2041015625 0.091796875 0.150390625
0 0.220703125 0.037109375 0.06640625 0.07421875
0 0.662109375 0.275390625 0.125 0.0625
0 0.3388671875 0.326171875 0.091796875 0.16015625
0 0.634765625 0.5224609375 0.10546875 0.080078125
0 0.2265625 0.5439453125 0.17578125 0.083984375
0 0.05078125 0.6787109375 0.1015625 0.138671875
0 0.5458984375 0.609375 0.111328125 0.0859375
0 0.919921875 0.2861328125 0.09765625 0.142578125
0 0.9677734375 0.6787109375 0.064453125 0.123046875
0 0.7998046875 0.6396484375 0.068359375 0.115234375
0 0.6083984375 0.8349609375 0.107421875 0.083984375
0 0.533203125 0.87109375 0.2109375 0.16015625
0 0.244140625 0.951171875 0.1328125 0.09765625
0 0.0830078125 0.96484375 0.123046875 0.0703125
0 0.95703125 0.8701171875 0.0859375 0.130859375
