0 0.02734375 0.1494140625 0.0546875 0.0625
0 0.3818359375 0.6328125 0.185546875 0.09765625
0 0.8935546875 0.4091796875 0.08984375 0.05078125
0 0.49365234375 0.9736328125 0.1318359375 0.048828125
0 0.5048828125 0.52880859375 0.130859375 0.0439453125
0 0.40625 0.41552734375 0.13671875 0.0771484375
0 0.94482421875 0.21142578125 0.1103515625 0.0556640625
0 0.60302734375 0.74365234375 0.0751953125 0.0673828125
0 0.208984375 0.11279296875 0.060546875 0.1298828125
0 0.26220703125 0.64453125 0.0771484375 0.091796875
0 0.76611328125 0.53564453125 0.0712890625 0.1513671875
0 0.95556640625 0.65625 0.0869140625 0.09375
0 0.07666015625 0.64453125 0.0751953125 0.0625
0 0.9697265625 0.69580078125 0.060546875 0.0419921875
0 0.9755859375 0.12890625 0.04296875 0.033203125
0 0.82275390625 0.4833984375 0.0712890625 0.13671875
0 0.9462890625 0.03466796875 0.10546875 0.0693359375
0 0.83349609375 0.10302734375 0.1474609375 0.0615234375
0 0.55322265625 0.5673828125 0.1298828125 0.111328125
0 0.36376953125 0.2802734375 0.1201171875 0.072265625
0 0.38916015625 0.794921875 0.1103515625 0.0625
0 0.25927734375 0.33935546875 0.0498046875 0.0380859375
0 0.1259765625 0.22119140625 0.0703125 0.0595703125
0 0.73681640625 0.05419921875 0.1435546875 0.0869140625
0 0.27587890625 0.84130859375 0.1591796875 0.1025390625
0 0.7431640625 0.1044921875 0.078125 0.08984375
0 0.63818359375 0.1181640625 0.1650390625 0.06640625
0 0.9375 0.73583984375 0.123046875 0.0537109375
0 0.90478515625 0.7822265625 0.1904296875 0.060546875
0 0.96875 0.43408203125 0.060546875 0.0810546875
0 0.15380859375 0.37939453125 0.2099609375 0.0693359375
0 0.47607421875 0.796875 0.0693359375 0.05859375
0 0.47119140625 0.1474609375 0.1806640625 0.1015625
0 0.05517578125 0.07470703125 0.0615234375 0.0693359375
0 0.89404296875 0.17724609375 0.1376953125 0.0498046875
0 0.1025390625 0.5263671875 0.06640625 0.05078125
0 0.51416015625 0.67041015625 0.1884765625 0.0751953125
0 0.96875 0.52294921875 0.060546875 0.0771484375
0 0.94482421875 0.8896484375 0.1103515625 0.052734375
0 0.22998046875 0.203125 0.1181640625 0.091796875
0 0.02294921875 0.45361328125 0.0458984375 0.0673828125
0 0.11376953125 0.4501953125 0.1220703125 0.09765625
0 0.1142578125 0.92822265625 0.0390625 0.0576171875
0 0.8408203125 0.16064453125 0.107421875 0.0927734375
0 0.55810546875 0.82958984375 0.0888671875 0.0458984375
0 0.09423828125 0.88134765625 0.0595703125 0.0595703125
0 0.158203125 0.056640625 0.14453125 0.080078125
0 0.59765625 0.05419921875 0.111328125 0.1083984375
0 0.15673828125 0.6943359375 0.0419921875 0.087890625
0 0.79541015625 0.98095703125 0.1474609375 0.0361328125
0 0.98193359375 0.2763671875 0.0361328125 0.05078125
0 0.833984375 0.41455078125 0.15234375 0.1083984375
0 0.87646484375 0.70068359375 0.1630859375 0.0947265625
0 0.9755859375 0.61572265625 0.046875 0.0458984375
0 0.6259765625 0.38525390625 0.080078125 0.1103515625
0 0.27392578125 0.91064453125 0.0458984375 0.0849609375
0 0.3525390625 0.88916015625 0.0703125 0.1005859375
0 0.78369140625 0.8525390625 0.0966796875 0.0546875
0 0.03076171875 0.541015625 0.0595703125 0.07421875
0 0.9013671875 0.01806640625 0.056640625 0.0361328125
0 0.57958984375 0.19775390625 0.0888671875 0.0556640625
0 0.8896484375 0.8525390625 0.171875 0.125
0 0.48095703125 0.2294921875 0.1259765625 0.15234375
