0 0.72802734375 0.91650390625 0.0556640625 0.1298828125
0 0.97705078125 0.66748046875 0.0458984375 0.0693359375
0 0.03564453125 0.29541015625 0.0712890625 0.0517578125
0 0.03125 0.07861328125 0.060546875 0.0400390625
0 0.07275390625 0.203125 0.0732421875 0.091796875
0 0.86767578125 0.04931640625 0.1044921875 0.0712890625
0 0.04248046875 0.10302734375 0.0654296875 0.0400390625
0 0.06396484375 0.53857421875 0.0927734375 0.0908203125
0 0.88671875 0.69287109375 0.13671875 0.1416015625
0 0.03759765625 0.03125 0.0751953125 0.052734375
0 0.03857421875 0.94580078125 0.0771484375 0.0888671875
0 0.96142578125 0.37255859375 0.0771484375 0.0791015625
0 0.95263671875 0.5712890625 0.0947265625 0.119140625
0 0.16162109375 0.177734375 0.0810546875 0.080078125
0 0.93359375 0.40771484375 0.1015625 0.0751953125
0 0.1455078125 0.0205078125 0.107421875 0.041015625
0 0.7060546875 0.400390625 0.10546875 0.052734375
0 0.02734375 0.35498046875 0.0546875 0.0888671875
0 0.12255859375 0.85546875 0.1337890625 0.078125
0 0.01416015625 0.123046875 0.0283203125 0.048828125
0 0.126953125 0.40185546875 0.11328125 0.1826171875
