0 0.509765625 0.380859375 0.083984375 0.078125
0 0.97998046875 0.1767578125 0.0380859375 0.03515625
0 0.68505859375 0.20361328125 0.0654296875 0.0439453125
0 0.16845703125 0.85205078125 0.0478515625 0.0595703125
0 0.6474609375 0.37939453125 0.0546875 0.0517578125
0 0.138671875 0.58642578125 0.06640625 0.0595703125
0 0.654296875 0.044921875 0.0625 0.068359375
0 0.42431640625 0.9140625 0.0322265625 0.0234375
0 0.26025390625 0.86669921875 0.0419921875 0.0302734375
0 0.8310546875 0.43798828125 0.048828125 0.0537109375
0 0.740234375 0.05517578125 0.048828125 0.0439453125
0 0.90234375 0.63427734375 0.068359375 0.1005859375
0 0.69384765625 0.4873046875 0.0830078125 0.05078125
0 0.10693359375 0.29052734375 0.0693359375 0.0615234375
0 0.037109375 0.9091796875 0.044921875 0.060546875
0 0.46435546875 0.94921875 0.1025390625 0.08203125
0 0.05615234375 0.234375 0.0712890625 0.05859375
0 0.7861328125 0.9375 0.064453125 0.060546875
0 0.83447265625 0.896484375 0.0712890625 0.05078125
0 0.5849609375 0.849609375 0.10546875 0.072265625
0 0.90576171875 0.18359375 0.0556640625 0.07421875
0 0.97412109375 0.43798828125 0.0517578125 0.0693359375
0 0.283203125 0.4111328125 0.05859375 0.05078125
0 0.36474609375 0.138671875 0.0595703125 0.04296875
0 0.40673828125 0.052734375 0.0283203125 0.041015625
0 0.30712890625 0.16748046875 0.0654296875 0.0361328125
0 0.15234375 0.45458984375 0.1171875 0.0830078125
0 0.02685546875 0.34375 0.0537109375 0.076171875
0 0.951171875 0.83251953125 0.0546875 0.0517578125
0 0.4609375 0.11962890625 0.052734375 0.0361328125
0 0.03466796875 0.6279296875 0.0439453125 0.080078125
0 0.6318359375 0.3017578125 0.068359375 0.091796875
0 0.056640625 0.93408203125 0.060546875 0.0537109375
0 0.49462890625 0.6806640625 0.0908203125 0.0703125
0 0.720703125 0.97509765625 0.08203125 0.0458984375
0 0.92724609375 0.20703125 0.0400390625 0.037109375
0 0.43408203125 0.26953125 0.0576171875 0.04296875
0 0.07763671875 0.763671875 0.1357421875 0.11328125
0 0.955078125 0.5244140625 0.083984375 0.064453125
0 0.27001953125 0.72998046875 0.0576171875 0.0478515625
0 0.81787109375 0.681640625 0.0810546875 0.068359375
0 0.7880859375 0.11962890625 0.078125 0.0576171875
0 0.17431640625 0.93505859375 0.0771484375 0.0458984375
0 0.359375 0.919921875 0.072265625 0.037109375
0 0.15673828125 0.01318359375 0.0517578125 0.0263671875
0 0.41845703125 0.21728515625 0.0810546875 0.0615234375
0 0.33984375 0.21337890625 0.05859375 0.0673828125
0 0.44970703125 0.47802734375 0.0986328125 0.0732421875
0 0.18896484375 0.38623046875 0.0439453125 0.0380859375
0 0.572265625 0.12939453125 0.05859375 0.0556640625
0 0.3173828125 0.7431640625 0.103515625 0.11328125
0 0.7744140625 0.158203125 0.0703125 0.091796875
0 0.53662109375 0.2216796875 0.0498046875 0.07421875
0 0.14697265625 0.353515625 0.0810546875 0.109375
0 0.16650390625 0.18359375 0.0439453125 0.046875
0 0.10693359375 0.0830078125 0.0478515625 0.06640625
0 0.2880859375 0.63671875 0.07421875 0.0703125
0 0.68896484375 0.66357421875 0.0478515625 0.0302734375
0 0.970703125 0.33837890625 0.05859375 0.0458984375
0 0.9130859375 0.74853515625 0.041015625 0.0478515625
0 0.3681640625 0.8251953125 0.056640625 0.04296875
