0 0.97705078125 0.6884765625 0.0419921875 0.130859375
0 0.94580078125 0.50927734375 0.1083984375 0.1904296875
0 0.0419921875 0.80322265625 0.080078125 0.2119140625
0 0.50830078125 0.60791015625 0.1728515625 0.1474609375
0 0.880859375 0.69580078125 0.1171875 0.1630859375
0 0.38623046875 0.06005859375 0.1162109375 0.1201171875
0 0.78857421875 0.333984375 0.1416015625 0.333984375
0 0.45947265625 0.36962890625 0.2744140625 0.2509765625
0 0.45947265625 0.97216796875 0.2548828125 0.0517578125
0 0.7060546875 0.29296875 0.287109375 0.15234375
0 0.22265625 0.75244140625 0.091796875 0.1025390625
