0 0.55419921875 0.595703125 0.0830078125 0.072265625
0 0.14111328125 0.08935546875 0.1376953125 0.1552734375
0 0.66650390625 0.775390625 0.1123046875 0.115234375
0 0.40087890625 0.76025390625 0.0439453125 0.0419921875
0 0.56005859375 0.30224609375 0.1044921875 0.0947265625
0 0.11181640625 0.845703125 0.0849609375 0.091796875
0 0.083984375 0.7490234375 0.134765625 0.103515625
0 0.18359375 0.314453125 0.060546875 0.06640625
0 0.716796875 0.5830078125 0.080078125 0.076171875
0 0.810546875 0.36474609375 0.111328125 0.0947265625
0 0.095703125 0.5146484375 0.11328125 0.080078125
0 0.6484375 0.9599609375 0.09765625 0.080078125
0 0.6787109375 0.66064453125 0.099609375 0.1298828125
0 0.82958984375 0.73974609375 0.0947265625 0.0947265625
0 0.8095703125 0.07958984375 0.080078125 0.0693359375
0 0.828125 0.87890625 0.091796875 0.091796875
0 0.78564453125 0.14501953125 0.0712890625 0.1103515625
0 0.90087890625 0.41357421875 0.0673828125 0.1083984375
0 0.50048828125 0.61865234375 0.0634765625 0.0927734375
0 0.6259765625 0.2373046875 0.0625 0.0859375
