0 0.9580078125 0.6318359375 0.068359375 0.126953125
0 0.8544921875 0.01171875 0.03515625 0.0234375
0 0.90771484375 0.005859375 0.0283203125 0.01171875
0 0.9716796875 0.3525390625 0.0546875 0.19140625
0 0.88525390625 0.2080078125 0.1943359375 0.140625
0 0.8818359375 0.08984375 0.060546875 0.126953125
0 0.67333984375 0.1484375 0.0595703125 0.123046875
0 0.79296875 0.373046875 0.03515625 0.078125
0 0.71826171875 0.3779296875 0.0478515625 0.146484375
0 0.70654296875 0.34033203125 0.0302734375 0.0947265625
0 0.69384765625 0.2373046875 0.0341796875 0.0546875
0 0.63134765625 0.23583984375 0.0517578125 0.1025390625
0 0.6826171875 0.29150390625 0.037109375 0.0830078125
0 0.66064453125 0.32080078125 0.0419921875 0.0439453125
0 0.638671875 0.34716796875 0.099609375 0.1025390625
0 0.53125 0.2822265625 0.123046875 0.158203125
0 0.5302734375 0.1923828125 0.044921875 0.076171875
0 0.3828125 0.20263671875 0.072265625 0.2333984375
0 0.44677734375 0.39111328125 0.0439453125 0.1123046875
0 0.3359375 0.0400390625 0.1640625 0.080078125
0 0.07568359375 0.02587890625 0.1513671875 0.0517578125
0 0.146484375 0.25 0.16015625 0.046875
0 0.005859375 0.3671875 0.01171875 0.037109375
0 0.0751953125 0.52587890625 0.12109375 0.1494140625
0 0.27490234375 0.5 0.0908203125 0.05859375
0 0.2841796875 0.54736328125 0.078125 0.0380859375
0 0.68359375 0.5498046875 0.060546875 0.05078125
0 0.6181640625 0.4931640625 0.068359375 0.099609375
0 0.28271484375 0.6982421875 0.0849609375 0.095703125
0 0.32275390625 0.623046875 0.0771484375 0.037109375
0 0.232421875 0.6005859375 0.140625 0.04296875
0 0.0849609375 0.78955078125 0.087890625 0.0712890625
0 0.1240234375 0.8525390625 0.064453125 0.048828125
0 0.21337890625 0.90087890625 0.0576171875 0.0439453125
0 0.359375 0.76025390625 0.046875 0.0283203125
0 0.412109375 0.6298828125 0.0390625 0.080078125
0 0.50830078125 0.6005859375 0.0322265625 0.044921875
0 0.50341796875 0.916015625 0.1591796875 0.076171875
0 0.29296875 0.9814453125 0.125 0.037109375
0 0.060546875 0.7197265625 0.115234375 0.046875
0 0.06494140625 0.74658203125 0.0361328125 0.0283203125
0 0.28466796875 0.7451171875 0.0751953125 0.033203125
0 0.8603515625 0.6826171875 0.046875 0.044921875
0 0.96484375 0.6396484375 0.0703125 0.0546875
0 0.921875 0.9921875 0.033203125 0.015625
0 0.69677734375 0.74755859375 0.0615234375 0.0849609375
0 0.5947265625 0.6494140625 0.0703125 0.095703125
0 0.6826171875 0.6220703125 0.03515625 0.091796875
0 0.63671875 0.5673828125 0.052734375 0.056640625
0 0.65283203125 0.703125 0.0458984375 0.1328125
0 0.787109375 0.9794921875 0.037109375 0.037109375
0 0.609375 0.80126953125 0.037109375 0.0751953125
0 0.6083984375 0.75048828125 0.10546875 0.0576171875
0 0.60498046875 0.71142578125 0.0263671875 0.0263671875
0 0.9482421875 0.75341796875 0.04296875 0.0244140625
0 0.54150390625 0.8203125 0.0263671875 0.03515625
0 0.07275390625 0.66552734375 0.0263671875 0.0263671875
0 0.03369140625 0.6572265625 0.0205078125 0.017578125
0 0.09912109375 0.68359375 0.0224609375 0.021484375
0 0.97900390625 0.5869140625 0.0419921875 0.056640625
0 0.87890625 0.12353515625 0.0703125 0.0517578125
0 0.48046875 0.22998046875 0.05078125 0.0791015625
