0 0.8134765625 0.1982421875 0.072265625 0.056640625
0 0.787109375 0.3408203125 0.08984375 0.091796875
0 0.6982421875 0.63330078125 0.09765625 0.0830078125
0 0.955078125 0.7373046875 0.080078125 0.06640625
0 0.97705078125 0.25732421875 0.0439453125 0.0517578125
0 0.87060546875 0.60693359375 0.0927734375 0.0849609375
0 0.96875 0.19921875 0.0625 0.0703125
0 0.9248046875 0.5556640625 0.080078125 0.087890625
0 0.85693359375 0.04931640625 0.1416015625 0.0771484375
0 0.87744140625 0.27880859375 0.0673828125 0.0654296875
0 0.77099609375 0.66943359375 0.0771484375 0.0751953125
0 0.71875 0.47265625 0.0546875 0.060546875
0 0.94091796875 0.82763671875 0.0751953125 0.0595703125
0 0.92333984375 0.65185546875 0.0673828125 0.0654296875
0 0.75634765625 0.578125 0.0576171875 0.05859375
0 0.98291015625 0.46923828125 0.0341796875 0.0576171875
0 0.59814453125 0.42236328125 0.0634765625 0.0634765625
0 0.97216796875 0.39501953125 0.0537109375 0.0712890625
0 0.8408203125 0.77001953125 0.08203125 0.0712890625
0 0.97998046875 0.5458984375 0.0400390625 0.072265625
0 0.49609375 0.17431640625 0.09765625 0.0751953125
