0 0.7236328125 0.97607421875 0.07421875 0.0478515625
0 0.73291015625 0.81689453125 0.0498046875 0.0712890625
0 0.2744140625 0.77880859375 0.05859375 0.0810546875
0 0.09716796875 0.37744140625 0.1025390625 0.0712890625
0 0.2333984375 0.32666015625 0.09765625 0.0498046875
0 0.32275390625 0.02490234375 0.1064453125 0.0498046875
0 0.416015625 0.0439453125 0.080078125 0.0625
0 0.4951171875 0.97802734375 0.080078125 0.0439453125
0 0.95458984375 0.84130859375 0.0849609375 0.0693359375
0 0.25439453125 0.3955078125 0.0673828125 0.056640625
0 0.76611328125 0.6376953125 0.0966796875 0.103515625
0 0.78857421875 0.388671875 0.0966796875 0.078125
0 0.56640625 0.8173828125 0.087890625 0.12109375
0 0.21923828125 0.87353515625 0.0791015625 0.0849609375
0 0.55078125 0.505859375 0.111328125 0.087890625
0 0.05419921875 0.44482421875 0.0966796875 0.0517578125
0 0.0390625 0.5419921875 0.056640625 0.08984375
0 0.80810546875 0.08203125 0.0732421875 0.076171875
0 0.91552734375 0.80126953125 0.0693359375 0.0927734375
0 0.234375 0.49755859375 0.109375 0.0712890625
0 0.0224609375 0.37939453125 0.044921875 0.0947265625
0 0.22119140625 0.77197265625 0.0673828125 0.0771484375
0 0.19287109375 0.681640625 0.0927734375 0.09375
0 0.18994140625 0.93798828125 0.0732421875 0.0712890625
0 0.4990234375 0.7548828125 0.076171875 0.078125
0 0.2900390625 0.90234375 0.0859375 0.0625
0 0.505859375 0.8955078125 0.111328125 0.07421875
0 0.21142578125 0.81982421875 0.1044921875 0.0751953125
0 0.52880859375 0.6845703125 0.0595703125 0.072265625
0 0.650390625 0.5009765625 0.0859375 0.07421875
0 0.138671875 0.45556640625 0.080078125 0.0888671875
0 0.2021484375 0.02197265625 0.08984375 0.0439453125
0 0.9482421875 0.41650390625 0.072265625 0.0732421875
0 0.7529296875 0.55908203125 0.05859375 0.0947265625
0 0.32568359375 0.73876953125 0.0810546875 0.0830078125
0 0.48046875 0.41064453125 0.1328125 0.0810546875
0 0.6318359375 0.0595703125 0.08984375 0.068359375
0 0.79541015625 0.75146484375 0.0595703125 0.0498046875
0 0.4462890625 0.86376953125 0.0859375 0.0693359375
0 0.69873046875 0.44482421875 0.1064453125 0.0595703125
0 0.5771484375 0.70947265625 0.068359375 0.0810546875
0 0.6376953125 0.564453125 0.06640625 0.0703125
0 0.97900390625 0.451171875 0.0400390625 0.0625
0 0.30224609375 0.8466796875 0.0712890625 0.07421875
0 0.14453125 0.88427734375 0.08203125 0.0791015625
0 0.91455078125 0.66259765625 0.0556640625 0.0576171875
0 0.23828125 0.66748046875 0.064453125 0.0791015625
0 0.04052734375 0.625 0.0478515625 0.056640625
0 0.63134765625 0.41748046875 0.0947265625 0.0634765625
0 0.8857421875 0.888671875 0.095703125 0.083984375
0 0.10546875 0.25244140625 0.068359375 0.0498046875
0 0.3447265625 0.96826171875 0.072265625 0.0634765625
0 0.68017578125 0.80419921875 0.0673828125 0.0810546875
0 0.69873046875 0.5810546875 0.0654296875 0.0859375
0 0.03173828125 0.04150390625 0.0595703125 0.0634765625
0 0.6220703125 0.87353515625 0.087890625 0.0927734375
0 0.64892578125 0.72119140625 0.1005859375 0.0791015625
0 0.85498046875 0.7509765625 0.0712890625 0.09375
