0 0.07763671875 0.3642578125 0.0634765625 0.0625
0 0.2177734375 0.55908203125 0.0859375 0.0595703125
0 0.30908203125 0.55908203125 0.0849609375 0.0498046875
0 0.94970703125 0.84326171875 0.1005859375 0.0927734375
0 0.212890625 0.0439453125 0.115234375 0.07421875
0 0.912109375 0.849609375 0.095703125 0.099609375
0 0.22900390625 0.41748046875 0.0634765625 0.0478515625
0 0.306640625 0.7470703125 0.056640625 0.04296875
0 0.33984375 0.5283203125 0.044921875 0.04296875
0 0.25830078125 0.34716796875 0.0771484375 0.0439453125
0 0.837890625 0.61181640625 0.09375 0.0595703125
0 0.80029296875 0.69970703125 0.0927734375 0.0537109375
0 0.6669921875 0.11572265625 0.0703125 0.0517578125
0 0.08349609375 0.76416015625 0.0751953125 0.0693359375
0 0.3056640625 0.966796875 0.0625 0.048828125
0 0.734375 0.01708984375 0.080078125 0.0341796875
0 0.0732421875 0.4580078125 0.048828125 0.060546875
0 0.84326171875 0.353515625 0.0908203125 0.052734375
0 0.17236328125 0.62158203125 0.0771484375 0.0517578125
0 0.1474609375 0.14111328125 0.046875 0.0517578125
