0 0.04541015625 0.3115234375 0.0478515625 0.13671875
0 0.826171875 0.22900390625 0.203125 0.1259765625
0 0.3740234375 0.41455078125 0.23828125 0.1181640625
0 0.45361328125 0.4052734375 0.1572265625 0.177734375
0 0.10546875 0.884765625 0.1171875 0.0625
0 0.1826171875 0.900390625 0.23828125 0.197265625
0 0.322265625 0.078125 0.18359375 0.15625
0 0.5205078125 0.0224609375 0.068359375 0.044921875
0 0.77392578125 0.0078125 0.0869140625 0.015625
0 0.68603515625 0.0263671875 0.0869140625 0.052734375
0 0.794921875 0.0341796875 0.087890625 0.033203125
0 0.97900390625 0.0234375 0.0400390625 0.046875
0 0.958984375 0.06982421875 0.08203125 0.0517578125
0 0.30712890625 0.19921875 0.1337890625 0.044921875
0 0.4287109375 0.14453125 0.19921875 0.08203125
0 0.7783203125 0.1259765625 0.0859375 0.060546875
0 0.8515625 0.16259765625 0.078125 0.0908203125
0 0.916015625 0.123046875 0.166015625 0.09765625
0 0.70849609375 0.28515625 0.0634765625 0.07421875
0 0.0146484375 0.19921875 0.029296875 0.0703125
0 0.072265625 0.2275390625 0.064453125 0.1640625
0 0.16455078125 0.244140625 0.0673828125 0.080078125
0 0.916015625 0.2646484375 0.16796875 0.052734375
0 0.748046875 0.3349609375 0.14453125 0.04296875
0 0.8701171875 0.322265625 0.16015625 0.08203125
0 0.7490234375 0.470703125 0.09765625 0.080078125
0 0.62646484375 0.43408203125 0.2275390625 0.0712890625
0 0.3310546875 0.61962890625 0.08984375 0.0986328125
0 0.2548828125 0.5498046875 0.09375 0.087890625
0 0.30078125 0.4375 0.115234375 0.154296875
0 0.525390625 0.400390625 0.189453125 0.18359375
0 0.60009765625 0.49951171875 0.0673828125 0.2783203125
0 0.47900390625 0.55615234375 0.2236328125 0.1103515625
0 0.89501953125 0.5712890625 0.1103515625 0.0390625
0 0.95458984375 0.560546875 0.0244140625 0.05859375
0 0.970703125 0.60595703125 0.056640625 0.1806640625
0 0.87744140625 0.6611328125 0.1455078125 0.076171875
0 0.60986328125 0.689453125 0.0986328125 0.0546875
0 0.51171875 0.740234375 0.060546875 0.03515625
0 0.462890625 0.78173828125 0.27734375 0.0869140625
0 0.65576171875 0.85986328125 0.1142578125 0.2548828125
0 0.93359375 0.98681640625 0.107421875 0.0244140625
0 0.982421875 0.95947265625 0.033203125 0.0634765625
0 0.08740234375 0.6904296875 0.0947265625 0.142578125
0 0.0654296875 0.76025390625 0.130859375 0.0751953125
0 0.18408203125 0.87890625 0.1220703125 0.2421875
0 0.255859375 0.9150390625 0.111328125 0.1484375
0 0.3369140625 0.98046875 0.0390625 0.0390625
0 0.14404296875 0.96728515625 0.0673828125 0.0634765625
0 0.0185546875 0.8955078125 0.037109375 0.037109375
0 0.021484375 0.97119140625 0.04296875 0.0556640625
0 0.017578125 0.3994140625 0.03515625 0.0390625
0 0.37890625 0.82080078125 0.06640625 0.1416015625
