0 0.95166015625 0.2587890625 0.0478515625 0.048828125
0 0.8671875 0.71923828125 0.115234375 0.0849609375
0 0.95751953125 0.72705078125 0.0751953125 0.0634765625
0 0.19970703125 0.77783203125 0.1259765625 0.0634765625
0 0.78173828125 0.6513671875 0.1142578125 0.0546875
0 0.037109375 0.51708984375 0.07421875 0.0849609375
0 0.87939453125 0.5380859375 0.1103515625 0.08984375
0 0.86865234375 0.2412109375 0.1025390625 0.107421875
0 0.1416015625 0.3095703125 0.1015625 0.072265625
0 0.95458984375 0.34130859375 0.0908203125 0.0927734375
0 0.826171875 0.39501953125 0.091796875 0.0830078125
0 0.0517578125 0.43359375 0.099609375 0.072265625
0 0.91796875 0.62255859375 0.08203125 0.0869140625
0 0.83642578125 0.09326171875 0.0751953125 0.0908203125
0 0.73583984375 0.322265625 0.1181640625 0.08984375
0 0.962890625 0.89990234375 0.07421875 0.0751953125
0 0.87353515625 0.822265625 0.0771484375 0.080078125
0 0.8359375 0.1474609375 0.068359375 0.08203125
0 0.12744140625 0.9423828125 0.0986328125 0.11328125
