0 0.0419921875 0.16455078125 0.083984375 0.0458984375
0 0.47607421875 0.38134765625 0.1904296875 0.0439453125
0 0.0732421875 0.81884765625 0.11328125 0.0556640625
0 0.24658203125 0.90380859375 0.0478515625 0.0478515625
0 0.298828125 0.68408203125 0.060546875 0.0322265625
0 0.41455078125 0.6484375 0.0673828125 0.06640625
0 0.63818359375 0.6767578125 0.0947265625 0.091796875
0 0.74169921875 0.58056640625 0.0517578125 0.0400390625
0 0.78369140625 0.68115234375 0.0478515625 0.0400390625
0 0.69140625 0.7724609375 0.05078125 0.0390625
0 0.5322265625 0.45849609375 0.06640625 0.0673828125
0 0.7060546875 0.41259765625 0.029296875 0.0361328125
0 0.03515625 0.96826171875 0.021484375 0.0244140625
0 0.15087890625 0.96875 0.0224609375 0.0234375
0 0.8359375 0.51416015625 0.109375 0.0283203125
0 0.88037109375 0.95654296875 0.0166015625 0.0224609375
0 0.61279296875 0.7138671875 0.0576171875 0.037109375
0 0.61669921875 0.61083984375 0.1083984375 0.0478515625
0 0.55810546875 0.62109375 0.0634765625 0.044921875
0 0.5615234375 0.5849609375 0.044921875 0.048828125
0 0.3984375 0.51171875 0.0234375 0.033203125
0 0.45068359375 0.7744140625 0.0419921875 0.037109375
