0 0.68115234375 0.17822265625 0.0751953125 0.0498046875
0 0.97607421875 0.7431640625 0.0478515625 0.072265625
0 0.416015625 0.04296875 0.099609375 0.052734375
0 0.21044921875 0.02294921875 0.0810546875 0.0458984375
0 0.24267578125 0.6865234375 0.0712890625 0.064453125
0 0.970703125 0.369140625 0.0546875 0.060546875
0 0.19921875 0.9345703125 0.125 0.115234375
0 0.59326171875 0.2265625 0.0732421875 0.068359375
0 0.3779296875 0.40087890625 0.0859375 0.0810546875
0 0.34326171875 0.19921875 0.0947265625 0.07421875
0 0.06982421875 0.30517578125 0.1025390625 0.0771484375
0 0.43994140625 0.6552734375 0.0908203125 0.046875
0 0.3408203125 0.94189453125 0.078125 0.0947265625
0 0.14794921875 0.515625 0.0771484375 0.080078125
0 0.1279296875 0.02490234375 0.107421875 0.0498046875
0 0.45556640625 0.53076171875 0.1923828125 0.1669921875
0 0.8544921875 0.02978515625 0.169921875 0.0595703125
0 0.15380859375 0.21875 0.0498046875 0.044921875
0 0.8330078125 0.20556640625 0.109375 0.0634765625
0 0.7451171875 0.93115234375 0.171875 0.1162109375
0 0.49169921875 0.41259765625 0.1044921875 0.0966796875
0 0.23681640625 0.85302734375 0.1201171875 0.0615234375
0 0.4111328125 0.82470703125 0.08984375 0.1455078125
0 0.25439453125 0.5244140625 0.0654296875 0.060546875
0 0.3095703125 0.90087890625 0.080078125 0.0732421875
0 0.60693359375 0.72900390625 0.0595703125 0.0634765625
0 0.49755859375 0.18505859375 0.0517578125 0.0615234375
0 0.7578125 0.13818359375 0.126953125 0.0537109375
0 0.22021484375 0.30859375 0.0771484375 0.05078125
0 0.19775390625 0.63134765625 0.0634765625 0.0673828125
0 0.6875 0.42138671875 0.052734375 0.0419921875
0 0.9375 0.12109375 0.125 0.07421875
0 0.744140625 0.7294921875 0.080078125 0.08984375
0 0.09375 0.4482421875 0.0703125 0.0546875
0 0.9267578125 0.92822265625 0.103515625 0.0654296875
0 0.033203125 0.73681640625 0.0625 0.0615234375
0 0.79052734375 0.609375 0.1318359375 0.115234375
0 0.93505859375 0.6318359375 0.1044921875 0.07421875
0 0.77197265625 0.35546875 0.0927734375 0.07421875
0 0.81689453125 0.70068359375 0.0771484375 0.0458984375
