0 0.57666015625 0.27734375 0.0947265625 0.052734375
0 0.61962890625 0.85302734375 0.0908203125 0.0654296875
0 0.9541015625 0.8447265625 0.091796875 0.08984375
0 0.1259765625 0.83056640625 0.09765625 0.0673828125
0 0.28662109375 0.330078125 0.0595703125 0.1015625
0 0.46728515625 0.0166015625 0.0888671875 0.03125
0 0.31103515625 0.81494140625 0.0947265625 0.0771484375
0 0.6044921875 0.318359375 0.07421875 0.171875
0 0.56591796875 0.7001953125 0.0869140625 0.052734375
0 0.14990234375 0.490234375 0.0849609375 0.08203125
0 0.158203125 0.27294921875 0.1875 0.1376953125
0 0.8291015625 0.51416015625 0.1171875 0.0771484375
0 0.93212890625 0.57275390625 0.1357421875 0.0830078125
0 0.23681640625 0.93896484375 0.0849609375 0.1181640625
0 0.54638671875 0.6533203125 0.0927734375 0.080078125
0 0.39794921875 0.41064453125 0.0419921875 0.0400390625
0 0.4091796875 0.5498046875 0.1015625 0.166015625
0 0.46142578125 0.560546875 0.2119140625 0.072265625
0 0.68212890625 0.53466796875 0.0947265625 0.0947265625
0 0.73095703125 0.12744140625 0.0439453125 0.0810546875
0 0.306640625 0.93408203125 0.07421875 0.0908203125
0 0.55224609375 0.359375 0.0458984375 0.083984375
0 0.92529296875 0.06005859375 0.1083984375 0.0751953125
0 0.75732421875 0.333984375 0.1474609375 0.134765625
0 0.31494140625 0.11962890625 0.0576171875 0.0556640625
0 0.50244140625 0.87158203125 0.1474609375 0.0849609375
0 0.154296875 0.6572265625 0.087890625 0.052734375
0 0.18603515625 0.74365234375 0.1650390625 0.0771484375
0 0.1796875 0.40869140625 0.1953125 0.1201171875
0 0.70556640625 0.794921875 0.0947265625 0.046875
0 0.48291015625 0.3349609375 0.1474609375 0.125
0 0.38330078125 0.14697265625 0.1298828125 0.1357421875
0 0.06298828125 0.03466796875 0.1259765625 0.0654296875
0 0.0595703125 0.4169921875 0.05078125 0.12109375
0 0.58740234375 0.49169921875 0.2802734375 0.0947265625
0 0.67822265625 0.0703125 0.0615234375 0.078125
0 0.822265625 0.58056640625 0.08984375 0.0576171875
0 0.849609375 0.9384765625 0.15234375 0.0625
0 0.0625 0.76611328125 0.125 0.1142578125
0 0.52294921875 0.076171875 0.1474609375 0.0625
0 0.47216796875 0.42822265625 0.1044921875 0.0673828125
0 0.24560546875 0.1318359375 0.1630859375 0.21484375
0 0.541015625 0.12451171875 0.15234375 0.1201171875
0 0.08251953125 0.177734375 0.0595703125 0.09765625
0 0.25146484375 0.56982421875 0.1748046875 0.1728515625
0 0.31396484375 0.1845703125 0.1201171875 0.107421875
0 0.921875 0.66845703125 0.150390625 0.1123046875
0 0.9677734375 0.7880859375 0.0625 0.052734375
0 0.32080078125 0.96728515625 0.1572265625 0.0654296875
0 0.310546875 0.86962890625 0.22265625 0.0693359375
