0 0.94873046875 0.98583984375 0.0576171875 0.0263671875
0 0.9345703125 0.458984375 0.087890625 0.083984375
0 0.609375 0.91357421875 0.04296875 0.0400390625
0 0.28076171875 0.98828125 0.0380859375 0.0234375
0 0.40478515625 0.97607421875 0.0556640625 0.0458984375
0 0.572265625 0.8251953125 0.06640625 0.05859375
0 0.40185546875 0.57177734375 0.0751953125 0.0888671875
0 0.58056640625 0.74951171875 0.0927734375 0.0693359375
0 0.45263671875 0.6142578125 0.0693359375 0.078125
0 0.54052734375 0.1552734375 0.1201171875 0.111328125
0 0.51025390625 0.0380859375 0.0517578125 0.076171875
0 0.4599609375 0.0361328125 0.07421875 0.072265625
0 0.576171875 0.07373046875 0.083984375 0.0595703125
0 0.2626953125 0.13671875 0.080078125 0.07421875
0 0.07177734375 0.18212890625 0.0556640625 0.0498046875
0 0.16064453125 0.18701171875 0.0576171875 0.0498046875
0 0.07177734375 0.24072265625 0.0849609375 0.0791015625
0 0.32373046875 0.3681640625 0.0966796875 0.1015625
0 0.2578125 0.54296875 0.0546875 0.056640625
0 0.185546875 0.8115234375 0.0546875 0.048828125
0 0.109375 0.77783203125 0.076171875 0.1103515625
0 0.0517578125 0.673828125 0.072265625 0.06640625
0 0.07177734375 0.63037109375 0.0458984375 0.0556640625
0 0.02685546875 0.54052734375 0.0537109375 0.0771484375
0 0.1259765625 0.578125 0.072265625 0.0703125
0 0.12890625 0.6748046875 0.095703125 0.125
0 0.38818359375 0.65673828125 0.0302734375 0.0341796875
0 0.587890625 0.02392578125 0.083984375 0.0478515625
0 0.34521484375 0.98681640625 0.0673828125 0.0263671875
0 0.45458984375 0.9609375 0.0498046875 0.046875
0 0.57861328125 0.666015625 0.0927734375 0.1015625
0 0.5078125 0.65966796875 0.064453125 0.0947265625
0 0.013671875 0.15673828125 0.02734375 0.0439453125
0 0.53662109375 0.37841796875 0.0751953125 0.0888671875
0 0.53515625 0.4482421875 0.09375 0.0625
0 0.537109375 0.5224609375 0.091796875 0.123046875
0 0.490234375 0.5625 0.078125 0.05078125
0 0.50537109375 0.96923828125 0.0771484375 0.0615234375
