0 0.8154296875 0.79443359375 0.0546875 0.0732421875
0 0.80322265625 0.587890625 0.0537109375 0.064453125
0 0.826171875 0.890625 0.04296875 0.05078125
0 0.49853515625 0.95654296875 0.1044921875 0.0673828125
0 0.67626953125 0.56591796875 0.0732421875 0.0400390625
0 0.701171875 0.73876953125 0.064453125 0.0556640625
0 0.9404296875 0.04736328125 0.05078125 0.0537109375
0 0.69189453125 0.03076171875 0.0439453125 0.0302734375
0 0.595703125 0.05712890625 0.04296875 0.0498046875
0 0.71630859375 0.19921875 0.0556640625 0.0390625
0 0.86083984375 0.2451171875 0.0556640625 0.05078125
0 0.78564453125 0.251953125 0.0791015625 0.0390625
0 0.82080078125 0.669921875 0.0771484375 0.072265625
0 0.5029296875 0.82421875 0.06640625 0.080078125
0 0.71630859375 0.9736328125 0.0302734375 0.052734375
0 0.85546875 0.126953125 0.052734375 0.04296875
0 0.6962890625 0.8515625 0.056640625 0.052734375
0 0.7890625 0.1162109375 0.04296875 0.046875
0 0.7392578125 0.0634765625 0.03515625 0.0234375
0 0.52001953125 0.53173828125 0.0517578125 0.0458984375
