0 0.8154296875 0.951171875 0.123046875 0.080078125
0 0.7919921875 0.52587890625 0.080078125 0.0869140625
0 0.359375 0.05712890625 0.064453125 0.0791015625
0 0.03955078125 0.67822265625 0.0751953125 0.0830078125
0 0.27099609375 0.5283203125 0.0712890625 0.060546875
0 0.1171875 0.826171875 0.09375 0.09765625
0 0.06103515625 0.2607421875 0.1123046875 0.1171875
0 0.96533203125 0.3603515625 0.0693359375 0.09765625
0 0.7607421875 0.337890625 0.091796875 0.078125
0 0.13818359375 0.65087890625 0.0869140625 0.0927734375
0 0.32958984375 0.87060546875 0.0908203125 0.0673828125
0 0.47705078125 0.56201171875 0.0908203125 0.0654296875
0 0.62451171875 0.4658203125 0.0908203125 0.09765625
0 0.35546875 0.68505859375 0.0703125 0.0693359375
0 0.244140625 0.212890625 0.08984375 0.056640625
0 0.4833984375 0.4755859375 0.072265625 0.087890625
0 0.0380859375 0.0419921875 0.060546875 0.080078125
0 0.34326171875 0.79296875 0.0732421875 0.072265625
0 0.814453125 0.63330078125 0.080078125 0.0927734375
0 0.7470703125 0.28662109375 0.091796875 0.0927734375
0 0.5732421875 0.8046875 0.09765625 0.08984375
0 0.474609375 0.2021484375 0.109375 0.125
0 0.77099609375 0.05078125 0.0927734375 0.09765625
0 0.85107421875 0.3759765625 0.0927734375 0.095703125
0 0.96484375 0.55810546875 0.0703125 0.0830078125
0 0.11474609375 0.0302734375 0.0615234375 0.060546875
0 0.1923828125 0.326171875 0.080078125 0.107421875
0 0.1357421875 0.4306640625 0.087890625 0.091796875
0 0.55078125 0.96337890625 0.08203125 0.0732421875
0 0.87353515625 0.10107421875 0.0712890625 0.0771484375
0 0.34716796875 0.95849609375 0.0927734375 0.0771484375
0 0.7529296875 0.162109375 0.072265625 0.099609375
0 0.92431640625 0.77734375 0.0849609375 0.080078125
0 0.59423828125 0.060546875 0.0634765625 0.091796875
0 0.19921875 0.12158203125 0.080078125 0.0849609375
0 0.0791015625 0.97705078125 0.072265625 0.0458984375
0 0.484375 0.091796875 0.080078125 0.08984375
0 0.89599609375 0.658203125 0.1025390625 0.072265625
