0 0.38623046875 0.31494140625 0.0673828125 0.0849609375
0 0.6044921875 0.43017578125 0.111328125 0.0712890625
0 0.44091796875 0.03466796875 0.0693359375 0.0693359375
0 0.65673828125 0.5283203125 0.0810546875 0.099609375
0 0.04541015625 0.26025390625 0.0732421875 0.0849609375
0 0.162109375 0.30029296875 0.1171875 0.1044921875
0 0.69873046875 0.67138671875 0.0673828125 0.0869140625
0 0.466796875 0.15380859375 0.115234375 0.1103515625
0 0.73828125 0.02734375 0.06640625 0.0546875
0 0.13916015625 0.8125 0.0361328125 0.05859375
0 0.43359375 0.79052734375 0.126953125 0.1416015625
0 0.6123046875 0.57177734375 0.0703125 0.1220703125
0 0.88623046875 0.8623046875 0.0634765625 0.1171875
0 0.587890625 0.95947265625 0.08203125 0.0810546875
0 0.95166015625 0.11572265625 0.0927734375 0.0634765625
0 0.68408203125 0.81884765625 0.0615234375 0.0517578125
0 0.36376953125 0.03369140625 0.0849609375 0.0673828125
0 0.97802734375 0.78369140625 0.0380859375 0.1142578125
0 0.958984375 0.89794921875 0.080078125 0.0927734375
0 0.3701171875 0.474609375 0.087890625 0.21875
0 0.642578125 0.18359375 0.06640625 0.056640625
0 0.34765625 0.28173828125 0.04296875 0.0810546875
0 0.97265625 0.40869140625 0.0546875 0.0830078125
0 0.17822265625 0.04052734375 0.0693359375 0.0810546875
0 0.53076171875 0.57666015625 0.0947265625 0.1318359375
0 0.02392578125 0.22314453125 0.0478515625 0.0615234375
0 0.15283203125 0.96484375 0.0869140625 0.0546875
0 0.98095703125 0.26123046875 0.0380859375 0.0693359375
0 0.25732421875 0.4208984375 0.0888671875 0.224609375
0 0.66455078125 0.06640625 0.1142578125 0.115234375
0 0.65234375 0.83935546875 0.080078125 0.1044921875
0 0.0625 0.1416015625 0.072265625 0.0703125
0 0.85888671875 0.9619140625 0.0830078125 0.076171875
0 0.583984375 0.298828125 0.083984375 0.09375
0 0.34814453125 0.95556640625 0.0673828125 0.0888671875
