0 0.83544921875 0.859375 0.0732421875 0.046875
0 0.51025390625 0.49658203125 0.0751953125 0.0419921875
0 0.8388671875 0.5009765625 0.0546875 0.052734375
0 0.41259765625 0.46826171875 0.0400390625 0.0478515625
0 0.5615234375 0.4013671875 0.0859375 0.029296875
0 0.03857421875 0.83642578125 0.0771484375 0.0595703125
0 0.83154296875 0.97314453125 0.0439453125 0.0478515625
0 0.56591796875 0.22607421875 0.0654296875 0.1025390625
0 0.5693359375 0.37646484375 0.08203125 0.0341796875
0 0.873046875 0.81787109375 0.05859375 0.0556640625
0 0.884765625 0.21630859375 0.06640625 0.0517578125
0 0.77294921875 0.32177734375 0.0576171875 0.0537109375
0 0.912109375 0.9765625 0.046875 0.044921875
0 0.587890625 0.97265625 0.033203125 0.046875
0 0.78173828125 0.376953125 0.0400390625 0.115234375
0 0.15283203125 0.73291015625 0.0380859375 0.0361328125
0 0.69921875 0.4248046875 0.0546875 0.048828125
0 0.5390625 0.89404296875 0.056640625 0.0498046875
0 0.92578125 0.82568359375 0.046875 0.0537109375
0 0.1259765625 0.908203125 0.060546875 0.06640625
0 0.7314453125 0.9677734375 0.041015625 0.037109375
0 0.7900390625 0.462890625 0.0703125 0.04296875
0 0.8662109375 0.57568359375 0.044921875 0.0966796875
0 0.62890625 0.88427734375 0.02734375 0.0341796875
0 0.720703125 0.92724609375 0.056640625 0.0341796875
0 0.1611328125 0.31396484375 0.08984375 0.0693359375
0 0.81787109375 0.4306640625 0.0517578125 0.06640625
0 0.078125 0.40234375 0.046875 0.0546875
0 0.53564453125 0.97607421875 0.0361328125 0.0478515625
0 0.01708984375 0.94580078125 0.0341796875 0.0478515625
0 0.82666015625 0.3193359375 0.0673828125 0.1484375
0 0.376953125 0.41748046875 0.0390625 0.0537109375
0 0.5712890625 0.48681640625 0.048828125 0.0439453125
0 0.7998046875 0.9501953125 0.041015625 0.06640625
0 0.2802734375 0.42578125 0.04296875 0.046875
0 0.3974609375 0.830078125 0.037109375 0.04296875
0 0.19384765625 0.923828125 0.0556640625 0.037109375
0 0.9736328125 0.4013671875 0.052734375 0.05859375
0 0.73291015625 0.37109375 0.0478515625 0.056640625
0 0.86865234375 0.95263671875 0.0400390625 0.0537109375
0 0.55712890625 0.46044921875 0.0654296875 0.0380859375
0 0.724609375 0.90234375 0.037109375 0.037109375
0 0.548828125 0.32861328125 0.0390625 0.0322265625
0 0.455078125 0.3154296875 0.048828125 0.091796875
