0 0.7685546875 0.435546875 0.060546875 0.078125
0 0.416015625 0.39013671875 0.041015625 0.0673828125
0 0.78759765625 0.384765625 0.0478515625 0.078125
0 0.81201171875 0.771484375 0.0615234375 0.05859375
0 0.53857421875 0.4853515625 0.0498046875 0.06640625
0 0.0234375 0.3369140625 0.046875 0.041015625
0 0.7314453125 0.73486328125 0.05078125 0.0478515625
0 0.05859375 0.42138671875 0.052734375 0.0498046875
0 0.20556640625 0.765625 0.0576171875 0.07421875
0 0.57763671875 0.97705078125 0.0595703125 0.0458984375
0 0.9287109375 0.357421875 0.08984375 0.056640625
0 0.63330078125 0.79833984375 0.0576171875 0.0537109375
0 0.54248046875 0.765625 0.0693359375 0.068359375
0 0.72705078125 0.05810546875 0.0595703125 0.0830078125
0 0.17236328125 0.0224609375 0.0576171875 0.044921875
0 0.95556640625 0.67724609375 0.0361328125 0.0576171875
0 0.29150390625 0.85302734375 0.0595703125 0.0537109375
0 0.34033203125 0.24072265625 0.0771484375 0.0595703125
0 0.56494140625 0.93017578125 0.0517578125 0.0849609375
0 0.64404296875 0.9208984375 0.0458984375 0.064453125
0 0.4052734375 0.72900390625 0.064453125 0.0576171875
0 0.673828125 0.4599609375 0.04296875 0.056640625
0 0.79052734375 0.646484375 0.1005859375 0.068359375
0 0.55126953125 0.57666015625 0.0693359375 0.0498046875
0 0.50048828125 0.1591796875 0.0517578125 0.056640625
0 0.33447265625 0.89501953125 0.0400390625 0.0537109375
0 0.7998046875 0.92626953125 0.056640625 0.1083984375
0 0.2568359375 0.0400390625 0.0546875 0.080078125
0 0.15234375 0.33837890625 0.11328125 0.0673828125
0 0.98046875 0.18994140625 0.0390625 0.0439453125
0 0.26416015625 0.30810546875 0.0595703125 0.0537109375
0 0.72021484375 0.79296875 0.0478515625 0.056640625
0 0.28515625 0.91015625 0.046875 0.060546875
0 0.904296875 0.1533203125 0.056640625 0.068359375
0 0.36767578125 0.81298828125 0.1103515625 0.0693359375
0 0.2646484375 0.767578125 0.060546875 0.078125
0 0.59765625 0.11376953125 0.0625 0.0498046875
0 0.09716796875 0.7744140625 0.0908203125 0.072265625
