0 0.86865234375 0.19384765625 0.0654296875 0.0458984375
0 0.67626953125 0.09521484375 0.0458984375 0.0478515625
0 0.6259765625 0.11279296875 0.06640625 0.0556640625
0 0.583984375 0.169921875 0.048828125 0.041015625
0 0.97900390625 0.01953125 0.0419921875 0.0390625
0 0.8798828125 0.3447265625 0.0546875 0.0703125
0 0.93603515625 0.44384765625 0.0830078125 0.0751953125
0 0.60595703125 0.5673828125 0.0771484375 0.06640625
0 0.2021484375 0.3369140625 0.072265625 0.125
0 0.615234375 0.4765625 0.05859375 0.06640625
0 0.5791015625 0.2900390625 0.095703125 0.12890625
0 0.5244140625 0.240234375 0.046875 0.048828125
0 0.484375 0.27099609375 0.03515625 0.0302734375
0 0.35546875 0.2373046875 0.0546875 0.068359375
0 0.5537109375 0.3759765625 0.08984375 0.125
0 0.48681640625 0.662109375 0.0537109375 0.046875
0 0.4189453125 0.7578125 0.05078125 0.05859375
0 0.5205078125 0.7822265625 0.05078125 0.037109375
0 0.46728515625 0.71728515625 0.0732421875 0.0615234375
0 0.10595703125 0.6865234375 0.0869140625 0.10546875
0 0.01953125 0.5400390625 0.0390625 0.07421875
0 0.06787109375 0.48828125 0.0791015625 0.083984375
0 0.03076171875 0.93994140625 0.0615234375 0.0673828125
0 0.35205078125 0.95751953125 0.1064453125 0.0849609375
0 0.4521484375 0.87646484375 0.05859375 0.0634765625
0 0.640625 0.77734375 0.083984375 0.087890625
0 0.697265625 0.86279296875 0.103515625 0.0771484375
0 0.8857421875 0.951171875 0.078125 0.095703125
0 0.8544921875 0.85498046875 0.0546875 0.0419921875
0 0.93505859375 0.68212890625 0.0478515625 0.0595703125
0 0.982421875 0.640625 0.029296875 0.060546875
0 0.91455078125 0.6376953125 0.0927734375 0.0859375
0 0.94580078125 0.57373046875 0.0966796875 0.0537109375
0 0.8916015625 0.53369140625 0.0625 0.0458984375
0 0.953125 0.513671875 0.078125 0.07421875
0 0.15185546875 0.16796875 0.0517578125 0.05078125
0 0.07568359375 0.05224609375 0.0615234375 0.0830078125
0 0.01953125 0.04150390625 0.0390625 0.0830078125
0 0.53369140625 0.1865234375 0.0556640625 0.044921875
0 0.662109375 0.2236328125 0.056640625 0.037109375
0 0.66552734375 0.9287109375 0.0908203125 0.044921875
0 0.984375 0.24462890625 0.03125 0.0458984375
0 0.01953125 0.2421875 0.0390625 0.0703125
0 0.927734375 0.21142578125 0.029296875 0.0322265625
0 0.56103515625 0.93017578125 0.0498046875 0.0224609375
0 0.02001953125 0.87841796875 0.0400390625 0.0517578125
0 0.56396484375 0.451171875 0.0595703125 0.09375
0 0.03369140625 0.4345703125 0.0576171875 0.046875
0 0.46142578125 0.7734375 0.0595703125 0.05078125
0 0.6416015625 0.841796875 0.09375 0.0625
0 0.10302734375 0.84765625 0.0361328125 0.033203125
0 0.74267578125 0.18798828125 0.0478515625 0.0302734375
