0 0.46923828125 0.2021484375 0.0830078125 0.07421875
0 0.3212890625 0.28515625 0.078125 0.111328125
0 0.1650390625 0.48876953125 0.05859375 0.0458984375
0 0.60791015625 0.4921875 0.0771484375 0.0546875
0 0.58984375 0.53271484375 0.041015625 0.0498046875
0 0.0341796875 0.05322265625 0.03515625 0.0341796875
0 0.01025390625 0.08935546875 0.0205078125 0.0712890625
0 0.2099609375 0.1025390625 0.03125 0.060546875
0 0.1748046875 0.16748046875 0.078125 0.0498046875
0 0.29638671875 0.15380859375 0.0439453125 0.0361328125
0 0.32177734375 0.0712890625 0.0439453125 0.05078125
0 0.22802734375 0.15966796875 0.0439453125 0.0478515625
0 0.29052734375 0.0087890625 0.0439453125 0.017578125
0 0.37939453125 0.02197265625 0.0439453125 0.0439453125
0 0.43505859375 0.2724609375 0.1083984375 0.076171875
0 0.0947265625 0.33837890625 0.0703125 0.1279296875
0 0.0546875 0.5517578125 0.109375 0.05078125
0 0.38427734375 0.5 0.0693359375 0.10546875
0 0.45556640625 0.58447265625 0.1162109375 0.0869140625
0 0.44091796875 0.5107421875 0.0634765625 0.072265625
0 0.17822265625 0.64794921875 0.0361328125 0.0458984375
0 0.2744140625 0.634765625 0.046875 0.0546875
0 0.3515625 0.6826171875 0.02734375 0.029296875
0 0.4951171875 0.853515625 0.046875 0.16796875
0 0.30224609375 0.947265625 0.0849609375 0.099609375
0 0.03466796875 0.8662109375 0.0673828125 0.07421875
0 0.0947265625 0.82470703125 0.052734375 0.0615234375
0 0.21533203125 0.81884765625 0.0751953125 0.0654296875
0 0.287109375 0.8173828125 0.064453125 0.07421875
0 0.16455078125 0.80224609375 0.0478515625 0.1103515625
0 0.4404296875 0.830078125 0.0390625 0.208984375
0 0.68310546875 0.1640625 0.0556640625 0.0625
0 0.72314453125 0.10107421875 0.0732421875 0.1142578125
0 0.8408203125 0.06298828125 0.1015625 0.1142578125
0 0.76611328125 0.2080078125 0.0556640625 0.134765625
0 0.80859375 0.310546875 0.109375 0.109375
0 0.8701171875 0.2607421875 0.056640625 0.138671875
0 0.98828125 0.14453125 0.0234375 0.046875
0 0.9755859375 0.20556640625 0.046875 0.0537109375
0 0.97314453125 0.279296875 0.0537109375 0.064453125
0 0.96484375 0.35009765625 0.068359375 0.0556640625
0 0.76318359375 0.02587890625 0.0712890625 0.0517578125
0 0.9873046875 0.02099609375 0.025390625 0.0419921875
0 0.73095703125 0.484375 0.0537109375 0.064453125
0 0.861328125 0.4404296875 0.08203125 0.08203125
0 0.68359375 0.57080078125 0.076171875 0.1220703125
0 0.76953125 0.50927734375 0.095703125 0.0927734375
0 0.873046875 0.93017578125 0.0859375 0.0517578125
0 0.95458984375 0.91357421875 0.0908203125 0.0537109375
0 0.88623046875 0.875 0.0849609375 0.06640625
0 0.7763671875 0.7158203125 0.0546875 0.0703125
0 0.73193359375 0.75341796875 0.0498046875 0.0732421875
0 0.68798828125 0.8251953125 0.0498046875 0.1171875
0 0.74951171875 0.87939453125 0.0810546875 0.0869140625
0 0.84765625 0.71240234375 0.05859375 0.1123046875
0 0.83837890625 0.80810546875 0.0615234375 0.0791015625
0 0.9833984375 0.84375 0.033203125 0.03515625
0 0.94677734375 0.78759765625 0.0517578125 0.0498046875
0 0.68798828125 0.01123046875 0.0439453125 0.0224609375
0 0.73095703125 0.013671875 0.0439453125 0.02734375
0 0.7392578125 0.56005859375 0.0625 0.0419921875
0 0.79248046875 0.97802734375 0.0654296875 0.0439453125
0 0.73583984375 0.92431640625 0.0732421875 0.0595703125
0 0.408203125 0.9853515625 0.046875 0.029296875
0 0.35888671875 0.98974609375 0.0439453125 0.0205078125
0 0.87890625 0.10498046875 0.0390625 0.0341796875
0 0.78955078125 0.5966796875 0.0380859375 0.037109375
0 0.14111328125 0.51953125 0.0263671875 0.025390625
0 0.943359375 0.0224609375 0.091796875 0.044921875
0 0.89501953125 0.81689453125 0.0615234375 0.0498046875
