0 0.091796875 0.744140625 0.0546875 0.109375
0 0.35546875 0.95751953125 0.037109375 0.0517578125
0 0.73486328125 0.41015625 0.0419921875 0.0390625
0 0.62158203125 0.85888671875 0.0771484375 0.0693359375
0 0.0498046875 0.07568359375 0.099609375 0.0361328125
0 0.51171875 0.06494140625 0.138671875 0.1298828125
0 0.03662109375 0.5439453125 0.0556640625 0.05859375
0 0.01123046875 0.64013671875 0.0224609375 0.0634765625
0 0.59130859375 0.7587890625 0.0810546875 0.087890625
0 0.49951171875 0.78173828125 0.0634765625 0.0986328125
0 0.6796875 0.62353515625 0.0625 0.0830078125
0 0.783203125 0.64111328125 0.076171875 0.0576171875
0 0.1923828125 0.77783203125 0.0625 0.1337890625
0 0.77880859375 0.5791015625 0.1025390625 0.09375
0 0.44677734375 0.57861328125 0.1201171875 0.0615234375
0 0.29541015625 0.47900390625 0.0380859375 0.0380859375
0 0.052734375 0.46728515625 0.10546875 0.0732421875
0 0.60205078125 0.611328125 0.0419921875 0.056640625
0 0.04541015625 0.9169921875 0.0908203125 0.09765625
0 0.83447265625 0.7265625 0.0732421875 0.111328125
0 0.58935546875 0.44091796875 0.1064453125 0.0498046875
0 0.2734375 0.052734375 0.064453125 0.10546875
0 0.796875 0.927734375 0.05859375 0.068359375
0 0.6728515625 0.55126953125 0.0625 0.0595703125
0 0.63720703125 0.1953125 0.0478515625 0.068359375
0 0.83154296875 0.306640625 0.1005859375 0.115234375
0 0.16796875 0.6181640625 0.095703125 0.095703125
0 0.5048828125 0.6484375 0.0390625 0.041015625
0 0.296875 0.390625 0.08984375 0.080078125
0 0.822265625 0.4560546875 0.08984375 0.08203125
0 0.0283203125 0.7939453125 0.056640625 0.11328125
0 0.77197265625 0.0712890625 0.0341796875 0.033203125
0 0.138671875 0.9208984375 0.072265625 0.060546875
0 0.15576171875 0.72509765625 0.0556640625 0.0283203125
0 0.337890625 0.1875 0.068359375 0.07421875
0 0.53955078125 0.2275390625 0.0517578125 0.0703125
0 0.69775390625 0.9375 0.0712890625 0.119140625
0 0.482421875 0.88818359375 0.044921875 0.0517578125
0 0.23388671875 0.876953125 0.1376953125 0.091796875
0 0.64404296875 0.9384765625 0.0478515625 0.0859375
0 0.4208984375 0.90576171875 0.0703125 0.0771484375
