0 0.478515625 0.95947265625 0.203125 0.0791015625
0 0.6376953125 0.06103515625 0.10546875 0.1064453125
0 0.59326171875 0.4189453125 0.0869140625 0.107421875
0 0.21533203125 0.296875 0.1513671875 0.076171875
0 0.470703125 0.8583984375 0.248046875 0.1328125
0 0.95556640625 0.0693359375 0.0595703125 0.05859375
0 0.40478515625 0.1943359375 0.1201171875 0.05078125
0 0.40185546875 0.498046875 0.0751953125 0.09765625
0 0.505859375 0.7109375 0.087890625 0.078125
0 0.71728515625 0.236328125 0.1142578125 0.064453125
0 0.04345703125 0.0888671875 0.0869140625 0.09765625
0 0.57421875 0.29443359375 0.046875 0.1259765625
0 0.02197265625 0.525390625 0.0439453125 0.095703125
0 0.60986328125 0.29443359375 0.0498046875 0.0849609375
0 0.6611328125 0.73779296875 0.1484375 0.0908203125
0 0.47119140625 0.62646484375 0.0947265625 0.1298828125
0 0.61669921875 0.1533203125 0.0751953125 0.0625
0 0.4423828125 0.359375 0.134765625 0.115234375
0 0.7021484375 0.80078125 0.154296875 0.04296875
0 0.294921875 0.09619140625 0.140625 0.0908203125
0 0.185546875 0.71435546875 0.162109375 0.1845703125
0 0.72802734375 0.693359375 0.1474609375 0.087890625
0 0.58447265625 0.662109375 0.0947265625 0.064453125
0 0.9208984375 0.0576171875 0.05859375 0.041015625
0 0.9775390625 0.5361328125 0.044921875 0.06640625
0 0.70654296875 0.84033203125 0.1513671875 0.0595703125
0 0.55712890625 0.50439453125 0.1552734375 0.0849609375
0 0.93212890625 0.01708984375 0.1025390625 0.0341796875
0 0.81884765625 0.93359375 0.1240234375 0.130859375
0 0.48095703125 0.16845703125 0.0732421875 0.0478515625
0 0.02392578125 0.05859375 0.0478515625 0.056640625
0 0.18359375 0.10302734375 0.060546875 0.0986328125
0 0.08447265625 0.66015625 0.0654296875 0.10546875
0 0.2080078125 0.365234375 0.060546875 0.0625
0 0.8359375 0.70458984375 0.171875 0.0849609375
0 0.3232421875 0.34130859375 0.078125 0.0830078125
0 0.61279296875 0.634765625 0.0537109375 0.080078125
0 0.3505859375 0.552734375 0.080078125 0.072265625
0 0.1044921875 0.94580078125 0.078125 0.1064453125
