0 0.08203125 0.0439453125 0.103515625 0.068359375
0 0.2412109375 0.6875 0.041015625 0.060546875
0 0.54296875 0.7119140625 0.048828125 0.041015625
0 0.28271484375 0.20654296875 0.0634765625 0.0810546875
0 0.01953125 0.55322265625 0.0390625 0.0478515625
0 0.21142578125 0.19580078125 0.0634765625 0.0673828125
0 0.3935546875 0.09033203125 0.08203125 0.0634765625
0 0.0859375 0.45654296875 0.060546875 0.0537109375
0 0.70849609375 0.80859375 0.0439453125 0.041015625
0 0.72021484375 0.2275390625 0.0439453125 0.046875
0 0.91357421875 0.43896484375 0.0537109375 0.0419921875
0 0.4521484375 0.46875 0.056640625 0.064453125
0 0.46533203125 0.80029296875 0.0927734375 0.0751953125
0 0.9521484375 0.02392578125 0.08203125 0.0478515625
0 0.0244140625 0.2841796875 0.048828125 0.044921875
0 0.57177734375 0.14111328125 0.0771484375 0.0654296875
0 0.712890625 0.60205078125 0.056640625 0.0400390625
0 0.873046875 0.01171875 0.08203125 0.0234375
0 0.68603515625 0.32080078125 0.0849609375 0.0498046875
0 0.36669921875 0.5908203125 0.0576171875 0.0546875
0 0.02587890625 0.8310546875 0.0517578125 0.0546875
0 0.83154296875 0.60009765625 0.0888671875 0.0673828125
0 0.16845703125 0.34375 0.0615234375 0.05078125
0 0.728515625 0.40771484375 0.048828125 0.0498046875
0 0.97216796875 0.25390625 0.0556640625 0.080078125
0 0.9375 0.17138671875 0.083984375 0.0712890625
0 0.18359375 0.61962890625 0.072265625 0.0966796875
0 0.94677734375 0.802734375 0.0556640625 0.060546875
0 0.73291015625 0.7734375 0.0751953125 0.052734375
0 0.3720703125 0.68603515625 0.052734375 0.0478515625
0 0.43994140625 0.65771484375 0.0498046875 0.0576171875
0 0.0947265625 0.810546875 0.048828125 0.08203125
0 0.380859375 0.81396484375 0.060546875 0.0673828125
0 0.21630859375 0.974609375 0.0791015625 0.05078125
0 0.95263671875 0.30126953125 0.0673828125 0.0576171875
0 0.5966796875 0.30126953125 0.103515625 0.0595703125
0 0.75146484375 0.28515625 0.0888671875 0.0703125
0 0.6826171875 0.7236328125 0.076171875 0.052734375
0 0.53173828125 0.49853515625 0.0927734375 0.0771484375
0 0.845703125 0.42626953125 0.0625 0.0615234375
0 0.31298828125 0.15576171875 0.0673828125 0.0498046875
0 0.85107421875 0.56591796875 0.0654296875 0.0595703125
0 0.4052734375 0.21923828125 0.064453125 0.0615234375
0 0.72900390625 0.0859375 0.0849609375 0.05859375
0 0.53466796875 0.6240234375 0.0595703125 0.064453125
0 0.8798828125 0.95947265625 0.109375 0.0810546875
0 0.77587890625 0.83544921875 0.0615234375 0.0927734375
0 0.56005859375 0.42333984375 0.0732421875 0.0478515625
0 0.86572265625 0.7451171875 0.0478515625 0.05859375
0 0.67724609375 0.91796875 0.1181640625 0.0703125
0 0.84228515625 0.15380859375 0.0849609375 0.0693359375
0 0.14453125 0.78271484375 0.056640625 0.0634765625
0 0.19091796875 0.88818359375 0.0771484375 0.0869140625
