0 0.958984375 0.6904296875 0.08203125 0.080078125
0 0.9072265625 0.0302734375 0.08203125 0.060546875
0 0.291015625 0.65966796875 0.0625 0.0615234375
0 0.79150390625 0.45458984375 0.0732421875 0.0654296875
0 0.1201171875 0.5283203125 0.072265625 0.056640625
0 0.23095703125 0.90625 0.0673828125 0.06640625
0 0.34033203125 0.47119140625 0.0693359375 0.0693359375
0 0.7353515625 0.2978515625 0.04296875 0.0546875
0 0.935546875 0.55322265625 0.0625 0.0595703125
0 0.63916015625 0.46484375 0.0458984375 0.0390625
0 0.76708984375 0.71484375 0.0751953125 0.08984375
0 0.7529296875 0.64306640625 0.072265625 0.0673828125
0 0.86767578125 0.1005859375 0.0517578125 0.05859375
0 0.40966796875 0.39599609375 0.0576171875 0.0537109375
0 0.951171875 0.876953125 0.09765625 0.08984375
0 0.291015625 0.86962890625 0.0625 0.0751953125
0 0.111328125 0.791015625 0.08984375 0.0625
0 0.14404296875 0.966796875 0.0693359375 0.064453125
0 0.82470703125 0.880859375 0.0947265625 0.078125
0 0.24951171875 0.4296875 0.0615234375 0.0546875
0 0.91259765625 0.43896484375 0.0517578125 0.0400390625
0 0.8515625 0.03173828125 0.041015625 0.0556640625
0 0.2197265625 0.06005859375 0.06640625 0.0517578125
0 0.30615234375 0.3876953125 0.0830078125 0.06640625
0 0.35107421875 0.13134765625 0.0439453125 0.0576171875
