0 0.2177734375 0.3291015625 0.0859375 0.119140625
0 0.37548828125 0.8134765625 0.1025390625 0.048828125
0 0.31884765625 0.2451171875 0.1689453125 0.0546875
0 0.712890625 0.71142578125 0.0625 0.0634765625
0 0.03173828125 0.18505859375 0.0634765625 0.0654296875
0 0.40869140625 0.94873046875 0.0888671875 0.0986328125
0 0.0849609375 0.95751953125 0.10546875 0.0654296875
0 0.50830078125 0.482421875 0.0869140625 0.10546875
0 0.16162109375 0.923828125 0.0966796875 0.1328125
0 0.04150390625 0.330078125 0.0732421875 0.171875
0 0.52685546875 0.87744140625 0.0439453125 0.0380859375
0 0.751953125 0.81640625 0.05859375 0.0546875
0 0.908203125 0.947265625 0.095703125 0.10546875
0 0.06884765625 0.49365234375 0.1376953125 0.2080078125
0 0.8134765625 0.0263671875 0.103515625 0.052734375
0 0.7919921875 0.15966796875 0.041015625 0.0458984375
0 0.9755859375 0.1923828125 0.048828125 0.048828125
0 0.42724609375 0.35986328125 0.1494140625 0.0634765625
0 0.66748046875 0.9814453125 0.1142578125 0.037109375
0 0.74169921875 0.01806640625 0.0400390625 0.0341796875
0 0.88525390625 0.1591796875 0.0791015625 0.0625
0 0.291015625 0.50341796875 0.091796875 0.0869140625
0 0.86376953125 0.32373046875 0.0712890625 0.1220703125
0 0.56298828125 0.68359375 0.0712890625 0.05078125
0 0.26904296875 0.19921875 0.1064453125 0.068359375
0 0.0458984375 0.8203125 0.0859375 0.091796875
0 0.52490234375 0.1484375 0.0634765625 0.05078125
0 0.9033203125 0.43896484375 0.1484375 0.0830078125
0 0.65478515625 0.30078125 0.0947265625 0.107421875
0 0.61474609375 0.1982421875 0.0732421875 0.05859375
0 0.98046875 0.01416015625 0.037109375 0.0283203125
0 0.3125 0.046875 0.0546875 0.09375
0 0.1064453125 0.0556640625 0.1875 0.10546875
0 0.18310546875 0.78369140625 0.1103515625 0.0498046875
0 0.31591796875 0.6611328125 0.0634765625 0.0625
0 0.712890625 0.53857421875 0.064453125 0.1044921875
0 0.2490234375 0.11474609375 0.060546875 0.0634765625
0 0.8486328125 0.8095703125 0.076171875 0.111328125
