0 0.94580078125 0.63818359375 0.1083984375 0.1279296875
0 0.7109375 0.7646484375 0.142578125 0.21484375
0 0.33447265625 0.71435546875 0.1181640625 0.1220703125
0 0.70849609375 0.85205078125 0.1025390625 0.1044921875
0 0.69189453125 0.53173828125 0.0849609375 0.0751953125
0 0.86328125 0.3232421875 0.232421875 0.052734375
0 0.82958984375 0.720703125 0.0498046875 0.072265625
0 0.92236328125 0.82861328125 0.1552734375 0.0576171875
0 0.9599609375 0.73193359375 0.080078125 0.1005859375
0 0.20751953125 0.814453125 0.2314453125 0.171875
0 0.759765625 0.38427734375 0.21484375 0.0849609375
0 0.74951171875 0.4423828125 0.1650390625 0.115234375
0 0.2099609375 0.44482421875 0.125 0.0751953125
0 0.95068359375 0.5419921875 0.0869140625 0.07421875
0 0.5517578125 0.79052734375 0.21484375 0.0771484375
0 0.26220703125 0.599609375 0.1025390625 0.068359375
0 0.8486328125 0.9287109375 0.15234375 0.142578125
0 0.220703125 0.93603515625 0.25 0.1201171875
0 0.06201171875 0.25927734375 0.1044921875 0.0498046875
0 0.12158203125 0.6259765625 0.0751953125 0.07421875
0 0.93212890625 0.37060546875 0.1357421875 0.0771484375
0 0.18212890625 0.26611328125 0.1357421875 0.0673828125
0 0.36669921875 0.44384765625 0.1005859375 0.1044921875
0 0.66455078125 0.572265625 0.1904296875 0.099609375
0 0.63818359375 0.93603515625 0.0927734375 0.1279296875
0 0.26171875 0.1533203125 0.140625 0.0625
0 0.8193359375 0.86474609375 0.115234375 0.1298828125
0 0.08544921875 0.17626953125 0.1396484375 0.0654296875
0 0.6767578125 0.47607421875 0.0546875 0.0771484375
0 0.056640625 0.7587890625 0.11328125 0.0625
0 0.2099609375 0.68115234375 0.087890625 0.0419921875
0 0.27197265625 0.5380859375 0.1357421875 0.072265625
0 0.9267578125 0.75048828125 0.134765625 0.1376953125
0 0.56298828125 0.26318359375 0.0576171875 0.0732421875
0 0.58935546875 0.8720703125 0.0751953125 0.134765625
0 0.89306640625 0.87841796875 0.0673828125 0.1572265625
0 0.6904296875 0.48193359375 0.107421875 0.0556640625
0 0.87109375 0.57470703125 0.072265625 0.1044921875
0 0.02099609375 0.4658203125 0.0419921875 0.107421875
0 0.091796875 0.21435546875 0.099609375 0.0439453125
0 0.0166015625 0.1162109375 0.033203125 0.107421875
0 0.07763671875 0.57861328125 0.1025390625 0.0927734375
0 0.66845703125 0.6943359375 0.2177734375 0.16015625
0 0.9033203125 0.65185546875 0.193359375 0.0751953125
0 0.18359375 0.7060546875 0.0390625 0.044921875
0 0.66845703125 0.02880859375 0.1005859375 0.0439453125
0 0.7333984375 0.2646484375 0.08203125 0.095703125
0 0.10009765625 0.9521484375 0.0693359375 0.0703125
0 0.1357421875 0.43310546875 0.056640625 0.0673828125
