0 0.2373046875 0.16748046875 0.060546875 0.0341796875
0 0.3154296875 0.1552734375 0.044921875 0.046875
0 0.3779296875 0.05615234375 0.03125 0.0419921875
0 0.6953125 0.03564453125 0.048828125 0.0712890625
0 0.62646484375 0.08154296875 0.0400390625 0.0419921875
0 0.6103515625 0.04248046875 0.03125 0.0537109375
0 0.52001953125 0.068359375 0.0654296875 0.06640625
0 0.5751953125 0.0595703125 0.056640625 0.1015625
0 0.66943359375 0.095703125 0.0361328125 0.04296875
0 0.63134765625 0.1455078125 0.0439453125 0.083984375
0 0.74462890625 0.15185546875 0.1220703125 0.0869140625
0 0.720703125 0.17041015625 0.03515625 0.0322265625
0 0.7333984375 0.1953125 0.056640625 0.046875
0 0.7646484375 0.14990234375 0.033203125 0.0537109375
0 0.89794921875 0.123046875 0.0341796875 0.029296875
0 0.94970703125 0.0205078125 0.0341796875 0.02734375
0 0.8212890625 0.22998046875 0.05859375 0.0458984375
0 0.939453125 0.32763671875 0.0390625 0.0634765625
0 0.96240234375 0.3076171875 0.0498046875 0.1171875
0 0.98388671875 0.34814453125 0.0146484375 0.0166015625
0 0.99560546875 0.3603515625 0.0087890625 0.046875
0 0.98291015625 0.455078125 0.0341796875 0.041015625
0 0.9677734375 0.4794921875 0.03125 0.03125
0 0.9404296875 0.435546875 0.041015625 0.046875
0 0.92431640625 0.55615234375 0.0439453125 0.0576171875
0 0.890625 0.52783203125 0.041015625 0.0537109375
0 0.7470703125 0.51220703125 0.04296875 0.0751953125
0 0.93408203125 0.66552734375 0.0400390625 0.0458984375
0 0.9111328125 0.70166015625 0.05859375 0.0380859375
0 0.97021484375 0.71923828125 0.0556640625 0.0439453125
0 0.921875 0.75830078125 0.044921875 0.0400390625
0 0.97265625 0.81201171875 0.03125 0.0341796875
0 0.88623046875 0.736328125 0.0439453125 0.0390625
0 0.9853515625 0.84326171875 0.025390625 0.0244140625
0 0.92041015625 0.880859375 0.0322265625 0.037109375
0 0.73681640625 0.7177734375 0.0595703125 0.0546875
0 0.71142578125 0.91357421875 0.0986328125 0.0986328125
0 0.62158203125 0.91552734375 0.0478515625 0.0712890625
0 0.64306640625 0.96435546875 0.0380859375 0.0458984375
0 0.48095703125 0.9482421875 0.0322265625 0.021484375
0 0.35302734375 0.896484375 0.0517578125 0.0546875
0 0.30224609375 0.93798828125 0.0439453125 0.0478515625
0 0.19189453125 0.9453125 0.0458984375 0.041015625
0 0.18359375 0.8974609375 0.037109375 0.0390625
0 0.26806640625 0.8046875 0.0224609375 0.025390625
0 0.2265625 0.8251953125 0.05078125 0.04296875
0 0.115234375 0.70947265625 0.05859375 0.0458984375
0 0.4697265625 0.78369140625 0.04296875 0.0302734375
0 0.4443359375 0.66552734375 0.0390625 0.0439453125
0 0.2763671875 0.6416015625 0.037109375 0.056640625
0 0.1943359375 0.6396484375 0.107421875 0.05078125
0 0.3427734375 0.61962890625 0.09375 0.0830078125
0 0.380859375 0.498046875 0.03125 0.0390625
0 0.3740234375 0.54638671875 0.037109375 0.0458984375
0 0.3359375 0.5078125 0.029296875 0.0546875
0 0.294921875 0.52685546875 0.021484375 0.0166015625
0 0.35107421875 0.49853515625 0.0361328125 0.0771484375
0 0.29833984375 0.47998046875 0.0400390625 0.0634765625
0 0.25537109375 0.47265625 0.0283203125 0.033203125
0 0.2197265625 0.4599609375 0.037109375 0.0390625
0 0.279296875 0.46142578125 0.03125 0.0517578125
0 0.576171875 0.5185546875 0.033203125 0.02734375
0 0.568359375 0.619140625 0.02734375 0.03515625
0 0.55615234375 0.5439453125 0.0458984375 0.04296875
0 0.5380859375 0.4951171875 0.048828125 0.04296875
0 0.537109375 0.44482421875 0.02734375 0.0263671875
0 0.7236328125 0.58154296875 0.072265625 0.0478515625
0 0.68798828125 0.6123046875 0.0400390625 0.0546875
0 0.6669921875 0.59033203125 0.04296875 0.0654296875
0 0.74658203125 0.361328125 0.0478515625 0.060546875
0 0.6826171875 0.39306640625 0.048828125 0.0810546875
0 0.63134765625 0.3447265625 0.0263671875 0.0390625
0 0.6240234375 0.3193359375 0.041015625 0.041015625
0 0.5859375 0.28076171875 0.02734375 0.0537109375
0 0.59375 0.26318359375 0.078125 0.0302734375
0 0.6064453125 0.28515625 0.03515625 0.056640625
0 0.283203125 0.240234375 0.025390625 0.03515625
0 0.361328125 0.35498046875 0.029296875 0.0283203125
0 0.3037109375 0.33154296875 0.04296875 0.0810546875
0 0.26220703125 0.3466796875 0.0400390625 0.0390625
0 0.1845703125 0.279296875 0.048828125 0.046875
0 0.6533203125 0.7822265625 0.07421875 0.080078125
0 0.560546875 0.7265625 0.04296875 0.041015625
0 0.5439453125 0.68896484375 0.029296875 0.0478515625
0 0.77392578125 0.99072265625 0.0419921875 0.0185546875
0 0.8857421875 0.7734375 0.02734375 0.037109375
0 0.064453125 0.30224609375 0.021484375 0.0263671875
0 0.00830078125 0.484375 0.0166015625 0.056640625
0 0.01220703125 0.6689453125 0.0244140625 0.041015625
0 0.0361328125 0.67431640625 0.029296875 0.0361328125
0 0.654296875 0.0126953125 0.037109375 0.025390625
0 0.75634765625 0.1826171875 0.0517578125 0.05859375
0 0.36181640625 0.939453125 0.0185546875 0.015625
0 0.34912109375 0.9560546875 0.0224609375 0.013671875
0 0.9951171875 0.41943359375 0.009765625 0.0263671875
0 0.67431640625 0.92822265625 0.0341796875 0.0361328125
0 0.51708984375 0.44775390625 0.0556640625 0.0478515625
0 0.3779296875 0.96337890625 0.0234375 0.0244140625
