0 0.37353515625 0.1591796875 0.0673828125 0.083984375
0 0.607421875 0.71923828125 0.130859375 0.0830078125
0 0.7109375 0.31298828125 0.08203125 0.1865234375
0 0.85986328125 0.18212890625 0.1298828125 0.1142578125
0 0.5419921875 0.353515625 0.26953125 0.083984375
0 0.4501953125 0.9736328125 0.0625 0.052734375
0 0.84423828125 0.8603515625 0.1025390625 0.052734375
0 0.326171875 0.21435546875 0.0703125 0.0751953125
0 0.80859375 0.78076171875 0.099609375 0.1064453125
0 0.939453125 0.8740234375 0.107421875 0.125
0 0.33154296875 0.82958984375 0.1962890625 0.1064453125
0 0.94873046875 0.73828125 0.1025390625 0.11328125
0 0.2060546875 0.84326171875 0.041015625 0.0830078125
0 0.12744140625 0.3154296875 0.1005859375 0.0625
0 0.8203125 0.87353515625 0.1328125 0.0771484375
0 0.5634765625 0.97607421875 0.04296875 0.0478515625
0 0.68896484375 0.64794921875 0.1083984375 0.1318359375
0 0.88720703125 0.951171875 0.1005859375 0.09765625
0 0.93505859375 0.56591796875 0.0732421875 0.0732421875
0 0.880859375 0.54296875 0.0859375 0.09765625
0 0.7978515625 0.22705078125 0.1484375 0.0947265625
0 0.2509765625 0.5087890625 0.083984375 0.08984375
0 0.41845703125 0.42626953125 0.0634765625 0.2177734375
0 0.0546875 0.83251953125 0.0703125 0.2548828125
0 0.64501953125 0.435546875 0.0751953125 0.08203125
0 0.9462890625 0.88525390625 0.10546875 0.1083984375
0 0.19384765625 0.1015625 0.1064453125 0.125
0 0.1591796875 0.89111328125 0.150390625 0.0693359375
0 0.83984375 0.31884765625 0.0703125 0.0576171875
0 0.15771484375 0.01904296875 0.1533203125 0.0380859375
0 0.64404296875 0.25244140625 0.0732421875 0.1806640625
0 0.31298828125 0.06396484375 0.0830078125 0.1279296875
0 0.6708984375 0.5185546875 0.0625 0.044921875
0 0.11376953125 0.4619140625 0.0673828125 0.083984375
0 0.9296875 0.1083984375 0.080078125 0.08203125
0 0.25732421875 0.44775390625 0.0615234375 0.0771484375
0 0.52197265625 0.86572265625 0.0693359375 0.0478515625
0 0.97607421875 0.27490234375 0.0478515625 0.0908203125
0 0.34423828125 0.83837890625 0.2099609375 0.0830078125
0 0.72216796875 0.60205078125 0.2060546875 0.0908203125
0 0.15380859375 0.72021484375 0.1181640625 0.0732421875
