0 0.45458984375 0.53076171875 0.0634765625 0.0419921875
0 0.75537109375 0.23486328125 0.0498046875 0.0380859375
0 0.58447265625 0.08740234375 0.0712890625 0.0439453125
0 0.8369140625 0.1884765625 0.07421875 0.060546875
0 0.90478515625 0.79248046875 0.0498046875 0.0400390625
0 0.45263671875 0.77783203125 0.0673828125 0.0517578125
0 0.982421875 0.25732421875 0.033203125 0.0322265625
0 0.3720703125 0.5703125 0.0546875 0.0546875
0 0.11767578125 0.5771484375 0.0576171875 0.076171875
0 0.5224609375 0.71923828125 0.05859375 0.0537109375
0 0.482421875 0.21484375 0.048828125 0.060546875
0 0.63037109375 0.48046875 0.0576171875 0.05078125
0 0.58935546875 0.466796875 0.0400390625 0.05078125
0 0.48486328125 0.90283203125 0.0537109375 0.0712890625
0 0.30029296875 0.97900390625 0.0751953125 0.0419921875
0 0.5654296875 0.9423828125 0.0703125 0.0390625
0 0.296875 0.8505859375 0.048828125 0.041015625
0 0.6025390625 0.66552734375 0.04296875 0.0439453125
0 0.07373046875 0.81689453125 0.0673828125 0.0634765625
0 0.69287109375 0.103515625 0.0595703125 0.0625
0 0.63671875 0.87060546875 0.083984375 0.0576171875
0 0.201171875 0.45263671875 0.083984375 0.0986328125
0 0.74658203125 0.4453125 0.0458984375 0.046875
0 0.83837890625 0.3056640625 0.0517578125 0.048828125
0 0.6416015625 0.95703125 0.05078125 0.052734375
0 0.88330078125 0.57666015625 0.0419921875 0.0380859375
0 0.0869140625 0.9873046875 0.052734375 0.025390625
0 0.6435546875 0.662109375 0.0390625 0.04296875
0 0.73974609375 0.138671875 0.0595703125 0.06640625
0 0.931640625 0.51953125 0.068359375 0.05859375
0 0.10009765625 0.4873046875 0.0478515625 0.0625
0 0.67529296875 0.75634765625 0.0830078125 0.0673828125
0 0.8984375 0.62646484375 0.05078125 0.0517578125
0 0.07373046875 0.6767578125 0.0537109375 0.044921875
0 0.9384765625 0.11181640625 0.048828125 0.0537109375
0 0.98046875 0.67724609375 0.0390625 0.0693359375
0 0.80126953125 0.77783203125 0.0537109375 0.0732421875
0 0.11669921875 0.064453125 0.1044921875 0.072265625
0 0.984375 0.85302734375 0.03125 0.0654296875
0 0.32666015625 0.05419921875 0.0712890625 0.0908203125
0 0.1826171875 0.65966796875 0.064453125 0.0654296875
0 0.48828125 0.0234375 0.0390625 0.046875
0 0.029296875 0.19384765625 0.05859375 0.0517578125
0 0.03466796875 0.02734375 0.0673828125 0.05078125
