0 0.30029296875 0.7763671875 0.0791015625 0.060546875
0 0.89013671875 0.20458984375 0.1005859375 0.1005859375
0 0.923828125 0.537109375 0.056640625 0.06640625
0 0.39208984375 0.40966796875 0.0693359375 0.0634765625
0 0.78662109375 0.73974609375 0.0654296875 0.0634765625
0 0.74951171875 0.68408203125 0.0634765625 0.0634765625
0 0.4287109375 0.771484375 0.0703125 0.0625
0 0.197265625 0.80078125 0.087890625 0.056640625
0 0.95751953125 0.23095703125 0.0849609375 0.0654296875
0 0.890625 0.37841796875 0.095703125 0.0751953125
0 0.48486328125 0.52734375 0.1240234375 0.103515625
0 0.1064453125 0.41015625 0.06640625 0.078125
0 0.6611328125 0.837890625 0.095703125 0.080078125
0 0.04248046875 0.9755859375 0.0791015625 0.046875
0 0.78271484375 0.9208984375 0.0771484375 0.068359375
0 0.28173828125 0.66455078125 0.0810546875 0.1142578125
0 0.0859375 0.1318359375 0.0625 0.125
0 0.279296875 0.265625 0.08984375 0.060546875
0 0.04736328125 0.2900390625 0.0712890625 0.06640625
0 0.94873046875 0.30615234375 0.0869140625 0.0654296875
0 0.8974609375 0.8671875 0.080078125 0.05078125
0 0.7548828125 0.638671875 0.05859375 0.0390625
0 0.58984375 0.45556640625 0.087890625 0.0947265625
0 0.173828125 0.8408203125 0.095703125 0.068359375
0 0.037109375 0.35498046875 0.06640625 0.0693359375
0 0.70751953125 0.47802734375 0.0732421875 0.0751953125
0 0.19580078125 0.56103515625 0.0712890625 0.0908203125
0 0.6552734375 0.671875 0.064453125 0.044921875
0 0.92919921875 0.09033203125 0.0908203125 0.0732421875
0 0.27978515625 0.505859375 0.0712890625 0.0703125
0 0.31982421875 0.86181640625 0.0732421875 0.0751953125
0 0.92724609375 0.9892578125 0.0908203125 0.021484375
0 0.57568359375 0.21337890625 0.1064453125 0.1025390625
0 0.8515625 0.28955078125 0.04296875 0.0693359375
0 0.7919921875 0.203125 0.078125 0.048828125
0 0.7587890625 0.2744140625 0.083984375 0.05859375
0 0.68212890625 0.72314453125 0.0673828125 0.0537109375
0 0.76904296875 0.810546875 0.0751953125 0.06640625
0 0.3388671875 0.46533203125 0.0703125 0.0478515625
0 0.1435546875 0.1826171875 0.130859375 0.083984375
0 0.5947265625 0.3671875 0.095703125 0.0625
0 0.93896484375 0.7470703125 0.0791015625 0.06640625
0 0.388671875 0.2353515625 0.09375 0.1328125
0 0.39208984375 0.8203125 0.0576171875 0.060546875
0 0.55712890625 0.5 0.0771484375 0.09375
0 0.8828125 0.61328125 0.080078125 0.111328125
0 0.94189453125 0.83203125 0.0341796875 0.041015625
0 0.73291015625 0.97265625 0.0810546875 0.0546875
0 0.861328125 0.4599609375 0.0703125 0.08984375
0 0.9814453125 0.35107421875 0.037109375 0.0400390625
0 0.24609375 0.95263671875 0.095703125 0.0947265625
0 0.03466796875 0.5029296875 0.0693359375 0.095703125
0 0.88623046875 0.8115234375 0.0537109375 0.04296875
0 0.26220703125 0.400390625 0.0927734375 0.134765625
