0 0.9091796875 0.54345703125 0.0859375 0.0498046875
0 0.45703125 0.671875 0.048828125 0.0390625
0 0.29931640625 0.04833984375 0.0400390625 0.0478515625
0 0.2041015625 0.02880859375 0.09375 0.0576171875
0 0.0205078125 0.80517578125 0.041015625 0.0419921875
0 0.06689453125 0.80615234375 0.0458984375 0.0380859375
0 0.32421875 0.59326171875 0.025390625 0.0380859375
0 0.30224609375 0.56298828125 0.0556640625 0.0224609375
0 0.44580078125 0.2431640625 0.0576171875 0.060546875
0 0.83447265625 0.13916015625 0.0517578125 0.0517578125
0 0.77880859375 0.212890625 0.0439453125 0.041015625
0 0.77099609375 0.24853515625 0.0498046875 0.0400390625
0 0.84033203125 0.26123046875 0.0576171875 0.0458984375
0 0.8232421875 0.31884765625 0.0546875 0.0498046875
0 0.86962890625 0.3330078125 0.0751953125 0.06640625
0 0.890625 0.41064453125 0.046875 0.0634765625
0 0.77978515625 0.50830078125 0.0419921875 0.0478515625
0 0.83447265625 0.54541015625 0.0419921875 0.0380859375
0 0.85595703125 0.60400390625 0.0576171875 0.0634765625
0 0.82373046875 0.96728515625 0.0439453125 0.0634765625
0 0.9365234375 0.9453125 0.076171875 0.0546875
0 0.75732421875 0.5986328125 0.0380859375 0.044921875
0 0.01123046875 0.4169921875 0.0224609375 0.033203125
0 0.02587890625 0.46044921875 0.0361328125 0.0322265625
0 0.25537109375 0.00439453125 0.0224609375 0.0087890625
0 0.26171875 0.09716796875 0.068359375 0.0791015625
0 0.0107421875 0.9267578125 0.021484375 0.021484375
0 0.00439453125 0.94580078125 0.0087890625 0.0166015625
0 0.87353515625 0.98974609375 0.0302734375 0.0205078125
0 0.24365234375 0.11279296875 0.0947265625 0.0830078125
0 0.3154296875 0.28173828125 0.0703125 0.0712890625
0 0.35791015625 0.083984375 0.0537109375 0.08203125
0 0.42138671875 0.02685546875 0.0439453125 0.0439453125
0 0.427734375 0.0732421875 0.0625 0.060546875
0 0.39404296875 0.08740234375 0.0478515625 0.0556640625
0 0.44677734375 0.1318359375 0.0693359375 0.05859375
0 0.37646484375 0.146484375 0.0634765625 0.0546875
0 0.3720703125 0.1962890625 0.08203125 0.0703125
0 0.4228515625 0.41015625 0.048828125 0.046875
0 0.42578125 0.3662109375 0.044921875 0.03125
0 0.38427734375 0.39453125 0.0576171875 0.0703125
0 0.39208984375 0.802734375 0.0478515625 0.037109375
0 0.24169921875 0.810546875 0.0537109375 0.041015625
0 0.33935546875 0.953125 0.0771484375 0.078125
0 0.40478515625 0.91845703125 0.0380859375 0.0361328125
0 0.38671875 0.8798828125 0.04296875 0.046875
0 0.3125 0.8857421875 0.0546875 0.04296875
0 0.35009765625 0.83203125 0.0615234375 0.05859375
0 0.29541015625 0.85498046875 0.0537109375 0.0400390625
0 0.3115234375 0.8037109375 0.060546875 0.064453125
0 0.80712890625 0.70947265625 0.0732421875 0.0693359375
0 0.8271484375 0.763671875 0.068359375 0.0625
0 0.9375 0.78662109375 0.123046875 0.0771484375
0 0.8671875 0.7900390625 0.048828125 0.05078125
0 0.86572265625 0.86181640625 0.1005859375 0.0654296875
0 0.9521484375 0.88916015625 0.09375 0.0576171875
0 0.72021484375 0.50146484375 0.0478515625 0.0888671875
0 0.77001953125 0.0576171875 0.0810546875 0.115234375
0 0.70068359375 0.0537109375 0.0439453125 0.099609375
0 0.66845703125 0.0791015625 0.0517578125 0.09375
0 0.90966796875 0.845703125 0.0556640625 0.029296875
0 0.2744140625 0.8046875 0.029296875 0.033203125
