0 0.04052734375 0.0908203125 0.0615234375 0.041015625
0 0.080078125 0.806640625 0.056640625 0.0546875
0 0.03955078125 0.92626953125 0.0595703125 0.1376953125
0 0.0654296875 0.771484375 0.044921875 0.05859375
0 0.017578125 0.95751953125 0.03515625 0.0810546875
0 0.787109375 0.70166015625 0.06640625 0.0615234375
0 0.1279296875 0.27978515625 0.12890625 0.0537109375
0 0.205078125 0.84326171875 0.12890625 0.0537109375
0 0.263671875 0.4248046875 0.224609375 0.068359375
0 0.8876953125 0.912109375 0.0703125 0.109375
0 0.9775390625 0.55322265625 0.041015625 0.0439453125
0 0.17236328125 0.72900390625 0.1044921875 0.0771484375
0 0.2421875 0.82421875 0.173828125 0.12109375
0 0.25146484375 0.68359375 0.1025390625 0.06640625
0 0.02734375 0.77392578125 0.048828125 0.0830078125
0 0.1005859375 0.7236328125 0.10546875 0.064453125
0 0.21533203125 0.90673828125 0.1005859375 0.0908203125
0 0.05419921875 0.20751953125 0.0751953125 0.0654296875
0 0.11669921875 0.9609375 0.0830078125 0.078125
0 0.9677734375 0.88916015625 0.064453125 0.0810546875
0 0.0185546875 0.5908203125 0.037109375 0.1015625
0 0.9072265625 0.0537109375 0.115234375 0.099609375
