0 0.7841796875 0.7802734375 0.021484375 0.0234375
0 0.84814453125 0.6455078125 0.0283203125 0.02734375
0 0.77685546875 0.51318359375 0.0224609375 0.0380859375
0 0.82421875 0.18017578125 0.0625 0.0654296875
0 0.8837890625 0.14990234375 0.056640625 0.0595703125
0 0.646484375 0.2275390625 0.017578125 0.04296875
0 0.45654296875 0.6826171875 0.0341796875 0.01953125
0 0.478515625 0.5810546875 0.08984375 0.03125
0 0.42333984375 0.4765625 0.0283203125 0.033203125
0 0.29052734375 0.39892578125 0.0400390625 0.0205078125
0 0.32861328125 0.41064453125 0.0380859375 0.0341796875
0 0.486328125 0.38330078125 0.02734375 0.0302734375
0 0.49267578125 0.35595703125 0.0341796875 0.0166015625
0 0.36376953125 0.345703125 0.0224609375 0.017578125
0 0.37109375 0.31982421875 0.03125 0.0322265625
0 0.39892578125 0.32080078125 0.0263671875 0.0380859375
0 0.3330078125 0.28564453125 0.041015625 0.0263671875
0 0.24560546875 0.19677734375 0.0458984375 0.0615234375
0 0.32080078125 0.197265625 0.0361328125 0.064453125
0 0.35791015625 0.1923828125 0.0380859375 0.037109375
0 0.4267578125 0.11474609375 0.025390625 0.0322265625
0 0.3583984375 0.13037109375 0.033203125 0.0556640625
0 0.115234375 0.7783203125 0.02734375 0.048828125
0 0.0634765625 0.6748046875 0.03515625 0.025390625
0 0.0244140625 0.462890625 0.03125 0.033203125
0 0.4931640625 0.52783203125 0.064453125 0.0302734375
0 0.21337890625 0.365234375 0.0146484375 0.0234375
0 0.30615234375 0.619140625 0.0185546875 0.01953125
0 0.68310546875 0.921875 0.0771484375 0.064453125
