0 0.97705078125 0.0908203125 0.0458984375 0.087890625
0 0.4189453125 0.0380859375 0.123046875 0.07421875
0 0.85693359375 0.7431640625 0.0751953125 0.056640625
0 0.7333984375 0.763671875 0.056640625 0.1015625
0 0.4375 0.5703125 0.064453125 0.064453125
0 0.71142578125 0.1357421875 0.0654296875 0.08984375
0 0.62060546875 0.2158203125 0.0830078125 0.078125
0 0.7333984375 0.0322265625 0.087890625 0.064453125
0 0.5302734375 0.021484375 0.076171875 0.04296875
0 0.7021484375 0.6259765625 0.0625 0.0625
0 0.6845703125 0.29833984375 0.060546875 0.1181640625
0 0.62939453125 0.7001953125 0.0517578125 0.09375
0 0.9609375 0.27001953125 0.048828125 0.0771484375
0 0.724609375 0.39453125 0.095703125 0.080078125
0 0.95458984375 0.3642578125 0.0908203125 0.0703125
0 0.486328125 0.677734375 0.046875 0.107421875
0 0.6123046875 0.34326171875 0.0703125 0.1279296875
0 0.8525390625 0.24609375 0.0703125 0.076171875
0 0.62548828125 0.01220703125 0.0830078125 0.0244140625
0 0.74462890625 0.17578125 0.0947265625 0.0625
0 0.7958984375 0.12548828125 0.08203125 0.0771484375
