0 0.171875 0.08154296875 0.048828125 0.0517578125
0 0.62744140625 0.01953125 0.0927734375 0.0390625
0 0.24755859375 0.25341796875 0.0400390625 0.0439453125
0 0.181640625 0.86865234375 0.060546875 0.0478515625
0 0.6552734375 0.6640625 0.0625 0.04296875
0 0.1875 0.81982421875 0.05859375 0.0458984375
0 0.90869140625 0.548828125 0.0947265625 0.04296875
0 0.23828125 0.9755859375 0.078125 0.048828125
0 0.2958984375 0.14111328125 0.060546875 0.0205078125
0 0.64990234375 0.4150390625 0.0537109375 0.048828125
0 0.09716796875 0.01611328125 0.0654296875 0.0322265625
0 0.72509765625 0.50537109375 0.0498046875 0.0400390625
0 0.9306640625 0.9013671875 0.091796875 0.052734375
0 0.322265625 0.166015625 0.06640625 0.052734375
0 0.2373046875 0.39208984375 0.0859375 0.0634765625
0 0.11376953125 0.87744140625 0.0517578125 0.0380859375
0 0.81689453125 0.349609375 0.1005859375 0.068359375
0 0.80419921875 0.9560546875 0.0810546875 0.044921875
0 0.63623046875 0.849609375 0.0712890625 0.060546875
0 0.74951171875 0.77685546875 0.0712890625 0.0458984375
0 0.0712890625 0.05322265625 0.048828125 0.0595703125
0 0.734375 0.65283203125 0.076171875 0.0712890625
0 0.69287109375 0.23681640625 0.0751953125 0.0478515625
0 0.21337890625 0.14404296875 0.0595703125 0.0576171875
0 0.30224609375 0.3076171875 0.0751953125 0.0625
0 0.2451171875 0.5234375 0.10546875 0.07421875
0 0.85400390625 0.2509765625 0.0712890625 0.064453125
0 0.5771484375 0.09375 0.06640625 0.048828125
0 0.7314453125 0.27294921875 0.0703125 0.0615234375
0 0.18115234375 0.2080078125 0.0615234375 0.0625
0 0.8837890625 0.75830078125 0.083984375 0.0478515625
0 0.3310546875 0.2470703125 0.087890625 0.044921875
0 0.2333984375 0.6494140625 0.041015625 0.033203125
0 0.04638671875 0.134765625 0.0517578125 0.08203125
0 0.97314453125 0.32763671875 0.0537109375 0.0654296875
0 0.21875 0.71630859375 0.044921875 0.0517578125
0 0.10302734375 0.24462890625 0.0576171875 0.0693359375
