0 0.1826171875 0.0380859375 0.169921875 0.076171875
0 0.3896484375 0.0146484375 0.068359375 0.029296875
0 0.8857421875 0.0537109375 0.150390625 0.107421875
0 0.89013671875 0.22265625 0.1064453125 0.140625
0 0.796875 0.1142578125 0.083984375 0.072265625
0 0.83935546875 0.21142578125 0.0517578125 0.0869140625
0 0.69384765625 0.32568359375 0.3408203125 0.1181640625
0 0.13671875 0.23486328125 0.2734375 0.2001953125
0 0.29736328125 0.20458984375 0.2626953125 0.0791015625
0 0.59130859375 0.31884765625 0.1337890625 0.3291015625
0 0.41943359375 0.1533203125 0.1259765625 0.119140625
0 0.728515625 0.39501953125 0.15234375 0.0908203125
0 0.4501953125 0.2451171875 0.134765625 0.26171875
0 0.35205078125 0.3447265625 0.1025390625 0.15625
0 0.07666015625 0.3837890625 0.1376953125 0.1484375
0 0.90087890625 0.66796875 0.0751953125 0.068359375
0 0.830078125 0.59228515625 0.064453125 0.2431640625
0 0.75439453125 0.54931640625 0.1923828125 0.1416015625
0 0.91845703125 0.7666015625 0.1611328125 0.0625
0 0.6171875 0.60009765625 0.11328125 0.0869140625
0 0.45751953125 0.58642578125 0.1806640625 0.0712890625
0 0.02392578125 0.564453125 0.0478515625 0.05078125
0 0.767578125 0.8837890625 0.08203125 0.150390625
0 0.74462890625 0.78564453125 0.1767578125 0.1962890625
0 0.59521484375 0.6865234375 0.1494140625 0.09765625
0 0.3076171875 0.65234375 0.095703125 0.427734375
0 0.314453125 0.90283203125 0.15234375 0.1337890625
0 0.234375 0.8994140625 0.1015625 0.1953125
0 0.79296875 0.974609375 0.060546875 0.048828125
0 0.2041015625 0.64794921875 0.052734375 0.0986328125
0 0.1962890625 0.74560546875 0.162109375 0.0830078125
0 0.74951171875 0.4951171875 0.0673828125 0.087890625
0 0.166015625 0.6826171875 0.041015625 0.044921875
0 0.96875 0.08447265625 0.060546875 0.0478515625
