0 0.87109375 0.16455078125 0.048828125 0.0771484375
0 0.853515625 0.81640625 0.04296875 0.05078125
0 0.90576171875 0.52490234375 0.0927734375 0.0947265625
0 0.5400390625 0.34521484375 0.068359375 0.0908203125
0 0.2021484375 0.1376953125 0.064453125 0.080078125
0 0.05126953125 0.0400390625 0.0712890625 0.06640625
0 0.6484375 0.2666015625 0.080078125 0.091796875
0 0.93994140625 0.986328125 0.0693359375 0.02734375
0 0.93017578125 0.73291015625 0.0361328125 0.0732421875
0 0.69189453125 0.17138671875 0.1103515625 0.1005859375
0 0.580078125 0.59326171875 0.083984375 0.0732421875
0 0.7001953125 0.4951171875 0.08203125 0.044921875
0 0.14453125 0.94287109375 0.076171875 0.0517578125
0 0.390625 0.14306640625 0.07421875 0.1083984375
0 0.099609375 0.20654296875 0.05859375 0.0595703125
0 0.880859375 0.845703125 0.04296875 0.041015625
0 0.650390625 0.9501953125 0.05859375 0.05078125
0 0.5439453125 0.02978515625 0.060546875 0.0595703125
0 0.9443359375 0.8349609375 0.07421875 0.041015625
0 0.04541015625 0.580078125 0.0908203125 0.1328125
0 0.04931640625 0.7587890625 0.0673828125 0.0546875
0 0.1611328125 0.51123046875 0.06640625 0.0791015625
