0 0.681640625 0.59423828125 0.0625 0.1259765625
0 0.4033203125 0.44482421875 0.06640625 0.0986328125
0 0.685546875 0.01611328125 0.056640625 0.0302734375
0 0.828125 0.7001953125 0.0703125 0.140625
0 0.89892578125 0.49951171875 0.0595703125 0.0634765625
0 0.38818359375 0.0234375 0.1064453125 0.046875
0 0.26220703125 0.7802734375 0.0595703125 0.0703125
0 0.67333984375 0.88525390625 0.1064453125 0.0732421875
0 0.69189453125 0.9755859375 0.0615234375 0.048828125
0 0.85009765625 0.146484375 0.0654296875 0.05859375
0 0.39990234375 0.11572265625 0.0400390625 0.0322265625
0 0.6494140625 0.07080078125 0.0859375 0.0732421875
0 0.37646484375 0.5869140625 0.0615234375 0.0625
0 0.34375 0.9052734375 0.1328125 0.095703125
0 0.3642578125 0.9658203125 0.095703125 0.06640625
0 0.1787109375 0.06640625 0.119140625 0.06640625
0 0.798828125 0.98388671875 0.134765625 0.0302734375
0 0.86328125 0.0595703125 0.1015625 0.07421875
0 0.1591796875 0.21240234375 0.06640625 0.1357421875
0 0.6416015625 0.1337890625 0.068359375 0.083984375
0 0.859375 0.869140625 0.0625 0.111328125
0 0.01904296875 0.0849609375 0.0380859375 0.078125
0 0.291015625 0.71240234375 0.111328125 0.0986328125
0 0.45654296875 0.83154296875 0.0810546875 0.0693359375
0 0.24365234375 0.83251953125 0.1416015625 0.1748046875
0 0.51708984375 0.37548828125 0.0751953125 0.1298828125
0 0.138671875 0.3935546875 0.056640625 0.109375
0 0.96728515625 0.279296875 0.0654296875 0.115234375
0 0.17626953125 0.34375 0.0693359375 0.134765625
0 0.087890625 0.27001953125 0.072265625 0.1103515625
0 0.611328125 0.35595703125 0.119140625 0.1044921875
0 0.41943359375 0.07958984375 0.0947265625 0.0517578125
0 0.14892578125 0.73779296875 0.0986328125 0.0712890625
0 0.349609375 0.42431640625 0.10546875 0.1455078125
0 0.0732421875 0.416015625 0.072265625 0.107421875
0 0.07275390625 0.025390625 0.0693359375 0.05078125
0 0.7666015625 0.88330078125 0.06640625 0.0615234375
0 0.2451171875 0.427734375 0.05078125 0.04296875
0 0.93994140625 0.5556640625 0.0986328125 0.087890625
0 0.04150390625 0.96435546875 0.0830078125 0.0712890625
0 0.37646484375 0.05126953125 0.0830078125 0.0712890625
0 0.576171875 0.0556640625 0.072265625 0.087890625
