0 0.0703125 0.5302734375 0.05859375 0.080078125
0 0.78076171875 0.56298828125 0.0615234375 0.0693359375
0 0.7880859375 0.38818359375 0.072265625 0.0751953125
0 0.20166015625 0.68310546875 0.0478515625 0.0673828125
0 0.6376953125 0.9775390625 0.033203125 0.04296875
0 0.12353515625 0.83544921875 0.0595703125 0.0712890625
0 0.18994140625 0.31005859375 0.0849609375 0.0908203125
0 0.54345703125 0.509765625 0.0400390625 0.044921875
0 0.7431640625 0.03076171875 0.05859375 0.0576171875
0 0.6923828125 0.85693359375 0.05859375 0.0478515625
0 0.5908203125 0.48486328125 0.0546875 0.0927734375
0 0.69287109375 0.06494140625 0.0517578125 0.0673828125
0 0.07568359375 0.0986328125 0.0576171875 0.099609375
0 0.64892578125 0.126953125 0.0595703125 0.07421875
0 0.6298828125 0.75537109375 0.033203125 0.0634765625
0 0.5771484375 0.67724609375 0.05859375 0.0634765625
0 0.947265625 0.38916015625 0.08203125 0.0439453125
0 0.078125 0.34228515625 0.064453125 0.0830078125
0 0.29638671875 0.09619140625 0.0498046875 0.0810546875
0 0.921875 0.72705078125 0.115234375 0.0791015625
0 0.68017578125 0.24609375 0.0537109375 0.107421875
0 0.65185546875 0.02587890625 0.0615234375 0.0517578125
0 0.53857421875 0.416015625 0.0556640625 0.04296875
