0 0.10888671875 0.75732421875 0.0693359375 0.1025390625
0 0.7197265625 0.3134765625 0.072265625 0.107421875
0 0.359375 0.640625 0.205078125 0.052734375
0 0.2021484375 0.25341796875 0.0703125 0.0478515625
0 0.3720703125 0.22900390625 0.09765625 0.1025390625
0 0.6982421875 0.44580078125 0.1328125 0.0732421875
0 0.375 0.15185546875 0.125 0.0654296875
0 0.10302734375 0.3720703125 0.1220703125 0.134765625
0 0.91357421875 0.8505859375 0.1728515625 0.126953125
0 0.85986328125 0.9609375 0.1650390625 0.078125
0 0.9560546875 0.443359375 0.08203125 0.056640625
0 0.54345703125 0.0625 0.1572265625 0.0625
0 0.3193359375 0.783203125 0.064453125 0.087890625
0 0.6328125 0.48974609375 0.0703125 0.0615234375
0 0.56005859375 0.3759765625 0.0830078125 0.078125
0 0.724609375 0.0546875 0.19921875 0.0546875
0 0.85009765625 0.58837890625 0.2841796875 0.1298828125
0 0.8095703125 0.6708984375 0.130859375 0.087890625
0 0.41162109375 0.3525390625 0.1845703125 0.14453125
0 0.34033203125 0.0439453125 0.2060546875 0.0859375
0 0.7158203125 0.66064453125 0.068359375 0.0673828125
0 0.17724609375 0.1328125 0.1748046875 0.0703125
0 0.85986328125 0.7392578125 0.0849609375 0.0546875
0 0.810546875 0.41552734375 0.072265625 0.1025390625
0 0.4169921875 0.95068359375 0.109375 0.0634765625
0 0.5244140625 0.85595703125 0.0703125 0.0576171875
0 0.39794921875 0.6484375 0.1376953125 0.09765625
0 0.30322265625 0.69482421875 0.0478515625 0.0869140625
0 0.18994140625 0.66552734375 0.1201171875 0.1220703125
0 0.33154296875 0.7060546875 0.0380859375 0.078125
0 0.09326171875 0.3095703125 0.0869140625 0.0625
0 0.67724609375 0.859375 0.0771484375 0.08203125
0 0.55908203125 0.24951171875 0.1904296875 0.0751953125
0 0.107421875 0.05322265625 0.09765625 0.0712890625
0 0.5029296875 0.77685546875 0.064453125 0.0595703125
0 0.64208984375 0.0283203125 0.0751953125 0.056640625
0 0.90087890625 0.35009765625 0.0556640625 0.0791015625
0 0.1474609375 0.0390625 0.125 0.078125
0 0.05078125 0.08349609375 0.078125 0.0771484375
0 0.5830078125 0.05078125 0.142578125 0.087890625
0 0.35107421875 0.349609375 0.0751953125 0.083984375
0 0.8369140625 0.56787109375 0.12109375 0.1591796875
0 0.80419921875 0.18408203125 0.1357421875 0.0673828125
0 0.2333984375 0.4423828125 0.091796875 0.205078125
0 0.5546875 0.90966796875 0.134765625 0.0693359375
0 0.32568359375 0.060546875 0.1787109375 0.119140625
0 0.97998046875 0.23681640625 0.0400390625 0.1904296875
0 0.3408203125 0.04345703125 0.20703125 0.0869140625
0 0.55224609375 0.68212890625 0.0947265625 0.0595703125
0 0.1083984375 0.955078125 0.080078125 0.08984375
0 0.3603515625 0.849609375 0.142578125 0.115234375
0 0.78076171875 0.27734375 0.0966796875 0.080078125
0 0.73193359375 0.50341796875 0.1201171875 0.0869140625
0 0.6005859375 0.6435546875 0.177734375 0.1171875
0 0.43212890625 0.58935546875 0.1552734375 0.1455078125
0 0.87451171875 0.255859375 0.1357421875 0.087890625
0 0.79296875 0.7998046875 0.11328125 0.091796875
0 0.02880859375 0.32861328125 0.0576171875 0.0927734375
0 0.86328125 0.87451171875 0.0625 0.0693359375
0 0.89599609375 0.77685546875 0.2080078125 0.0595703125
0 0.51806640625 0.15478515625 0.1123046875 0.0654296875
0 0.70458984375 0.5947265625 0.0947265625 0.0703125
0 0.7431640625 0.962890625 0.1875 0.07421875
0 0.78955078125 0.091796875 0.1708984375 0.0703125
0 0.841796875 0.9248046875 0.146484375 0.08984375
0 0.17578125 0.4794921875 0.091796875 0.0703125
0 0.447265625 0.41748046875 0.072265625 0.0615234375
0 0.73974609375 0.24951171875 0.1650390625 0.0947265625
0 0.6318359375 0.361328125 0.107421875 0.0625
0 0.2607421875 0.26220703125 0.087890625 0.0751953125
0 0.509765625 0.3916015625 0.1171875 0.0625
