0 0.673828125 0.42333984375 0.03125 0.0283203125
0 0.9208984375 0.87255859375 0.06640625 0.0517578125
0 0.21337890625 0.509765625 0.0927734375 0.0703125
0 0.75927734375 0.31298828125 0.0830078125 0.0400390625
0 0.95654296875 0.7646484375 0.0771484375 0.044921875
0 0.90478515625 0.80029296875 0.0673828125 0.0634765625
0 0.2294921875 0.24755859375 0.0546875 0.0537109375
0 0.1669921875 0.4033203125 0.05078125 0.03125
0 0.61767578125 0.40478515625 0.0400390625 0.0361328125
0 0.30810546875 0.6484375 0.0712890625 0.052734375
0 0.3916015625 0.69677734375 0.078125 0.0576171875
0 0.13916015625 0.78076171875 0.0439453125 0.0498046875
0 0.55908203125 0.8818359375 0.1923828125 0.091796875
0 0.3916015625 0.205078125 0.091796875 0.068359375
0 0.87451171875 0.30029296875 0.0791015625 0.0615234375
0 0.85400390625 0.5537109375 0.0595703125 0.04296875
0 0.369140625 0.53662109375 0.09765625 0.0517578125
0 0.07763671875 0.25146484375 0.0498046875 0.0302734375
0 0.5517578125 0.97265625 0.09765625 0.05078125
0 0.85302734375 0.4150390625 0.0537109375 0.029296875
0 0.93359375 0.2548828125 0.091796875 0.064453125
0 0.884765625 0.0166015625 0.10546875 0.033203125
0 0.58349609375 0.54541015625 0.1142578125 0.0478515625
0 0.41552734375 0.65966796875 0.1240234375 0.0439453125
