0 0.626953125 0.56298828125 0.080078125 0.0712890625
0 0.55712890625 0.36767578125 0.0654296875 0.0751953125
0 0.67822265625 0.97119140625 0.0693359375 0.0576171875
0 0.6171875 0.83349609375 0.05859375 0.1162109375
0 0.83056640625 0.1982421875 0.0771484375 0.068359375
0 0.44775390625 0.658203125 0.0927734375 0.16796875
0 0.3466796875 0.45263671875 0.111328125 0.0654296875
0 0.43603515625 0.30224609375 0.0712890625 0.0517578125
0 0.76904296875 0.95654296875 0.0615234375 0.0849609375
0 0.958984375 0.1669921875 0.08203125 0.072265625
0 0.59765625 0.16064453125 0.056640625 0.0673828125
0 0.53515625 0.7333984375 0.064453125 0.072265625
0 0.91650390625 0.35205078125 0.0634765625 0.0634765625
0 0.81396484375 0.1298828125 0.0693359375 0.046875
0 0.54248046875 0.8505859375 0.0732421875 0.078125
0 0.8466796875 0.92626953125 0.068359375 0.1044921875
0 0.90380859375 0.7705078125 0.0595703125 0.095703125
0 0.74365234375 0.10302734375 0.0595703125 0.0732421875
0 0.865234375 0.40673828125 0.060546875 0.0654296875
0 0.72265625 0.63916015625 0.06640625 0.0986328125
0 0.66064453125 0.7861328125 0.0537109375 0.08203125
0 0.810546875 0.83984375 0.1171875 0.08984375
0 0.7158203125 0.33740234375 0.087890625 0.0849609375
0 0.81884765625 0.6572265625 0.0732421875 0.130859375
0 0.96923828125 0.6962890625 0.0615234375 0.09375
0 0.73974609375 0.7666015625 0.0751953125 0.125
0 0.03369140625 0.27294921875 0.0537109375 0.0771484375
0 0.35546875 0.88232421875 0.087890625 0.1337890625
0 0.97314453125 0.85888671875 0.0517578125 0.0771484375
0 0.76806640625 0.880859375 0.0830078125 0.1328125
0 0.82568359375 0.74755859375 0.0478515625 0.0810546875
0 0.849609375 0.50341796875 0.099609375 0.1123046875
0 0.61767578125 0.25732421875 0.0478515625 0.0576171875
0 0.591796875 0.30810546875 0.041015625 0.0498046875
0 0.533203125 0.60498046875 0.064453125 0.0693359375
0 0.66357421875 0.15771484375 0.0673828125 0.0791015625
