0 0.90283203125 0.33740234375 0.1220703125 0.0791015625
0 0.9404296875 0.26025390625 0.03515625 0.0517578125
0 0.7900390625 0.24365234375 0.072265625 0.0322265625
0 0.79296875 0.22216796875 0.06640625 0.0341796875
0 0.70751953125 0.34375 0.0400390625 0.0546875
0 0.6484375 0.27197265625 0.0390625 0.0458984375
0 0.5732421875 0.2451171875 0.052734375 0.052734375
0 0.50146484375 0.2119140625 0.0771484375 0.078125
0 0.43212890625 0.1396484375 0.0927734375 0.056640625
0 0.4052734375 0.28271484375 0.076171875 0.0458984375
0 0.4150390625 0.205078125 0.05859375 0.029296875
0 0.31787109375 0.21484375 0.0673828125 0.04296875
0 0.25537109375 0.1943359375 0.0595703125 0.044921875
0 0.5673828125 0.46044921875 0.0703125 0.0400390625
0 0.74560546875 0.52392578125 0.0615234375 0.0830078125
0 0.7880859375 0.650390625 0.103515625 0.046875
0 0.9306640625 0.6591796875 0.07421875 0.0703125
0 0.90576171875 0.72802734375 0.0478515625 0.0615234375
0 0.771484375 0.78369140625 0.0390625 0.0361328125
0 0.73876953125 0.88818359375 0.0810546875 0.0517578125
0 0.63720703125 0.84375 0.0419921875 0.048828125
0 0.59423828125 0.77978515625 0.0771484375 0.0556640625
0 0.50732421875 0.80810546875 0.0615234375 0.0498046875
0 0.458984375 0.79833984375 0.041015625 0.0341796875
0 0.55615234375 0.72119140625 0.0517578125 0.0498046875
0 0.54345703125 0.63232421875 0.0634765625 0.0478515625
0 0.4697265625 0.5888671875 0.03515625 0.068359375
0 0.37744140625 0.6689453125 0.0498046875 0.076171875
0 0.318359375 0.732421875 0.044921875 0.03125
0 0.2314453125 0.662109375 0.09375 0.05859375
0 0.1123046875 0.76708984375 0.04296875 0.0458984375
0 0.201171875 0.826171875 0.08203125 0.048828125
0 0.25439453125 0.5771484375 0.0615234375 0.0546875
0 0.27099609375 0.50830078125 0.0498046875 0.0478515625
0 0.12890625 0.53857421875 0.0390625 0.0869140625
0 0.14013671875 0.5078125 0.0615234375 0.044921875
0 0.154296875 0.427734375 0.060546875 0.072265625
0 0.1103515625 0.373046875 0.0625 0.03515625
0 0.22900390625 0.341796875 0.0400390625 0.05078125
0 0.111328125 0.30126953125 0.0546875 0.0615234375
0 0.12646484375 0.24755859375 0.0732421875 0.0517578125
0 0.1630859375 0.1015625 0.037109375 0.046875
0 0.1376953125 0.16357421875 0.052734375 0.0458984375
0 0.1337890625 0.20458984375 0.041015625 0.0400390625
0 0.61865234375 0.1259765625 0.0458984375 0.044921875
0 0.89990234375 0.1162109375 0.0615234375 0.0703125
0 0.41552734375 0.45654296875 0.0498046875 0.0439453125
0 0.30859375 0.451171875 0.052734375 0.04296875
0 0.63330078125 0.52392578125 0.0537109375 0.0419921875
0 0.162109375 0.67333984375 0.05078125 0.0458984375
0 0.08642578125 0.16357421875 0.0302734375 0.0263671875
0 0.92822265625 0.06103515625 0.0263671875 0.0341796875
0 0.0380859375 0.2138671875 0.017578125 0.05078125
0 0.67724609375 0.08251953125 0.0537109375 0.0419921875
0 0.6513671875 0.91357421875 0.04296875 0.0302734375
0 0.23291015625 0.61962890625 0.0498046875 0.0224609375
0 0.2392578125 0.39208984375 0.056640625 0.0302734375
0 0.77294921875 0.7568359375 0.0361328125 0.017578125
0 0.7998046875 0.76806640625 0.013671875 0.0400390625
0 0.7333984375 0.07275390625 0.046875 0.0517578125
