0 0.072265625 0.45458984375 0.14453125 0.0634765625
0 0.18408203125 0.32080078125 0.0673828125 0.1376953125
0 0.2802734375 0.2314453125 0.126953125 0.083984375
0 0.2626953125 0.33056640625 0.080078125 0.1064453125
0 0.36669921875 0.361328125 0.0673828125 0.103515625
0 0.462890625 0.20703125 0.13671875 0.052734375
0 0.529296875 0.35400390625 0.06640625 0.2001953125
0 0.5048828125 0.478515625 0.0625 0.09765625
0 0.69775390625 0.34228515625 0.0556640625 0.1298828125
0 0.5869140625 0.58447265625 0.046875 0.1259765625
0 0.7275390625 0.62548828125 0.146484375 0.0634765625
0 0.767578125 0.5537109375 0.05078125 0.18359375
0 0.853515625 0.5009765625 0.1171875 0.0390625
0 0.7880859375 0.421875 0.130859375 0.052734375
0 0.78759765625 0.47265625 0.1806640625 0.091796875
0 0.35546875 0.61572265625 0.0703125 0.1611328125
0 0.115234375 0.70703125 0.12890625 0.06640625
0 0.09619140625 0.7919921875 0.0869140625 0.091796875
0 0.033203125 0.7529296875 0.06640625 0.185546875
0 0.0625 0.6240234375 0.125 0.044921875
0 0.388671875 0.802734375 0.095703125 0.15234375
0 0.2626953125 0.69140625 0.162109375 0.11328125
0 0.50390625 0.7939453125 0.09765625 0.044921875
0 0.4541015625 0.76171875 0.080078125 0.146484375
0 0.5087890625 0.89697265625 0.064453125 0.1416015625
0 0.5986328125 0.3603515625 0.064453125 0.2109375
0 0.693359375 0.2822265625 0.06640625 0.158203125
0 0.984375 0.634765625 0.03125 0.0546875
0 0.880859375 0.71923828125 0.07421875 0.0791015625
0 0.85791015625 0.61474609375 0.1181640625 0.1337890625
0 0.9443359375 0.59814453125 0.08203125 0.1845703125
0 0.64697265625 0.9453125 0.0830078125 0.107421875
0 0.583984375 0.953125 0.041015625 0.09375
0 0.8779296875 0.845703125 0.16015625 0.14453125
0 0.98681640625 0.96826171875 0.0244140625 0.0595703125
0 0.78662109375 0.93212890625 0.0869140625 0.1337890625
0 0.9052734375 0.947265625 0.158203125 0.103515625
0 0.865234375 0.18212890625 0.1953125 0.1142578125
0 0.84765625 0.134765625 0.07421875 0.03515625
0 0.85498046875 0.078125 0.1064453125 0.1171875
0 0.60205078125 0.16748046875 0.1494140625 0.1455078125
0 0.4228515625 0.1611328125 0.181640625 0.052734375
0 0.5576171875 0.0302734375 0.08203125 0.060546875
0 0.45751953125 0.021484375 0.0634765625 0.04296875
0 0.53564453125 0.0849609375 0.0673828125 0.107421875
0 0.34814453125 0.08447265625 0.1220703125 0.0947265625
0 0.3564453125 0.04296875 0.193359375 0.0859375
0 0.0869140625 0.017578125 0.0703125 0.03515625
0 0.02734375 0.0166015625 0.0546875 0.033203125
0 0.099609375 0.1005859375 0.0625 0.083984375
0 0.0302734375 0.1240234375 0.060546875 0.064453125
0 0.06640625 0.2109375 0.060546875 0.076171875
0 0.029296875 0.181640625 0.05859375 0.08203125
0 0.1318359375 0.1953125 0.146484375 0.12890625
0 0.51025390625 0.06640625 0.0634765625 0.1328125
0 0.75634765625 0.013671875 0.0634765625 0.02734375
0 0.865234375 0.0146484375 0.16796875 0.029296875
0 0.6025390625 0.1396484375 0.107421875 0.169921875
