0 0.8447265625 0.86474609375 0.056640625 0.0771484375
0 0.728515625 0.92724609375 0.068359375 0.0478515625
0 0.6650390625 0.9228515625 0.05078125 0.060546875
0 0.57421875 0.89013671875 0.07421875 0.0869140625
0 0.6611328125 0.86669921875 0.05078125 0.0634765625
0 0.7099609375 0.83056640625 0.068359375 0.0556640625
0 0.60693359375 0.810546875 0.0419921875 0.072265625
0 0.38037109375 0.80712890625 0.0439453125 0.1064453125
0 0.15771484375 0.95751953125 0.1103515625 0.0849609375
0 0.23828125 0.888671875 0.0546875 0.068359375
0 0.19921875 0.86083984375 0.072265625 0.0888671875
0 0.0634765625 0.86181640625 0.09375 0.1220703125
0 0.21142578125 0.779296875 0.0810546875 0.08984375
0 0.08056640625 0.7275390625 0.0595703125 0.068359375
0 0.21044921875 0.69140625 0.1142578125 0.064453125
0 0.27978515625 0.69873046875 0.0771484375 0.0419921875
0 0.28759765625 0.59228515625 0.0927734375 0.0458984375
0 0.36181640625 0.57421875 0.1005859375 0.0546875
0 0.509765625 0.60205078125 0.0703125 0.0947265625
0 0.5966796875 0.66162109375 0.046875 0.0400390625
0 0.662109375 0.7177734375 0.060546875 0.083984375
0 0.7763671875 0.62548828125 0.064453125 0.0400390625
0 0.85009765625 0.61328125 0.0615234375 0.052734375
0 0.58837890625 0.556640625 0.0537109375 0.048828125
0 0.52587890625 0.49951171875 0.0908203125 0.0419921875
0 0.3291015625 0.38671875 0.046875 0.0859375
0 0.4638671875 0.4091796875 0.05859375 0.0625
0 0.6298828125 0.423828125 0.052734375 0.072265625
0 0.5029296875 0.34765625 0.087890625 0.048828125
0 0.29833984375 0.3232421875 0.1005859375 0.072265625
0 0.18310546875 0.29736328125 0.1240234375 0.0556640625
0 0.3916015625 0.2177734375 0.05859375 0.078125
0 0.197265625 0.1787109375 0.052734375 0.064453125
0 0.53125 0.2822265625 0.076171875 0.04296875
0 0.427734375 0.150390625 0.111328125 0.052734375
0 0.626953125 0.31640625 0.0703125 0.0703125
0 0.826171875 0.40234375 0.0625 0.068359375
0 0.83203125 0.29541015625 0.05078125 0.0439453125
0 0.7607421875 0.2451171875 0.076171875 0.072265625
0 0.71728515625 0.1826171875 0.0791015625 0.068359375
0 0.6337890625 0.1513671875 0.048828125 0.07421875
0 0.66064453125 0.06494140625 0.1103515625 0.0380859375
0 0.9609375 0.22265625 0.05078125 0.052734375
0 0.962890625 0.1611328125 0.046875 0.06640625
0 0.94970703125 0.08203125 0.0478515625 0.068359375
0 0.06494140625 0.62109375 0.0361328125 0.048828125
0 0.46484375 0.84765625 0.072265625 0.05078125
0 0.45068359375 0.7724609375 0.0556640625 0.068359375
0 0.12890625 0.1826171875 0.064453125 0.056640625
0 0.68701171875 0.19482421875 0.0537109375 0.0517578125
0 0.85986328125 0.359375 0.0458984375 0.056640625
0 0.158203125 0.90625 0.0859375 0.0546875
0 0.58544921875 0.3203125 0.0283203125 0.0546875
