0 0.947265625 0.84716796875 0.10546875 0.1025390625
0 0.86083984375 0.103515625 0.1279296875 0.072265625
0 0.8232421875 0.3603515625 0.103515625 0.072265625
0 0.72021484375 0.13232421875 0.1396484375 0.0849609375
0 0.9638671875 0.18310546875 0.072265625 0.0927734375
0 0.7197265625 0.04443359375 0.08984375 0.0751953125
0 0.97216796875 0.76513671875 0.0537109375 0.0576171875
0 0.86474609375 0.4169921875 0.1201171875 0.0703125
0 0.94873046875 0.4609375 0.1025390625 0.07421875
0 0.970703125 0.9765625 0.056640625 0.04296875
