0 0.03857421875 0.697265625 0.0673828125 0.099609375
0 0.23681640625 0.37109375 0.0771484375 0.06640625
0 0.3828125 0.94580078125 0.095703125 0.1083984375
0 0.02685546875 0.810546875 0.0498046875 0.087890625
0 0.0986328125 0.8212890625 0.107421875 0.177734375
0 0.037109375 0.07568359375 0.0703125 0.1474609375
0 0.2490234375 0.603515625 0.11328125 0.123046875
0 0.70458984375 0.55419921875 0.1064453125 0.1103515625
0 0.12451171875 0.96337890625 0.1142578125 0.0732421875
0 0.0947265625 0.28076171875 0.099609375 0.1376953125
0 0.15771484375 0.0751953125 0.1142578125 0.146484375
0 0.05517578125 0.462890625 0.1064453125 0.142578125
0 0.62646484375 0.20849609375 0.0732421875 0.0830078125
0 0.19384765625 0.2802734375 0.0888671875 0.109375
0 0.25732421875 0.98095703125 0.1025390625 0.0361328125
0 0.1298828125 0.12744140625 0.044921875 0.0458984375
0 0.21875 0.5 0.078125 0.072265625
0 0.08642578125 0.6318359375 0.1044921875 0.12890625
0 0.9072265625 0.53125 0.115234375 0.12109375
