0 0.7138671875 0.53173828125 0.087890625 0.0791015625
0 0.44287109375 0.69921875 0.1513671875 0.068359375
0 0.5595703125 0.10400390625 0.087890625 0.0751953125
0 0.0263671875 0.400390625 0.052734375 0.05078125
0 0.6865234375 0.4287109375 0.07421875 0.052734375
0 0.7890625 0.66259765625 0.11328125 0.0615234375
0 0.61279296875 0.6630859375 0.2041015625 0.099609375
0 0.78564453125 0.91162109375 0.1474609375 0.1748046875
0 0.6162109375 0.93310546875 0.087890625 0.0908203125
0 0.27783203125 0.892578125 0.1806640625 0.2109375
0 0.54638671875 0.0380859375 0.0908203125 0.076171875
0 0.95947265625 0.755859375 0.0810546875 0.056640625
0 0.05224609375 0.66748046875 0.0947265625 0.2119140625
0 0.96630859375 0.0224609375 0.0654296875 0.044921875
0 0.20166015625 0.91650390625 0.0556640625 0.0791015625
0 0.1494140625 0.03271484375 0.0859375 0.0654296875
0 0.39404296875 0.08251953125 0.0732421875 0.0810546875
0 0.8740234375 0.076171875 0.19140625 0.060546875
0 0.79052734375 0.494140625 0.1044921875 0.1328125
0 0.8740234375 0.6318359375 0.083984375 0.064453125
0 0.1171875 0.96630859375 0.07421875 0.0439453125
0 0.31591796875 0.6328125 0.1806640625 0.072265625
0 0.2158203125 0.56494140625 0.05859375 0.0380859375
0 0.7275390625 0.169921875 0.07421875 0.130859375
0 0.388671875 0.91748046875 0.056640625 0.0693359375
0 0.86865234375 0.73193359375 0.1337890625 0.1201171875
0 0.181640625 0.9443359375 0.05859375 0.046875
0 0.86474609375 0.0849609375 0.0869140625 0.169921875
0 0.3310546875 0.4326171875 0.060546875 0.064453125
0 0.658203125 0.46142578125 0.099609375 0.0732421875
0 0.1748046875 0.98046875 0.06640625 0.0390625
0 0.73193359375 0.4921875 0.0439453125 0.08984375
0 0.30322265625 0.06103515625 0.0751953125 0.0908203125
0 0.173828125 0.78759765625 0.0390625 0.0751953125
0 0.9521484375 0.1396484375 0.095703125 0.076171875
0 0.57275390625 0.51220703125 0.0908203125 0.0732421875
0 0.140625 0.4482421875 0.052734375 0.048828125
0 0.26123046875 0.3837890625 0.0830078125 0.099609375
0 0.96044921875 0.962890625 0.0791015625 0.07421875
0 0.43115234375 0.52783203125 0.1201171875 0.0595703125
