0 0.30859375 0.1162109375 0.05078125 0.03515625
0 0.328125 0.1806640625 0.130859375 0.115234375
0 0.4306640625 0.33056640625 0.15625 0.0400390625
0 0.025390625 0.234375 0.05078125 0.052734375
0 0.0322265625 0.1708984375 0.021484375 0.02734375
0 0.0390625 0.1884765625 0.078125 0.0859375
0 0.13623046875 0.3564453125 0.0595703125 0.080078125
0 0.10595703125 0.23974609375 0.0478515625 0.1806640625
0 0.1689453125 0.22705078125 0.087890625 0.2158203125
0 0.1796875 0.986328125 0.08203125 0.02734375
0 0.240234375 0.72705078125 0.095703125 0.0712890625
0 0.2685546875 0.8486328125 0.083984375 0.138671875
0 0.0322265625 0.6689453125 0.064453125 0.064453125
0 0.021484375 0.7314453125 0.04296875 0.0703125
0 0.10400390625 0.765625 0.1142578125 0.185546875
0 0.11328125 0.53173828125 0.09765625 0.0361328125
0 0.0576171875 0.5810546875 0.115234375 0.064453125
0 0.02587890625 0.5087890625 0.0517578125 0.076171875
0 0.173828125 0.4384765625 0.1875 0.125
0 0.2177734375 0.54931640625 0.083984375 0.2314453125
0 0.447265625 0.943359375 0.18359375 0.11328125
0 0.5859375 0.75244140625 0.1640625 0.1455078125
0 0.6962890625 0.76953125 0.265625 0.091796875
0 0.06689453125 0.8681640625 0.1337890625 0.189453125
0 0.09228515625 0.6494140625 0.1572265625 0.2265625
0 0.8701171875 0.5810546875 0.076171875 0.083984375
0 0.890625 0.69970703125 0.177734375 0.0908203125
0 0.73974609375 0.51171875 0.0556640625 0.06640625
0 0.79541015625 0.51220703125 0.0947265625 0.0947265625
0 0.974609375 0.443359375 0.048828125 0.046875
0 0.71875 0.451171875 0.24609375 0.09375
0 0.75244140625 0.66943359375 0.0908203125 0.1259765625
0 0.7197265625 0.814453125 0.087890625 0.064453125
0 0.892578125 0.98681640625 0.03125 0.0244140625
0 0.958984375 0.876953125 0.080078125 0.0546875
0 0.736328125 0.8896484375 0.119140625 0.060546875
0 0.8232421875 0.84912109375 0.185546875 0.0634765625
0 0.66015625 0.9248046875 0.060546875 0.095703125
0 0.6015625 0.982421875 0.04296875 0.033203125
0 0.83642578125 0.94140625 0.0869140625 0.1171875
0 0.7265625 0.96875 0.16796875 0.060546875
0 0.84375 0.33642578125 0.046875 0.0673828125
0 0.6318359375 0.36181640625 0.15234375 0.1494140625
0 0.650390625 0.3330078125 0.07421875 0.169921875
0 0.7353515625 0.2705078125 0.1484375 0.162109375
0 0.98046875 0.017578125 0.037109375 0.03515625
0 0.9541015625 0.0859375 0.0390625 0.068359375
0 0.85791015625 0.1259765625 0.1494140625 0.083984375
0 0.955078125 0.1650390625 0.08984375 0.197265625
0 0.529296875 0.09765625 0.1328125 0.0546875
0 0.52783203125 0.1796875 0.0673828125 0.04296875
0 0.36767578125 0.09619140625 0.2041015625 0.1455078125
0 0.5361328125 0.15234375 0.2265625 0.07421875
0 0.18408203125 0.375 0.0751953125 0.06640625
0 0.05517578125 0.3525390625 0.1103515625 0.0390625
0 0.1904296875 0.04541015625 0.076171875 0.0908203125
0 0.06298828125 0.07421875 0.1259765625 0.1484375
0 0.3486328125 0.03564453125 0.220703125 0.0712890625
0 0.14111328125 0.005859375 0.0283203125 0.01171875
