0 0.97216796875 0.0849609375 0.0556640625 0.080078125
0 0.642578125 0.15380859375 0.068359375 0.0634765625
0 0.30224609375 0.5888671875 0.0556640625 0.0625
0 0.75927734375 0.09423828125 0.0615234375 0.0654296875
0 0.794921875 0.6650390625 0.056640625 0.125
0 0.21142578125 0.4912109375 0.0439453125 0.07421875
0 0.8759765625 0.9794921875 0.044921875 0.041015625
0 0.0986328125 0.5673828125 0.048828125 0.044921875
0 0.9755859375 0.884765625 0.046875 0.037109375
0 0.04638671875 0.09765625 0.0400390625 0.05078125
0 0.9736328125 0.373046875 0.05078125 0.0703125
0 0.84228515625 0.36083984375 0.0654296875 0.0673828125
0 0.1064453125 0.77685546875 0.046875 0.0537109375
0 0.95751953125 0.560546875 0.0810546875 0.060546875
0 0.20849609375 0.3154296875 0.0810546875 0.056640625
0 0.14599609375 0.96875 0.0673828125 0.0546875
0 0.2265625 0.10498046875 0.05078125 0.0712890625
0 0.0966796875 0.1953125 0.05078125 0.044921875
0 0.9736328125 0.703125 0.052734375 0.08203125
0 0.64990234375 0.2578125 0.0595703125 0.048828125
0 0.58740234375 0.90625 0.0537109375 0.04296875
0 0.291015625 0.6806640625 0.076171875 0.064453125
0 0.470703125 0.40283203125 0.046875 0.0751953125
0 0.88525390625 0.72412109375 0.0478515625 0.0791015625
0 0.9599609375 0.47607421875 0.080078125 0.0927734375
0 0.1494140625 0.20458984375 0.052734375 0.0693359375
0 0.19384765625 0.80126953125 0.0654296875 0.0458984375
0 0.83642578125 0.4638671875 0.0634765625 0.06640625
