0 0.8671875 0.19921875 0.05078125 0.140625
0 0.8515625 0.34130859375 0.05859375 0.0810546875
0 0.9052734375 0.5087890625 0.05078125 0.087890625
0 0.7705078125 0.34912109375 0.0625 0.1181640625
0 0.7958984375 0.458984375 0.02734375 0.048828125
0 0.6611328125 0.267578125 0.072265625 0.052734375
0 0.57861328125 0.2373046875 0.0576171875 0.0703125
0 0.525390625 0.1650390625 0.0625 0.052734375
0 0.48486328125 0.2587890625 0.0908203125 0.078125
0 0.5546875 0.29052734375 0.041015625 0.0380859375
0 0.70458984375 0.45361328125 0.0380859375 0.0712890625
0 0.78076171875 0.57177734375 0.0595703125 0.0556640625
0 0.6669921875 0.54052734375 0.0546875 0.0576171875
0 0.7197265625 0.64599609375 0.046875 0.0498046875
0 0.7529296875 0.6572265625 0.08984375 0.0625
0 0.7998046875 0.7529296875 0.0859375 0.060546875
0 0.72900390625 0.7421875 0.0693359375 0.052734375
0 0.681640625 0.78369140625 0.048828125 0.0693359375
0 0.72998046875 0.84033203125 0.0791015625 0.0595703125
0 0.67431640625 0.9052734375 0.0380859375 0.130859375
0 0.642578125 0.86669921875 0.048828125 0.0517578125
0 0.75048828125 0.0478515625 0.0380859375 0.064453125
0 0.59033203125 0.06005859375 0.0537109375 0.0498046875
0 0.62060546875 0.02197265625 0.0498046875 0.0439453125
0 0.5732421875 0.01806640625 0.046875 0.0361328125
0 0.50244140625 0.06494140625 0.0517578125 0.0810546875
0 0.5048828125 0.01220703125 0.03515625 0.0244140625
0 0.45556640625 0.3330078125 0.0419921875 0.041015625
0 0.48681640625 0.41845703125 0.0419921875 0.0498046875
0 0.50927734375 0.45458984375 0.0458984375 0.0400390625
0 0.54833984375 0.4833984375 0.0556640625 0.060546875
0 0.46923828125 0.49560546875 0.0498046875 0.0498046875
0 0.65673828125 0.3291015625 0.0263671875 0.029296875
0 0.57275390625 0.521484375 0.0029296875 0.0078125
0 0.58154296875 0.6083984375 0.0439453125 0.056640625
0 0.45751953125 0.6259765625 0.0478515625 0.068359375
0 0.4287109375 0.59375 0.037109375 0.056640625
0 0.4580078125 0.71630859375 0.05078125 0.0751953125
0 0.392578125 0.60595703125 0.033203125 0.0400390625
0 0.556640625 0.91357421875 0.033203125 0.1044921875
0 0.4580078125 0.8974609375 0.037109375 0.056640625
0 0.47314453125 0.97021484375 0.0654296875 0.0595703125
0 0.39404296875 0.92138671875 0.0654296875 0.0361328125
0 0.40673828125 0.8427734375 0.0341796875 0.04296875
0 0.38671875 0.8837890625 0.0625 0.03515625
0 0.16015625 0.28662109375 0.05078125 0.0478515625
0 0.1220703125 0.26611328125 0.033203125 0.0595703125
0 0.060546875 0.37548828125 0.05859375 0.1337890625
0 0.12548828125 0.4130859375 0.0537109375 0.064453125
0 0.0693359375 0.62646484375 0.056640625 0.0478515625
0 0.14501953125 0.6455078125 0.0517578125 0.046875
0 0.169921875 0.71630859375 0.060546875 0.0576171875
0 0.138671875 0.68505859375 0.060546875 0.0458984375
0 0.07568359375 0.7177734375 0.0595703125 0.072265625
0 0.037109375 0.6923828125 0.0234375 0.052734375
0 0.06396484375 0.65966796875 0.0380859375 0.0458984375
0 0.20703125 0.0654296875 0.044921875 0.078125
0 0.07958984375 0.0986328125 0.0380859375 0.052734375
0 0.02978515625 0.07568359375 0.0595703125 0.0673828125
0 0.1142578125 0.21435546875 0.03515625 0.0419921875
0 0.03173828125 0.9794921875 0.0595703125 0.041015625
0 0.04052734375 0.8173828125 0.0322265625 0.091796875
0 0.07763671875 0.82958984375 0.0478515625 0.0517578125
0 0.119140625 0.865234375 0.041015625 0.03125
0 0.0693359375 0.8837890625 0.037109375 0.037109375
0 0.080078125 0.9208984375 0.046875 0.05859375
0 0.13037109375 0.953125 0.0478515625 0.04296875
0 0.07763671875 0.97216796875 0.0263671875 0.0205078125
0 0.16748046875 0.5576171875 0.0419921875 0.052734375
0 0.7734375 0.45166015625 0.02734375 0.0361328125
0 0.986328125 0.4775390625 0.02734375 0.044921875
0 0.81787109375 0.5322265625 0.0380859375 0.0625
0 0.7626953125 0.62255859375 0.044921875 0.0341796875
0 0.8779296875 0.28955078125 0.048828125 0.0380859375
0 0.388671875 0.95166015625 0.03125 0.0263671875
0 0.06884765625 0.79248046875 0.0361328125 0.0322265625
0 0.1982421875 0.0087890625 0.021484375 0.017578125
0 0.43896484375 0.986328125 0.0419921875 0.02734375
