0 0.2021484375 0.169921875 0.060546875 0.048828125
0 0.6123046875 0.462890625 0.060546875 0.0546875
0 0.568359375 0.27001953125 0.158203125 0.1259765625
0 0.95263671875 0.15966796875 0.0810546875 0.1748046875
0 0.919921875 0.4765625 0.16015625 0.087890625
0 0.791015625 0.869140625 0.09765625 0.16796875
0 0.32861328125 0.779296875 0.0673828125 0.072265625
0 0.9697265625 0.73046875 0.060546875 0.048828125
0 0.22119140625 0.880859375 0.1474609375 0.1015625
0 0.34619140625 0.8955078125 0.0673828125 0.111328125
0 0.65283203125 0.1015625 0.1123046875 0.091796875
0 0.51513671875 0.11376953125 0.0537109375 0.1357421875
0 0.234375 0.33837890625 0.146484375 0.0966796875
0 0.45263671875 0.328125 0.0771484375 0.0625
0 0.05908203125 0.76904296875 0.0576171875 0.0537109375
0 0.50732421875 0.38525390625 0.0712890625 0.0498046875
0 0.74951171875 0.11669921875 0.0810546875 0.1220703125
0 0.57958984375 0.556640625 0.1005859375 0.109375
0 0.517578125 0.88525390625 0.11328125 0.0908203125
0 0.0546875 0.44775390625 0.103515625 0.0517578125
0 0.34423828125 0.45166015625 0.0693359375 0.0400390625
0 0.41650390625 0.123046875 0.0634765625 0.099609375
0 0.23291015625 0.03955078125 0.1201171875 0.0732421875
0 0.912109375 0.56689453125 0.056640625 0.0498046875
0 0.34765625 0.51318359375 0.15625 0.0673828125
0 0.0693359375 0.86962890625 0.138671875 0.0537109375
0 0.26171875 0.4091796875 0.095703125 0.044921875
0 0.501953125 0.45458984375 0.04296875 0.0322265625
0 0.73779296875 0.5546875 0.0791015625 0.0625
0 0.86279296875 0.666015625 0.1513671875 0.134765625
0 0.08447265625 0.46484375 0.1220703125 0.111328125
0 0.61865234375 0.2421875 0.0576171875 0.0703125
0 0.18408203125 0.5078125 0.0771484375 0.12109375
0 0.6591796875 0.7470703125 0.125 0.181640625
0 0.10302734375 0.2802734375 0.1435546875 0.10546875
0 0.67822265625 0.904296875 0.1123046875 0.1796875
0 0.83935546875 0.369140625 0.0751953125 0.154296875
0 0.46533203125 0.5966796875 0.0771484375 0.1640625
0 0.09228515625 0.0703125 0.0615234375 0.07421875
