0 0.62646484375 0.04833984375 0.0537109375 0.0966796875
0 0.8935546875 0.48291015625 0.087890625 0.1376953125
0 0.91552734375 0.32470703125 0.0771484375 0.0517578125
0 0.79345703125 0.1572265625 0.0771484375 0.125
0 0.8720703125 0.60693359375 0.072265625 0.0419921875
0 0.408203125 0.12841796875 0.078125 0.1923828125
0 0.0458984375 0.50830078125 0.087890625 0.0517578125
0 0.0234375 0.38330078125 0.04296875 0.0830078125
0 0.359375 0.86474609375 0.064453125 0.2294921875
0 0.70947265625 0.5048828125 0.1142578125 0.08984375
0 0.78955078125 0.8330078125 0.0400390625 0.09765625
0 0.67919921875 0.2568359375 0.0849609375 0.099609375
0 0.3984375 0.3369140625 0.142578125 0.0703125
0 0.759765625 0.64990234375 0.111328125 0.0419921875
0 0.09912109375 0.958984375 0.0947265625 0.0390625
0 0.779296875 0.7255859375 0.044921875 0.0625
0 0.90380859375 0.828125 0.1083984375 0.13671875
0 0.32470703125 0.05078125 0.0595703125 0.1015625
0 0.97119140625 0.5634765625 0.0556640625 0.044921875
0 0.58984375 0.515625 0.08984375 0.08203125
0 0.509765625 0.27685546875 0.0703125 0.0478515625
0 0.70458984375 0.70166015625 0.1123046875 0.0576171875
0 0.70556640625 0.0166015625 0.1103515625 0.033203125
0 0.0546875 0.26806640625 0.080078125 0.0556640625
0 0.626953125 0.234375 0.07421875 0.060546875
0 0.70068359375 0.89599609375 0.0908203125 0.0810546875
0 0.259765625 0.328125 0.0546875 0.0625
0 0.9296875 0.12060546875 0.140625 0.0927734375
0 0.23583984375 0.70703125 0.1376953125 0.07421875
0 0.576171875 0.92578125 0.130859375 0.12890625
0 0.9716796875 0.6552734375 0.056640625 0.091796875
0 0.29150390625 0.25927734375 0.1123046875 0.0556640625
0 0.21826171875 0.6806640625 0.0830078125 0.123046875
0 0.23828125 0.82080078125 0.0625 0.1416015625
0 0.87109375 0.2294921875 0.09765625 0.140625
0 0.4560546875 0.3896484375 0.0625 0.095703125
0 0.8369140625 0.58740234375 0.05859375 0.0732421875
0 0.11181640625 0.44970703125 0.1103515625 0.0517578125
0 0.80224609375 0.44580078125 0.0654296875 0.1083984375
0 0.6748046875 0.169921875 0.134765625 0.0703125
0 0.24462890625 0.5498046875 0.2255859375 0.080078125
0 0.3232421875 0.140625 0.087890625 0.08203125
0 0.033203125 0.45703125 0.0625 0.060546875
0 0.45947265625 0.06201171875 0.0498046875 0.0537109375
0 0.884765625 0.9619140625 0.125 0.0546875
0 0.5546875 0.63720703125 0.10546875 0.0751953125
0 0.0244140625 0.845703125 0.044921875 0.11328125
0 0.89697265625 0.87548828125 0.0498046875 0.0830078125
0 0.69384765625 0.0830078125 0.0537109375 0.05078125
0 0.697265625 0.5595703125 0.134765625 0.130859375
0 0.91845703125 0.51953125 0.0830078125 0.099609375
0 0.4208984375 0.6044921875 0.078125 0.1953125
0 0.1396484375 0.08349609375 0.052734375 0.0791015625
0 0.5419921875 0.39453125 0.05859375 0.15234375
0 0.41845703125 0.0244140625 0.1513671875 0.046875
0 0.31201171875 0.7109375 0.1591796875 0.09765625
