0 0.43359375 0.84375 0.150390625 0.0859375
0 0.20068359375 0.84765625 0.0849609375 0.091796875
0 0.7080078125 0.13623046875 0.22265625 0.2333984375
0 0.19482421875 0.517578125 0.1474609375 0.13671875
0 0.1357421875 0.474609375 0.095703125 0.126953125
0 0.345703125 0.02685546875 0.078125 0.0537109375
0 0.86474609375 0.0693359375 0.1923828125 0.138671875
0 0.4990234375 0.6357421875 0.25 0.150390625
0 0.15380859375 0.28125 0.1337890625 0.138671875
0 0.84765625 0.517578125 0.162109375 0.111328125
0 0.7294921875 0.697265625 0.220703125 0.099609375
0 0.71337890625 0.0625 0.1767578125 0.125
0 0.7470703125 0.2099609375 0.16015625 0.0625
0 0.19482421875 0.181640625 0.1083984375 0.08203125
0 0.0234375 0.28759765625 0.046875 0.0869140625
0 0.03857421875 0.3896484375 0.0771484375 0.08984375
0 0.27392578125 0.31103515625 0.0888671875 0.0947265625
0 0.65283203125 0.98193359375 0.1513671875 0.0322265625
0 0.3095703125 0.83837890625 0.1796875 0.1376953125
0 0.115234375 0.04296875 0.134765625 0.0859375
0 0.9248046875 0.78857421875 0.107421875 0.1005859375
