0 0.09814453125 0.03466796875 0.0654296875 0.0693359375
0 0.20263671875 0.11376953125 0.1650390625 0.0908203125
0 0.03515625 0.14697265625 0.052734375 0.0751953125
0 0.43212890625 0.45654296875 0.0908203125 0.0693359375
0 0.29345703125 0.43896484375 0.0947265625 0.1669921875
0 0.38623046875 0.64697265625 0.0673828125 0.0712890625
0 0.40576171875 0.5537109375 0.0634765625 0.076171875
0 0.27734375 0.72802734375 0.09375 0.0751953125
0 0.521484375 0.806640625 0.083984375 0.09765625
0 0.57861328125 0.8486328125 0.0791015625 0.048828125
0 0.66748046875 0.853515625 0.0771484375 0.064453125
0 0.767578125 0.88720703125 0.095703125 0.0927734375
0 0.18359375 0.97216796875 0.076171875 0.0556640625
0 0.2998046875 0.96337890625 0.091796875 0.0732421875
0 0.46923828125 0.91845703125 0.0810546875 0.0615234375
0 0.3984375 0.9580078125 0.072265625 0.083984375
0 0.55078125 0.92431640625 0.083984375 0.1201171875
0 0.76953125 0.98388671875 0.05859375 0.0322265625
0 0.97509765625 0.89453125 0.0498046875 0.064453125
0 0.9345703125 0.79736328125 0.08203125 0.0712890625
0 0.837890625 0.77734375 0.091796875 0.08203125
0 0.798828125 0.6826171875 0.083984375 0.107421875
0 0.5615234375 0.6533203125 0.1640625 0.068359375
0 0.7001953125 0.5615234375 0.1015625 0.083984375
0 0.78466796875 0.39599609375 0.0634765625 0.0888671875
0 0.837890625 0.30859375 0.072265625 0.087890625
0 0.939453125 0.30126953125 0.060546875 0.0732421875
0 0.90869140625 0.3671875 0.0595703125 0.099609375
0 0.8505859375 0.40478515625 0.064453125 0.0751953125
0 0.962890625 0.38623046875 0.07421875 0.0810546875
0 0.75244140625 0.20751953125 0.0810546875 0.0712890625
0 0.853515625 0.07568359375 0.09375 0.1513671875
0 0.47216796875 0.1552734375 0.0869140625 0.154296875
0 0.65478515625 0.0185546875 0.0732421875 0.037109375
0 0.30322265625 0.40234375 0.0947265625 0.09765625
0 0.47216796875 0.9736328125 0.0751953125 0.052734375
