0 0.677734375 0.83251953125 0.07421875 0.0732421875
0 0.44482421875 0.3828125 0.0419921875 0.041015625
0 0.2509765625 0.51123046875 0.06640625 0.0400390625
0 0.3154296875 0.26025390625 0.08984375 0.1044921875
0 0.67626953125 0.50244140625 0.0537109375 0.0322265625
0 0.76708984375 0.04638671875 0.0830078125 0.0478515625
0 0.46875 0.0791015625 0.076171875 0.060546875
0 0.650390625 0.47021484375 0.04296875 0.0322265625
0 0.25830078125 0.400390625 0.0673828125 0.080078125
0 0.85498046875 0.7734375 0.0830078125 0.033203125
0 0.40869140625 0.0234375 0.0849609375 0.046875
0 0.79248046875 0.89501953125 0.0673828125 0.0830078125
0 0.0947265625 0.0166015625 0.078125 0.033203125
0 0.189453125 0.97509765625 0.060546875 0.0478515625
0 0.5224609375 0.22509765625 0.076171875 0.0576171875
0 0.3984375 0.12451171875 0.080078125 0.0732421875
0 0.87646484375 0.5615234375 0.0634765625 0.060546875
0 0.89404296875 0.30712890625 0.0576171875 0.0732421875
0 0.6748046875 0.12109375 0.05078125 0.046875
0 0.31005859375 0.14013671875 0.0869140625 0.0712890625
0 0.72998046875 0.38623046875 0.0693359375 0.0537109375
0 0.185546875 0.30029296875 0.080078125 0.0751953125
0 0.72021484375 0.0439453125 0.0634765625 0.05859375
0 0.3994140625 0.67236328125 0.044921875 0.0341796875
0 0.8603515625 0.81640625 0.072265625 0.044921875
0 0.2197265625 0.84912109375 0.05078125 0.0595703125
0 0.34716796875 0.87939453125 0.0869140625 0.0732421875
0 0.1982421875 0.69775390625 0.056640625 0.0634765625
0 0.60498046875 0.49755859375 0.0751953125 0.0478515625
0 0.021484375 0.87255859375 0.04296875 0.0615234375
0 0.49609375 0.564453125 0.103515625 0.109375
0 0.357421875 0.9619140625 0.09375 0.076171875
0 0.31591796875 0.36767578125 0.0419921875 0.0517578125
0 0.02294921875 0.3115234375 0.0458984375 0.09765625
0 0.62744140625 0.98974609375 0.0419921875 0.0205078125
0 0.904296875 0.43505859375 0.083984375 0.0732421875
0 0.96337890625 0.0390625 0.0732421875 0.046875
0 0.83154296875 0.38916015625 0.0712890625 0.0576171875
0 0.38623046875 0.47998046875 0.0478515625 0.0478515625
0 0.62890625 0.9716796875 0.044921875 0.02734375
0 0.06591796875 0.9755859375 0.0751953125 0.046875
0 0.24072265625 0.982421875 0.0419921875 0.033203125
0 0.56201171875 0.13525390625 0.0712890625 0.0556640625
0 0.53369140625 0.02001953125 0.0615234375 0.0400390625
0 0.4921875 0.44189453125 0.05859375 0.0517578125
0 0.14453125 0.509765625 0.05859375 0.060546875
0 0.95166015625 0.8759765625 0.0556640625 0.076171875
0 0.5947265625 0.66845703125 0.060546875 0.0595703125
0 0.23974609375 0.8251953125 0.0400390625 0.03515625
0 0.58984375 0.3193359375 0.05859375 0.068359375
0 0.013671875 0.0732421875 0.02734375 0.072265625
0 0.31787109375 0.01708984375 0.0654296875 0.0341796875
0 0.6865234375 0.22998046875 0.07421875 0.0537109375
0 0.8720703125 0.48974609375 0.080078125 0.0693359375
0 0.5966796875 0.4169921875 0.078125 0.0625
