0 0.06396484375 0.2890625 0.1279296875 0.16015625
0 0.30419921875 0.71728515625 0.0400390625 0.1689453125
0 0.44677734375 0.40234375 0.1064453125 0.09375
0 0.20361328125 0.39208984375 0.0849609375 0.1396484375
0 0.81005859375 0.2587890625 0.1455078125 0.0703125
0 0.89697265625 0.31787109375 0.1201171875 0.0869140625
0 0.81982421875 0.62060546875 0.1572265625 0.2666015625
0 0.47509765625 0.31298828125 0.0927734375 0.0908203125
0 0.96923828125 0.0654296875 0.0615234375 0.111328125
0 0.6455078125 0.3544921875 0.052734375 0.083984375
0 0.15283203125 0.734375 0.0869140625 0.1328125
0 0.244140625 0.71337890625 0.080078125 0.1689453125
0 0.47216796875 0.65185546875 0.1005859375 0.2294921875
0 0.4443359375 0.73974609375 0.06640625 0.1572265625
0 0.84375 0.75048828125 0.048828125 0.0810546875
0 0.1123046875 0.6015625 0.091796875 0.123046875
0 0.888671875 0.94921875 0.0546875 0.099609375
0 0.9814453125 0.53466796875 0.037109375 0.0751953125
0 0.31005859375 0.56005859375 0.0947265625 0.1240234375
0 0.6875 0.89501953125 0.05859375 0.0673828125
0 0.576171875 0.662109375 0.041015625 0.162109375
0 0.51171875 0.9736328125 0.060546875 0.044921875
0 0.3427734375 0.27197265625 0.044921875 0.0888671875
0 0.0224609375 0.13720703125 0.044921875 0.0810546875
0 0.146484375 0.12060546875 0.103515625 0.1376953125
0 0.35693359375 0.0302734375 0.0712890625 0.060546875
0 0.46044921875 0.203125 0.1650390625 0.048828125
0 0.63232421875 0.62890625 0.0830078125 0.22265625
0 0.6650390625 0.1962890625 0.138671875 0.275390625
0 0.26513671875 0.88232421875 0.0458984375 0.0693359375
0 0.43994140625 0.05810546875 0.1513671875 0.1162109375
0 0.7021484375 0.39404296875 0.140625 0.2197265625
0 0.08642578125 0.1650390625 0.1103515625 0.125
0 0.20263671875 0.94677734375 0.1201171875 0.1064453125
0 0.38720703125 0.34228515625 0.1611328125 0.1591796875
0 0.064453125 0.8974609375 0.1015625 0.041015625
0 0.078125 0.4765625 0.15625 0.111328125
0 0.9638671875 0.654296875 0.072265625 0.14453125
