0 0.94140625 0.548828125 0.09765625 0.158203125
0 0.59033203125 0.4345703125 0.1240234375 0.123046875
0 0.3271484375 0.89453125 0.109375 0.119140625
0 0.5048828125 0.62841796875 0.169921875 0.1572265625
0 0.73876953125 0.91015625 0.2119140625 0.087890625
0 0.67236328125 0.29736328125 0.1689453125 0.1376953125
0 0.947265625 0.8095703125 0.10546875 0.115234375
0 0.619140625 0.0458984375 0.125 0.087890625
0 0.3251953125 0.49072265625 0.1015625 0.1474609375
0 0.3798828125 0.482421875 0.07421875 0.126953125
0 0.3916015625 0.04296875 0.115234375 0.0859375
0 0.96337890625 0.37939453125 0.0556640625 0.1435546875
0 0.38671875 0.193359375 0.109375 0.201171875
0 0.4755859375 0.89990234375 0.1484375 0.0947265625
