0 0.09130859375 0.6298828125 0.0947265625 0.060546875
0 0.7578125 0.65869140625 0.091796875 0.0400390625
0 0.2177734375 0.80078125 0.052734375 0.056640625
0 0.0556640625 0.14111328125 0.0703125 0.0341796875
0 0.36328125 0.6396484375 0.044921875 0.048828125
0 0.9228515625 0.0380859375 0.14453125 0.072265625
0 0.443359375 0.2021484375 0.091796875 0.099609375
0 0.4990234375 0.6416015625 0.064453125 0.041015625
0 0.72021484375 0.13818359375 0.1142578125 0.1103515625
0 0.47607421875 0.77734375 0.0634765625 0.0703125
0 0.53271484375 0.9833984375 0.0517578125 0.03125
0 0.85595703125 0.57275390625 0.1005859375 0.0595703125
0 0.71142578125 0.34375 0.1162109375 0.06640625
0 0.93798828125 0.37548828125 0.0966796875 0.0927734375
0 0.0419921875 0.4384765625 0.056640625 0.087890625
0 0.853515625 0.1806640625 0.142578125 0.056640625
0 0.24853515625 0.181640625 0.0576171875 0.0625
0 0.474609375 0.36865234375 0.080078125 0.0830078125
0 0.5263671875 0.02734375 0.068359375 0.046875
0 0.76513671875 0.7529296875 0.0966796875 0.05078125
0 0.42578125 0.578125 0.091796875 0.08203125
0 0.9169921875 0.82275390625 0.0859375 0.0556640625
0 0.9384765625 0.75341796875 0.123046875 0.1181640625
0 0.4580078125 0.04931640625 0.05078125 0.0986328125
0 0.40283203125 0.8798828125 0.0517578125 0.0390625
