0 0.005859375 0.4033203125 0.01171875 0.044921875
0 0.2802734375 0.1357421875 0.080078125 0.099609375
0 0.3701171875 0.2333984375 0.138671875 0.072265625
0 0.5966796875 0.2548828125 0.107421875 0.083984375
0 0.6279296875 0.375 0.166015625 0.08203125
0 0.98046875 0.1005859375 0.0390625 0.076171875
0 0.8037109375 0.28515625 0.060546875 0.08984375
0 0.95703125 0.2197265625 0.0859375 0.095703125
0 0.9677734375 0.3134765625 0.064453125 0.080078125
0 0.931640625 0.4736328125 0.12109375 0.076171875
0 0.517578125 0.875 0.05078125 0.046875
0 0.7294921875 0.8037109375 0.107421875 0.044921875
0 0.97265625 0.943359375 0.0546875 0.06640625
0 0.8095703125 0.927734375 0.169921875 0.09765625
0 0.935546875 0.970703125 0.12890625 0.05859375
0 0.755859375 0.9892578125 0.1328125 0.021484375
0 0.2001953125 0.9833984375 0.083984375 0.033203125
0 0.232421875 0.3994140625 0.0703125 0.080078125
0 0.142578125 0.4814453125 0.09765625 0.197265625
0 0.0322265625 0.1806640625 0.064453125 0.083984375
