0 0.10546875 0.49951171875 0.07421875 0.0615234375
0 0.271484375 0.443359375 0.06640625 0.0546875
0 0.234375 0.34033203125 0.083984375 0.0810546875
0 0.7275390625 0.05908203125 0.05859375 0.0712890625
0 0.6337890625 0.0986328125 0.109375 0.087890625
0 0.4697265625 0.04345703125 0.080078125 0.0654296875
0 0.03466796875 0.3310546875 0.0654296875 0.064453125
0 0.859375 0.912109375 0.046875 0.04296875
0 0.83056640625 0.5546875 0.0556640625 0.0546875
0 0.650390625 0.58447265625 0.0625 0.0595703125
0 0.6708984375 0.8046875 0.07421875 0.0625
0 0.9677734375 0.49267578125 0.05078125 0.0498046875
0 0.54296875 0.4306640625 0.076171875 0.0625
0 0.17919921875 0.85986328125 0.0615234375 0.0537109375
0 0.65966796875 0.89599609375 0.1025390625 0.0810546875
0 0.62060546875 0.259765625 0.0732421875 0.138671875
0 0.63818359375 0.5322265625 0.0673828125 0.048828125
0 0.2939453125 0.8046875 0.076171875 0.068359375
0 0.47412109375 0.8779296875 0.0654296875 0.068359375
0 0.37646484375 0.41552734375 0.1123046875 0.0712890625
0 0.171875 0.59619140625 0.087890625 0.0634765625
0 0.56640625 0.8759765625 0.072265625 0.06640625
0 0.40380859375 0.56005859375 0.0693359375 0.0634765625
0 0.20166015625 0.49365234375 0.0556640625 0.0537109375
0 0.4365234375 0.0185546875 0.05078125 0.037109375
