0 0.6982421875 0.49072265625 0.087890625 0.0673828125
0 0.7431640625 0.978515625 0.115234375 0.04296875
0 0.376953125 0.16064453125 0.08984375 0.0693359375
0 0.9375 0.759765625 0.125 0.099609375
0 0.841796875 0.3408203125 0.115234375 0.078125
0 0.857421875 0.58349609375 0.181640625 0.0615234375
0 0.60546875 0.40673828125 0.0625 0.0380859375
0 0.7421875 0.4580078125 0.146484375 0.048828125
0 0.896484375 0.53857421875 0.12890625 0.0517578125
0 0.96484375 0.27685546875 0.0703125 0.0751953125
0 0.7998046875 0.02978515625 0.107421875 0.0576171875
0 0.57958984375 0.8720703125 0.0908203125 0.0703125
0 0.97607421875 0.55078125 0.0478515625 0.0625
0 0.90673828125 0.6435546875 0.1396484375 0.11328125
0 0.87353515625 0.197265625 0.1474609375 0.0703125
0 0.72900390625 0.6337890625 0.1181640625 0.193359375
0 0.94140625 0.12109375 0.1171875 0.064453125
0 0.95458984375 0.34716796875 0.0615234375 0.0693359375
0 0.828125 0.76318359375 0.171875 0.0732421875
0 0.76904296875 0.2451171875 0.0849609375 0.06640625
0 0.71728515625 0.8095703125 0.1103515625 0.07421875
0 0.587890625 0.94482421875 0.076171875 0.1083984375
0 0.63818359375 0.33349609375 0.0869140625 0.0673828125
0 0.8056640625 0.06640625 0.162109375 0.056640625
0 0.8095703125 0.49853515625 0.119140625 0.0771484375
0 0.49365234375 0.27294921875 0.1201171875 0.1123046875
0 0.95068359375 0.45556640625 0.0927734375 0.0849609375
