0 0.7734375 0.94677734375 0.056640625 0.1064453125
0 0.73486328125 0.44921875 0.1083984375 0.05078125
0 0.16162109375 0.75341796875 0.0576171875 0.0751953125
0 0.0498046875 0.61083984375 0.083984375 0.1025390625
0 0.046875 0.45458984375 0.048828125 0.1494140625
0 0.04248046875 0.3076171875 0.0439453125 0.107421875
0 0.61279296875 0.27783203125 0.0673828125 0.0693359375
0 0.060546875 0.201171875 0.10546875 0.126953125
0 0.33935546875 0.04345703125 0.0966796875 0.0537109375
0 0.6396484375 0.1953125 0.142578125 0.072265625
0 0.82958984375 0.0244140625 0.1181640625 0.046875
0 0.2080078125 0.07421875 0.04296875 0.072265625
0 0.83447265625 0.1884765625 0.1162109375 0.173828125
0 0.93115234375 0.1728515625 0.0458984375 0.0546875
0 0.93017578125 0.279296875 0.1044921875 0.048828125
0 0.62890625 0.05126953125 0.056640625 0.0830078125
0 0.2724609375 0.298828125 0.13671875 0.09765625
0 0.3125 0.380859375 0.109375 0.05859375
0 0.46142578125 0.37109375 0.1025390625 0.044921875
0 0.5224609375 0.412109375 0.060546875 0.046875
0 0.96435546875 0.49560546875 0.0556640625 0.0654296875
0 0.9326171875 0.4326171875 0.048828125 0.060546875
0 0.8837890625 0.4697265625 0.044921875 0.115234375
0 0.609375 0.34228515625 0.103515625 0.0537109375
0 0.3955078125 0.25537109375 0.05859375 0.0537109375
0 0.3779296875 0.51904296875 0.140625 0.0830078125
0 0.77294921875 0.64404296875 0.0419921875 0.0595703125
0 0.77294921875 0.64404296875 0.0419921875 0.0595703125
0 0.6328125 0.66943359375 0.044921875 0.0634765625
0 0.572265625 0.69140625 0.04296875 0.19140625
0 0.7509765625 0.73974609375 0.025390625 0.0322265625
0 0.76953125 0.7880859375 0.048828125 0.048828125
0 0.9365234375 0.80859375 0.03515625 0.041015625
0 0.4130859375 0.806640625 0.087890625 0.138671875
0 0.435546875 0.74853515625 0.08203125 0.1220703125
0 0.13232421875 0.3359375 0.0498046875 0.08984375
0 0.0341796875 0.39892578125 0.052734375 0.0517578125
0 0.31298828125 0.177734375 0.0576171875 0.06640625
0 0.2470703125 0.3857421875 0.03125 0.046875
0 0.11767578125 0.984375 0.0791015625 0.03125
0 0.07568359375 0.24658203125 0.0244140625 0.0302734375
