0 0.08349609375 0.087890625 0.0654296875 0.072265625
0 0.52783203125 0.18896484375 0.0751953125 0.0869140625
0 0.8818359375 0.24072265625 0.064453125 0.0478515625
0 0.337890625 0.615234375 0.064453125 0.060546875
0 0.5087890625 0.7529296875 0.0625 0.046875
0 0.93798828125 0.15087890625 0.0771484375 0.1123046875
0 0.46142578125 0.91357421875 0.0712890625 0.0693359375
0 0.35107421875 0.0341796875 0.0751953125 0.0625
0 0.2919921875 0.26611328125 0.09375 0.1240234375
0 0.34130859375 0.69287109375 0.0791015625 0.0654296875
0 0.97265625 0.8056640625 0.052734375 0.107421875
0 0.94970703125 0.330078125 0.0673828125 0.08203125
0 0.9423828125 0.408203125 0.080078125 0.11328125
0 0.34033203125 0.5654296875 0.0595703125 0.0390625
0 0.08154296875 0.826171875 0.0673828125 0.044921875
0 0.82568359375 0.67041015625 0.0380859375 0.0537109375
0 0.646484375 0.400390625 0.078125 0.064453125
0 0.97119140625 0.63330078125 0.0576171875 0.0673828125
0 0.97119140625 0.2294921875 0.0576171875 0.095703125
