0 0.662109375 0.03857421875 0.044921875 0.0556640625
0 0.98046875 0.1376953125 0.0390625 0.03515625
0 0.9697265625 0.41943359375 0.060546875 0.1044921875
0 0.89404296875 0.14599609375 0.0478515625 0.0908203125
0 0.97607421875 0.0595703125 0.0478515625 0.0546875
0 0.86376953125 0.3603515625 0.0673828125 0.080078125
0 0.8349609375 0.21826171875 0.05859375 0.0693359375
0 0.6064453125 0.369140625 0.078125 0.0859375
0 0.708984375 0.0849609375 0.052734375 0.0625
0 0.69921875 0.2978515625 0.0546875 0.0625
