0 0.10595703125 0.21533203125 0.0478515625 0.0498046875
0 0.30810546875 0.8955078125 0.0947265625 0.083984375
0 0.93212890625 0.74072265625 0.0712890625 0.0712890625
0 0.31884765625 0.69970703125 0.0634765625 0.0595703125
0 0.857421875 0.06884765625 0.16015625 0.0830078125
0 0.0361328125 0.26806640625 0.072265625 0.0576171875
0 0.802734375 0.5283203125 0.060546875 0.05859375
0 0.1259765625 0.43115234375 0.091796875 0.0830078125
0 0.65185546875 0.3037109375 0.0732421875 0.072265625
0 0.3486328125 0.48095703125 0.123046875 0.0869140625
0 0.85009765625 0.38037109375 0.0576171875 0.0498046875
0 0.39404296875 0.0283203125 0.0830078125 0.056640625
0 0.29345703125 0.35693359375 0.0732421875 0.0615234375
0 0.212890625 0.80322265625 0.068359375 0.0615234375
0 0.79541015625 0.83984375 0.0771484375 0.099609375
0 0.02099609375 0.84375 0.0419921875 0.076171875
0 0.75390625 0.35791015625 0.09375 0.0595703125
0 0.56591796875 0.34326171875 0.0771484375 0.0712890625
0 0.6162109375 0.87451171875 0.12890625 0.0888671875
0 0.58544921875 0.5546875 0.0849609375 0.068359375
0 0.31689453125 0.21826171875 0.0810546875 0.0908203125
0 0.7919921875 0.43017578125 0.078125 0.0751953125
0 0.25537109375 0.95263671875 0.1025390625 0.0947265625
0 0.0703125 0.98046875 0.08984375 0.0390625
0 0.30419921875 0.81201171875 0.0791015625 0.0830078125
0 0.42724609375 0.2119140625 0.0771484375 0.064453125
0 0.64501953125 0.19921875 0.0615234375 0.0625
0 0.1357421875 0.0771484375 0.11328125 0.072265625
0 0.3984375 0.09716796875 0.08203125 0.0810546875
0 0.65673828125 0.6611328125 0.0908203125 0.076171875
0 0.779296875 0.27001953125 0.095703125 0.0537109375
0 0.62939453125 0.43408203125 0.0791015625 0.0771484375
0 0.20068359375 0.2099609375 0.0439453125 0.033203125
0 0.107421875 0.3369140625 0.103515625 0.080078125
0 0.9287109375 0.46875 0.09375 0.087890625
0 0.14111328125 0.9755859375 0.0712890625 0.048828125
0 0.18212890625 0.93310546875 0.1181640625 0.1337890625
0 0.02685546875 0.44580078125 0.0537109375 0.0810546875
