0 0.84619140625 0.04736328125 0.0947265625 0.0947265625
0 0.96435546875 0.66748046875 0.0712890625 0.0556640625
0 0.943359375 0.35888671875 0.109375 0.0458984375
0 0.103515625 0.53369140625 0.083984375 0.0615234375
0 0.20654296875 0.96826171875 0.1240234375 0.0634765625
0 0.95263671875 0.44970703125 0.0947265625 0.0634765625
0 0.734375 0.93896484375 0.0625 0.0654296875
0 0.77783203125 0.14794921875 0.0947265625 0.1435546875
0 0.8779296875 0.53271484375 0.083984375 0.0849609375
0 0.02490234375 0.2099609375 0.0498046875 0.15234375
