0 0.9306640625 0.439453125 0.1328125 0.0703125
0 0.1591796875 0.8662109375 0.064453125 0.109375
0 0.47119140625 0.57275390625 0.1298828125 0.0517578125
0 0.61474609375 0.02685546875 0.0947265625 0.0498046875
0 0.017578125 0.669921875 0.03515625 0.080078125
0 0.1005859375 0.72607421875 0.08203125 0.1025390625
0 0.18701171875 0.2080078125 0.1103515625 0.072265625
0 0.1220703125 0.24560546875 0.064453125 0.0673828125
0 0.7470703125 0.81689453125 0.125 0.0439453125
0 0.24609375 0.94580078125 0.2421875 0.1083984375
0 0.57470703125 0.4892578125 0.0849609375 0.125
0 0.45068359375 0.3896484375 0.0732421875 0.080078125
0 0.62890625 0.89013671875 0.0859375 0.0615234375
0 0.6533203125 0.318359375 0.087890625 0.072265625
0 0.96142578125 0.63916015625 0.0771484375 0.0595703125
0 0.77197265625 0.4482421875 0.2353515625 0.142578125
0 0.498046875 0.107421875 0.0546875 0.064453125
0 0.3994140625 0.91064453125 0.08984375 0.0830078125
0 0.05908203125 0.90966796875 0.0654296875 0.0771484375
0 0.9482421875 0.0458984375 0.09765625 0.087890625
0 0.19921875 0.43310546875 0.109375 0.1103515625
0 0.6259765625 0.5546875 0.1171875 0.0703125
0 0.0146484375 0.35693359375 0.029296875 0.0947265625
0 0.33837890625 0.8671875 0.0693359375 0.060546875
0 0.78564453125 0.16064453125 0.1025390625 0.0771484375
0 0.51904296875 0.70849609375 0.0458984375 0.0615234375
0 0.92138671875 0.15576171875 0.0712890625 0.0439453125
0 0.873046875 0.03564453125 0.1328125 0.0673828125
0 0.37451171875 0.21923828125 0.0830078125 0.0693359375
0 0.041015625 0.71044921875 0.064453125 0.0927734375
0 0.29345703125 0.24462890625 0.0771484375 0.0751953125
0 0.0458984375 0.55322265625 0.091796875 0.1630859375
0 0.96142578125 0.22021484375 0.0771484375 0.0986328125
0 0.10400390625 0.07568359375 0.0791015625 0.1474609375
0 0.95263671875 0.13427734375 0.0869140625 0.0595703125
0 0.18212890625 0.3359375 0.0654296875 0.056640625
0 0.85693359375 0.27197265625 0.0517578125 0.0537109375
0 0.1357421875 0.60693359375 0.072265625 0.0654296875
0 0.7509765625 0.90087890625 0.126953125 0.1318359375
0 0.943359375 0.35302734375 0.107421875 0.0927734375
0 0.1083984375 0.32177734375 0.0625 0.0654296875
0 0.501953125 0.81591796875 0.095703125 0.0400390625
0 0.78955078125 0.265625 0.0947265625 0.04296875
0 0.11572265625 0.5361328125 0.0615234375 0.09375
0 0.02099609375 0.8115234375 0.0419921875 0.0390625
0 0.546875 0.9296875 0.142578125 0.140625
0 0.884765625 0.62890625 0.048828125 0.0703125
0 0.05322265625 0.98095703125 0.0673828125 0.0380859375
0 0.58349609375 0.8349609375 0.1025390625 0.052734375
0 0.73193359375 0.6328125 0.1181640625 0.046875
0 0.6005859375 0.39892578125 0.189453125 0.0615234375
0 0.8623046875 0.15478515625 0.1171875 0.1005859375
0 0.15966796875 0.75390625 0.0693359375 0.048828125
0 0.02734375 0.9208984375 0.0546875 0.087890625
0 0.978515625 0.53857421875 0.04296875 0.0478515625
0 0.4658203125 0.32470703125 0.068359375 0.0498046875
0 0.05859375 0.29296875 0.03515625 0.03515625
0 0.90673828125 0.87060546875 0.1298828125 0.0634765625
