0 0.09130859375 0.201171875 0.0361328125 0.0625
0 0.40478515625 0.33447265625 0.0751953125 0.0478515625
0 0.58251953125 0.58349609375 0.0537109375 0.0361328125
0 0.19677734375 0.5556640625 0.0498046875 0.052734375
0 0.76416015625 0.90478515625 0.1220703125 0.0595703125
0 0.81494140625 0.11962890625 0.1279296875 0.1103515625
0 0.61865234375 0.8974609375 0.0439453125 0.044921875
0 0.98193359375 0.49560546875 0.0322265625 0.0283203125
0 0.4482421875 0.26416015625 0.046875 0.0576171875
0 0.4072265625 0.95361328125 0.076171875 0.0693359375
0 0.1416015625 0.1953125 0.068359375 0.111328125
0 0.046875 0.83544921875 0.087890625 0.0478515625
0 0.07666015625 0.33056640625 0.0732421875 0.1025390625
0 0.958984375 0.2578125 0.0703125 0.044921875
0 0.47900390625 0.888671875 0.0595703125 0.0546875
0 0.50146484375 0.40625 0.0771484375 0.0859375
0 0.693359375 0.35302734375 0.068359375 0.0517578125
0 0.7392578125 0.60888671875 0.1015625 0.0712890625
0 0.763671875 0.2490234375 0.0703125 0.107421875
0 0.55322265625 0.9794921875 0.0986328125 0.041015625
0 0.5341796875 0.05859375 0.02734375 0.03515625
0 0.9580078125 0.5595703125 0.083984375 0.046875
0 0.310546875 0.16015625 0.06640625 0.078125
0 0.86083984375 0.31591796875 0.0947265625 0.0576171875
0 0.5869140625 0.93994140625 0.068359375 0.0556640625
0 0.50341796875 0.06494140625 0.0498046875 0.0400390625
0 0.42236328125 0.62548828125 0.0712890625 0.0849609375
0 0.4453125 0.01318359375 0.068359375 0.0263671875
0 0.0166015625 0.32373046875 0.033203125 0.0712890625
0 0.83154296875 0.19775390625 0.0771484375 0.0595703125
0 0.07080078125 0.42822265625 0.1416015625 0.0908203125
0 0.9912109375 0.53173828125 0.017578125 0.0419921875
0 0.7763671875 0.98876953125 0.03515625 0.0185546875
0 0.77880859375 0.35009765625 0.1005859375 0.0537109375
0 0.06103515625 0.9423828125 0.0693359375 0.08203125
0 0.345703125 0.11083984375 0.078125 0.0673828125
0 0.61474609375 0.35595703125 0.0751953125 0.0634765625
0 0.3125 0.90234375 0.07421875 0.0703125
0 0.94091796875 0.16455078125 0.0751953125 0.1259765625
0 0.45947265625 0.46142578125 0.0517578125 0.0771484375
0 0.099609375 0.93505859375 0.068359375 0.1083984375
0 0.91357421875 0.36328125 0.1279296875 0.0703125
0 0.3125 0.7109375 0.046875 0.099609375
