0 0.77685546875 0.22314453125 0.0810546875 0.1689453125
0 0.23779296875 0.587890625 0.1240234375 0.08984375
0 0.18701171875 0.3232421875 0.1064453125 0.15234375
0 0.10400390625 0.91162109375 0.1865234375 0.1298828125
0 0.1767578125 0.76171875 0.087890625 0.16015625
0 0.85888671875 0.6748046875 0.1259765625 0.14453125
0 0.85302734375 0.40673828125 0.1669921875 0.0791015625
0 0.06103515625 0.26806640625 0.0830078125 0.0751953125
0 0.4775390625 0.6357421875 0.142578125 0.08984375
0 0.056640625 0.51708984375 0.083984375 0.0673828125
0 0.384765625 0.703125 0.095703125 0.1171875
0 0.025390625 0.11962890625 0.05078125 0.1103515625
0 0.14794921875 0.5390625 0.0810546875 0.08203125
0 0.03857421875 0.62451171875 0.0771484375 0.0986328125
0 0.32080078125 0.8046875 0.1142578125 0.1328125
0 0.97021484375 0.50927734375 0.0595703125 0.0634765625
0 0.9638671875 0.03955078125 0.072265625 0.0791015625
0 0.66943359375 0.38818359375 0.1416015625 0.1181640625
0 0.05126953125 0.38037109375 0.1025390625 0.0693359375
0 0.12353515625 0.09033203125 0.1572265625 0.0888671875
0 0.44384765625 0.54052734375 0.1318359375 0.0810546875
0 0.62109375 0.81982421875 0.171875 0.1103515625
0 0.509765625 0.53564453125 0.19140625 0.1318359375
0 0.5625 0.42529296875 0.08203125 0.1748046875
0 0.19677734375 0.85498046875 0.0751953125 0.0556640625
0 0.1875 0.32373046875 0.107421875 0.1513671875
0 0.03662109375 0.6962890625 0.0732421875 0.140625
0 0.861328125 0.03466796875 0.12109375 0.0693359375
0 0.72607421875 0.654296875 0.0712890625 0.08203125
0 0.97607421875 0.56787109375 0.0478515625 0.0634765625
0 0.2802734375 0.470703125 0.1015625 0.076171875
0 0.7958984375 0.35693359375 0.12109375 0.0595703125
0 0.18359375 0.021484375 0.107421875 0.041015625
