0 0.1240234375 0.02734375 0.138671875 0.0546875
0 0.22265625 0.0166015625 0.08203125 0.033203125
0 0.41748046875 0.14501953125 0.2470703125 0.0634765625
0 0.4267578125 0.2236328125 0.048828125 0.107421875
0 0.58203125 0.3037109375 0.06640625 0.083984375
0 0.751953125 0.94140625 0.142578125 0.115234375
0 0.82080078125 0.873046875 0.2353515625 0.251953125
0 0.8671875 0.9052734375 0.265625 0.052734375
0 0.39697265625 0.85546875 0.1533203125 0.1484375
0 0.04052734375 0.88818359375 0.0556640625 0.0947265625
0 0.16455078125 0.8134765625 0.1533203125 0.068359375
0 0.25048828125 0.72607421875 0.0751953125 0.3564453125
0 0.9609375 0.11962890625 0.078125 0.1611328125
0 0.0341796875 0.97509765625 0.06640625 0.0478515625
0 0.08447265625 0.68310546875 0.1689453125 0.0595703125
0 0.0859375 0.642578125 0.171875 0.0546875
0 0.04736328125 0.08740234375 0.0947265625 0.0478515625
0 0.06298828125 0.1826171875 0.1259765625 0.119140625
0 0.26025390625 0.19482421875 0.0751953125 0.1611328125
0 0.22314453125 0.1259765625 0.1962890625 0.138671875
0 0.3310546875 0.3251953125 0.287109375 0.283203125
0 0.30859375 0.40576171875 0.154296875 0.2001953125
0 0.20947265625 0.29052734375 0.0283203125 0.0322265625
0 0.6103515625 0.22021484375 0.115234375 0.1337890625
0 0.05126953125 0.37744140625 0.1025390625 0.1259765625
0 0.1552734375 0.46630859375 0.310546875 0.0869140625
0 0.287109375 0.50048828125 0.04296875 0.1064453125
0 0.0576171875 0.54296875 0.068359375 0.0390625
0 0.0576171875 0.57958984375 0.115234375 0.0791015625
0 0.134765625 0.61572265625 0.03125 0.0322265625
0 0.1455078125 0.5556640625 0.052734375 0.091796875
0 0.35009765625 0.59814453125 0.1416015625 0.2939453125
0 0.2998046875 0.6630859375 0.05078125 0.044921875
0 0.41796875 0.255859375 0.271484375 0.15234375
0 0.119140625 0.732421875 0.23828125 0.1640625
0 0.3193359375 0.60009765625 0.08203125 0.0791015625
0 0.36572265625 0.5615234375 0.0166015625 0.01953125
0 0.513671875 0.5693359375 0.078125 0.08203125
0 0.58203125 0.3828125 0.326171875 0.076171875
0 0.919921875 0.6806640625 0.16015625 0.046875
0 0.947265625 0.48095703125 0.103515625 0.1220703125
0 0.962890625 0.37255859375 0.07421875 0.1103515625
0 0.9404296875 0.283203125 0.115234375 0.05078125
0 0.8984375 0.2275390625 0.171875 0.291015625
0 0.95751953125 0.5869140625 0.0830078125 0.083984375
0 0.91552734375 0.59423828125 0.1259765625 0.0908203125
0 0.939453125 0.763671875 0.1171875 0.150390625
0 0.7431640625 0.44970703125 0.140625 0.2939453125
0 0.919921875 0.6875 0.16015625 0.19921875
0 0.83837890625 0.54296875 0.0712890625 0.193359375
0 0.61328125 0.984375 0.046875 0.03125
0 0.1953125 0.90087890625 0.03515625 0.0439453125
