0 0.82958984375 0.47900390625 0.0537109375 0.0419921875
0 0.81298828125 0.05419921875 0.0478515625 0.0595703125
0 0.19677734375 0.677734375 0.0693359375 0.06640625
0 0.8427734375 0.400390625 0.12890625 0.080078125
0 0.3115234375 0.23876953125 0.068359375 0.0498046875
0 0.37744140625 0.54541015625 0.0986328125 0.1064453125
0 0.2998046875 0.37646484375 0.078125 0.0634765625
0 0.9345703125 0.138671875 0.048828125 0.060546875
0 0.0234375 0.54296875 0.046875 0.04296875
0 0.94970703125 0.77001953125 0.0498046875 0.0439453125
0 0.83837890625 0.09375 0.0419921875 0.06640625
0 0.23583984375 0.8759765625 0.1240234375 0.07421875
0 0.0927734375 0.296875 0.060546875 0.04296875
0 0.029296875 0.80126953125 0.05859375 0.0615234375
0 0.39208984375 0.28125 0.0380859375 0.07421875
0 0.97119140625 0.5947265625 0.0498046875 0.091796875
0 0.39892578125 0.2890625 0.1474609375 0.05859375
0 0.62451171875 0.9326171875 0.0634765625 0.095703125
0 0.24169921875 0.5830078125 0.0947265625 0.087890625
0 0.609375 0.6962890625 0.099609375 0.06640625
0 0.18408203125 0.52490234375 0.1533203125 0.0771484375
0 0.86962890625 0.76220703125 0.0302734375 0.0205078125
0 0.97900390625 0.17626953125 0.0419921875 0.0322265625
0 0.5615234375 0.900390625 0.064453125 0.072265625
0 0.58935546875 0.740234375 0.0771484375 0.111328125
0 0.23583984375 0.810546875 0.1533203125 0.056640625
0 0.564453125 0.57958984375 0.0859375 0.0595703125
0 0.13232421875 0.37890625 0.0478515625 0.037109375
0 0.44482421875 0.08642578125 0.0693359375 0.0400390625
0 0.45361328125 0.66552734375 0.0537109375 0.0498046875
0 0.93798828125 0.88623046875 0.0791015625 0.0791015625
0 0.626953125 0.529296875 0.126953125 0.068359375
0 0.55810546875 0.81201171875 0.0400390625 0.0537109375
0 0.8994140625 0.5986328125 0.056640625 0.05859375
0 0.36474609375 0.2041015625 0.0458984375 0.080078125
0 0.31787109375 0.4697265625 0.0576171875 0.05078125
0 0.03662109375 0.63037109375 0.0732421875 0.0673828125
0 0.310546875 0.158203125 0.09765625 0.10546875
0 0.58154296875 0.35205078125 0.0654296875 0.0576171875
0 0.46435546875 0.353515625 0.0419921875 0.05078125
0 0.93603515625 0.498046875 0.1044921875 0.052734375
0 0.7998046875 0.58935546875 0.06640625 0.0498046875
0 0.0439453125 0.41162109375 0.05859375 0.0517578125
0 0.810546875 0.9208984375 0.1171875 0.099609375
0 0.787109375 0.01318359375 0.08203125 0.0263671875
0 0.474609375 0.43505859375 0.10546875 0.0634765625
0 0.81787109375 0.67919921875 0.0556640625 0.0615234375
0 0.6865234375 0.92236328125 0.060546875 0.0556640625
