0 0.2216796875 0.49951171875 0.048828125 0.0341796875
0 0.244140625 0.68798828125 0.08984375 0.2060546875
0 0.3486328125 0.1806640625 0.080078125 0.103515625
0 0.8203125 0.87060546875 0.080078125 0.0869140625
0 0.69091796875 0.4150390625 0.1142578125 0.083984375
0 0.1328125 0.599609375 0.080078125 0.064453125
0 0.8759765625 0.5810546875 0.0703125 0.064453125
0 0.6552734375 0.5439453125 0.08203125 0.046875
0 0.548828125 0.84912109375 0.083984375 0.2509765625
0 0.328125 0.93701171875 0.130859375 0.1259765625
0 0.49169921875 0.05322265625 0.0791015625 0.0712890625
0 0.5556640625 0.5986328125 0.103515625 0.1953125
0 0.62548828125 0.0966796875 0.0869140625 0.064453125
0 0.88818359375 0.19140625 0.1044921875 0.0859375
0 0.025390625 0.72314453125 0.044921875 0.0517578125
0 0.1142578125 0.810546875 0.068359375 0.0625
0 0.24365234375 0.171875 0.0771484375 0.087890625
0 0.458984375 0.61376953125 0.04296875 0.0751953125
0 0.20263671875 0.0751953125 0.1181640625 0.095703125
0 0.6171875 0.17529296875 0.080078125 0.0830078125
0 0.84912109375 0.48046875 0.0927734375 0.076171875
0 0.0849609375 0.45068359375 0.048828125 0.0458984375
0 0.8720703125 0.95361328125 0.119140625 0.0927734375
0 0.80224609375 0.37158203125 0.0771484375 0.0615234375
0 0.0380859375 0.0712890625 0.076171875 0.115234375
0 0.78466796875 0.58056640625 0.0947265625 0.0654296875
0 0.03515625 0.2177734375 0.0703125 0.107421875
