0 0.09521484375 0.44921875 0.1162109375 0.044921875
0 0.287109375 0.0927734375 0.091796875 0.0859375
0 0.8232421875 0.6640625 0.0546875 0.046875
0 0.29345703125 0.16259765625 0.0751953125 0.0595703125
0 0.54736328125 0.4326171875 0.0849609375 0.04296875
0 0.9443359375 0.54150390625 0.03515625 0.0263671875
0 0.38671875 0.64013671875 0.083984375 0.0576171875
0 0.61181640625 0.68896484375 0.0693359375 0.0478515625
0 0.57666015625 0.48486328125 0.0498046875 0.0341796875
0 0.52490234375 0.77392578125 0.1103515625 0.0322265625
0 0.3681640625 0.33984375 0.0390625 0.0859375
0 0.77197265625 0.7236328125 0.0419921875 0.03125
0 0.4921875 0.35546875 0.0546875 0.03125
0 0.833984375 0.03466796875 0.083984375 0.0400390625
0 0.40185546875 0.42138671875 0.1005859375 0.0615234375
0 0.228515625 0.6455078125 0.083984375 0.060546875
0 0.08203125 0.03466796875 0.08203125 0.0673828125
0 0.13037109375 0.4833984375 0.1083984375 0.0625
0 0.6435546875 0.93994140625 0.06640625 0.0771484375
0 0.9619140625 0.83154296875 0.076171875 0.0458984375
0 0.70361328125 0.0712890625 0.0537109375 0.05078125
0 0.86572265625 0.70947265625 0.0498046875 0.0556640625
0 0.0908203125 0.37158203125 0.08984375 0.0400390625
0 0.044921875 0.572265625 0.08984375 0.10546875
0 0.21337890625 0.85595703125 0.1416015625 0.0341796875
0 0.46044921875 0.9580078125 0.1025390625 0.07421875
0 0.42578125 0.71044921875 0.087890625 0.0810546875
0 0.86767578125 0.3896484375 0.1552734375 0.078125
0 0.08447265625 0.24658203125 0.1083984375 0.0322265625
0 0.02099609375 0.1572265625 0.0419921875 0.041015625
0 0.5556640625 0.36962890625 0.080078125 0.0498046875
0 0.76513671875 0.32080078125 0.1201171875 0.0634765625
0 0.326171875 0.76806640625 0.04296875 0.0283203125
0 0.49462890625 0.68701171875 0.0986328125 0.0595703125
0 0.7216796875 0.77685546875 0.083984375 0.0380859375
0 0.9365234375 0.95751953125 0.076171875 0.0732421875
0 0.7509765625 0.24072265625 0.11328125 0.1357421875
0 0.66357421875 0.2314453125 0.0986328125 0.072265625
0 0.1875 0.14208984375 0.0859375 0.0615234375
0 0.90869140625 0.66015625 0.0771484375 0.03125
0 0.2392578125 0.9384765625 0.1171875 0.06640625
0 0.95703125 0.2890625 0.0859375 0.0546875
0 0.3701171875 0.728515625 0.048828125 0.04296875
0 0.35498046875 0.8154296875 0.1650390625 0.046875
0 0.69677734375 0.35205078125 0.0771484375 0.0654296875
0 0.12451171875 0.33154296875 0.1748046875 0.0869140625
0 0.17578125 0.697265625 0.11328125 0.068359375
0 0.748046875 0.67236328125 0.060546875 0.0205078125
0 0.65087890625 0.45263671875 0.0673828125 0.0361328125
0 0.94580078125 0.7353515625 0.0830078125 0.0703125
0 0.50732421875 0.25146484375 0.0908203125 0.0498046875
0 0.45458984375 0.04248046875 0.0986328125 0.0439453125
0 0.56591796875 0.15625 0.0849609375 0.060546875
0 0.0986328125 0.919921875 0.09765625 0.046875
0 0.8056640625 0.7333984375 0.06640625 0.03125
0 0.966796875 0.0146484375 0.06640625 0.029296875
0 0.22119140625 0.33447265625 0.0908203125 0.0576171875
0 0.15673828125 0.08154296875 0.1279296875 0.0361328125
0 0.296875 0.6220703125 0.1015625 0.0625
0 0.107421875 0.6845703125 0.0859375 0.06640625
0 0.91845703125 0.05224609375 0.1611328125 0.0576171875
0 0.392578125 0.04296875 0.091796875 0.08203125
0 0.025390625 0.787109375 0.05078125 0.048828125
0 0.15283203125 0.95751953125 0.1083984375 0.0517578125
0 0.2333984375 0.7333984375 0.046875 0.04296875
0 0.6552734375 0.03125 0.072265625 0.060546875
0 0.8515625 0.76025390625 0.08984375 0.0419921875
0 0.08935546875 0.41162109375 0.0947265625 0.0341796875
0 0.51416015625 0.8623046875 0.1220703125 0.044921875
0 0.7890625 0.23583984375 0.083984375 0.0478515625
