0 0.19873046875 0.8740234375 0.0556640625 0.064453125
0 0.30712890625 0.837890625 0.0361328125 0.044921875
0 0.390625 0.82275390625 0.05078125 0.0498046875
0 0.4912109375 0.79541015625 0.08984375 0.1044921875
0 0.6064453125 0.8701171875 0.064453125 0.091796875
0 0.6572265625 0.8779296875 0.078125 0.072265625
0 0.58740234375 0.75732421875 0.0498046875 0.0400390625
0 0.56884765625 0.68603515625 0.1142578125 0.0419921875
0 0.8310546875 0.818359375 0.052734375 0.06640625
0 0.76513671875 0.74951171875 0.0439453125 0.0478515625
0 0.71240234375 0.8056640625 0.0439453125 0.064453125
0 0.7177734375 0.75537109375 0.06640625 0.0439453125
0 0.712890625 0.71044921875 0.056640625 0.0380859375
0 0.828125 0.658203125 0.05078125 0.0390625
0 0.720703125 0.57470703125 0.044921875 0.0595703125
0 0.91259765625 0.482421875 0.0458984375 0.11328125
0 0.80712890625 0.46728515625 0.0634765625 0.0986328125
0 0.4931640625 0.48974609375 0.08203125 0.0947265625
0 0.6162109375 0.57177734375 0.060546875 0.0537109375
0 0.78515625 0.61474609375 0.052734375 0.0517578125
0 0.73974609375 0.29833984375 0.0458984375 0.0380859375
0 0.68603515625 0.28369140625 0.0380859375 0.0361328125
0 0.45458984375 0.27978515625 0.0537109375 0.0927734375
0 0.283203125 0.41845703125 0.060546875 0.0927734375
0 0.32421875 0.30078125 0.05859375 0.05078125
0 0.69287109375 0.11572265625 0.0888671875 0.1025390625
0 0.9052734375 0.18359375 0.076171875 0.076171875
0 0.83447265625 0.20751953125 0.0302734375 0.0400390625
0 0.83251953125 0.27978515625 0.0458984375 0.0322265625
0 0.85009765625 0.34130859375 0.0498046875 0.0380859375
0 0.30712890625 0.1767578125 0.0595703125 0.068359375
0 0.251953125 0.04931640625 0.07421875 0.0986328125
0 0.05712890625 0.14404296875 0.0908203125 0.0986328125
0 0.09228515625 0.07275390625 0.0400390625 0.0810546875
0 0.1357421875 0.2275390625 0.09375 0.056640625
0 0.31640625 0.56982421875 0.05859375 0.1064453125
0 0.35107421875 0.6591796875 0.0439453125 0.072265625
0 0.111328125 0.71533203125 0.19921875 0.0478515625
0 0.11669921875 0.68701171875 0.0556640625 0.0478515625
0 0.41650390625 0.2275390625 0.0419921875 0.060546875
0 0.44775390625 0.93212890625 0.0478515625 0.0478515625
0 0.7890625 0.162109375 0.056640625 0.09765625
0 0.68701171875 0.63427734375 0.0361328125 0.0224609375
0 0.78369140625 0.65673828125 0.0341796875 0.0322265625
0 0.78173828125 0.35205078125 0.0458984375 0.0517578125
0 0.1328125 0.25146484375 0.068359375 0.0361328125
0 0.80712890625 0.546875 0.0517578125 0.048828125
0 0.48193359375 0.234375 0.0478515625 0.07421875
0 0.84130859375 0.68701171875 0.0439453125 0.0322265625
0 0.54345703125 0.50439453125 0.0380859375 0.0517578125
