0 0.02880859375 0.4287109375 0.0517578125 0.044921875
0 0.05908203125 0.07568359375 0.0458984375 0.0693359375
0 0.90478515625 0.43701171875 0.1904296875 0.0830078125
0 0.04150390625 0.65185546875 0.0751953125 0.1123046875
0 0.8076171875 0.62744140625 0.125 0.0771484375
0 0.75390625 0.81640625 0.125 0.134765625
0 0.35595703125 0.58837890625 0.1474609375 0.2158203125
0 0.72265625 0.58203125 0.0859375 0.150390625
0 0.15771484375 0.8828125 0.0634765625 0.041015625
0 0.34130859375 0.15185546875 0.1181640625 0.0517578125
0 0.328125 0.2333984375 0.07421875 0.142578125
0 0.392578125 0.41943359375 0.125 0.0751953125
0 0.8515625 0.2236328125 0.212890625 0.068359375
0 0.9013671875 0.6123046875 0.16015625 0.060546875
0 0.158203125 0.17822265625 0.05859375 0.0830078125
0 0.4384765625 0.56787109375 0.1328125 0.0673828125
0 0.52734375 0.5205078125 0.044921875 0.072265625
0 0.88330078125 0.0732421875 0.0576171875 0.078125
0 0.97216796875 0.380859375 0.0556640625 0.068359375
0 0.46728515625 0.392578125 0.1357421875 0.0546875
0 0.20947265625 0.05078125 0.0712890625 0.056640625
0 0.47021484375 0.51806640625 0.1220703125 0.0849609375
0 0.65185546875 0.611328125 0.0537109375 0.076171875
0 0.2275390625 0.853515625 0.052734375 0.056640625
0 0.0556640625 0.74560546875 0.046875 0.0947265625
0 0.74267578125 0.5166015625 0.0615234375 0.125
0 0.41259765625 0.20703125 0.0458984375 0.0703125
0 0.71630859375 0.94775390625 0.1826171875 0.0830078125
0 0.96240234375 0.02880859375 0.0751953125 0.0576171875
0 0.9169921875 0.099609375 0.115234375 0.041015625
0 0.19873046875 0.955078125 0.1025390625 0.08984375
0 0.82373046875 0.7197265625 0.0830078125 0.15625
0 0.76611328125 0.1044921875 0.0830078125 0.072265625
0 0.89404296875 0.3857421875 0.1572265625 0.052734375
0 0.27197265625 0.7734375 0.1767578125 0.171875
0 0.0361328125 0.46923828125 0.072265625 0.0556640625
0 0.34619140625 0.74609375 0.0888671875 0.1171875
0 0.67333984375 0.6748046875 0.0439453125 0.0546875
0 0.9033203125 0.5322265625 0.15234375 0.125
0 0.197265625 0.13330078125 0.09375 0.0439453125
0 0.3193359375 0.7734375 0.09375 0.09765625
0 0.1083984375 0.50927734375 0.095703125 0.0400390625
0 0.681640625 0.16552734375 0.1171875 0.0595703125
0 0.2607421875 0.66796875 0.107421875 0.107421875
0 0.8642578125 0.33447265625 0.16796875 0.0595703125
0 0.1435546875 0.79541015625 0.04296875 0.0498046875
0 0.7060546875 0.07177734375 0.107421875 0.0556640625
0 0.86474609375 0.73193359375 0.1357421875 0.0517578125
0 0.2763671875 0.87060546875 0.142578125 0.1103515625
0 0.02685546875 0.55078125 0.0537109375 0.087890625
0 0.96728515625 0.287109375 0.0654296875 0.064453125
0 0.1455078125 0.6943359375 0.087890625 0.099609375
0 0.8837890625 0.29443359375 0.0859375 0.0751953125
0 0.44140625 0.32568359375 0.033203125 0.0810546875
0 0.67822265625 0.48828125 0.0517578125 0.0625
0 0.60986328125 0.525390625 0.0419921875 0.052734375
0 0.0361328125 0.82666015625 0.072265625 0.0869140625
0 0.12451171875 0.31494140625 0.0947265625 0.0693359375
0 0.1171875 0.9150390625 0.14453125 0.126953125
0 0.63916015625 0.220703125 0.0458984375 0.0625
0 0.65771484375 0.388671875 0.1650390625 0.07421875
