0 0.94970703125 0.05029296875 0.0791015625 0.0869140625
0 0.93896484375 0.72900390625 0.0458984375 0.0517578125
0 0.66357421875 0.98046875 0.0654296875 0.0390625
0 0.78466796875 0.642578125 0.0634765625 0.0625
0 0.51513671875 0.5439453125 0.0615234375 0.080078125
0 0.49267578125 0.42333984375 0.0576171875 0.0615234375
0 0.76318359375 0.7236328125 0.0634765625 0.0546875
0 0.70068359375 0.35986328125 0.0556640625 0.0634765625
0 0.95263671875 0.14794921875 0.0908203125 0.1083984375
0 0.322265625 0.2548828125 0.080078125 0.060546875
0 0.64306640625 0.0185546875 0.0458984375 0.037109375
0 0.74951171875 0.80517578125 0.0517578125 0.0458984375
0 0.55078125 0.0771484375 0.064453125 0.111328125
0 0.6396484375 0.33837890625 0.068359375 0.0673828125
0 0.6337890625 0.828125 0.080078125 0.060546875
0 0.9306640625 0.39013671875 0.07421875 0.1279296875
0 0.87939453125 0.849609375 0.0908203125 0.0625
0 0.10205078125 0.03076171875 0.0439453125 0.0615234375
0 0.48388671875 0.267578125 0.1181640625 0.107421875
0 0.68603515625 0.2578125 0.0498046875 0.0546875
0 0.7939453125 0.5576171875 0.04296875 0.0546875
0 0.64013671875 0.158203125 0.0576171875 0.09765625
0 0.9755859375 0.705078125 0.048828125 0.056640625
0 0.59033203125 0.966796875 0.0478515625 0.052734375
0 0.0341796875 0.52685546875 0.068359375 0.0556640625
0 0.4306640625 0.1904296875 0.05859375 0.091796875
0 0.849609375 0.7939453125 0.064453125 0.048828125
0 0.4375 0.4921875 0.052734375 0.0703125
0 0.9208984375 0.6416015625 0.064453125 0.068359375
