0 0.46142578125 0.83642578125 0.0478515625 0.0478515625
0 0.11669921875 0.10498046875 0.0693359375 0.0458984375
0 0.1357421875 0.029296875 0.06640625 0.05859375
0 0.265625 0.7177734375 0.080078125 0.048828125
0 0.515625 0.15185546875 0.06640625 0.0498046875
0 0.7392578125 0.841796875 0.080078125 0.083984375
0 0.60107421875 0.75341796875 0.0908203125 0.0673828125
0 0.16943359375 0.263671875 0.0439453125 0.05078125
0 0.03271484375 0.09716796875 0.0654296875 0.0791015625
0 0.90771484375 0.9072265625 0.0634765625 0.046875
0 0.31787109375 0.84423828125 0.0849609375 0.0537109375
0 0.16064453125 0.8076171875 0.0751953125 0.068359375
0 0.43701171875 0.68115234375 0.0771484375 0.0751953125
0 0.78369140625 0.81201171875 0.0751953125 0.0380859375
0 0.27978515625 0.91357421875 0.0419921875 0.0537109375
0 0.08154296875 0.0556640625 0.0732421875 0.052734375
0 0.81201171875 0.2216796875 0.0576171875 0.056640625
0 0.0498046875 0.9169921875 0.099609375 0.052734375
0 0.9091796875 0.09765625 0.1015625 0.0703125
0 0.0380859375 0.865234375 0.076171875 0.048828125
0 0.64697265625 0.6533203125 0.0576171875 0.07421875
0 0.388671875 0.736328125 0.09765625 0.064453125
0 0.33837890625 0.82568359375 0.0810546875 0.0419921875
0 0.62939453125 0.08251953125 0.0654296875 0.0595703125
0 0.28173828125 0.79736328125 0.0634765625 0.0322265625
0 0.96142578125 0.03125 0.0771484375 0.0625
0 0.68115234375 0.28076171875 0.0576171875 0.0693359375
0 0.8310546875 0.6220703125 0.056640625 0.056640625
0 0.88525390625 0.7626953125 0.0595703125 0.08984375
0 0.705078125 0.64892578125 0.06640625 0.0810546875
0 0.4091796875 0.78759765625 0.083984375 0.0498046875
0 0.3828125 0.62939453125 0.072265625 0.0498046875
0 0.486328125 0.8681640625 0.0703125 0.06640625
0 0.34716796875 0.9521484375 0.0927734375 0.05859375
0 0.5185546875 0.6357421875 0.091796875 0.06640625
0 0.216796875 0.7578125 0.078125 0.064453125
0 0.68115234375 0.06396484375 0.0888671875 0.0615234375
0 0.90380859375 0.607421875 0.0712890625 0.05859375
0 0.83935546875 0.09228515625 0.0810546875 0.0927734375
0 0.9365234375 0.8095703125 0.07421875 0.06640625
0 0.81201171875 0.77294921875 0.0517578125 0.0849609375
0 0.62353515625 0.0380859375 0.0458984375 0.052734375
0 0.7333984375 0.2509765625 0.056640625 0.068359375
0 0.14892578125 0.33056640625 0.0673828125 0.0537109375
0 0.85986328125 0.8388671875 0.0771484375 0.052734375
0 0.5732421875 0.90869140625 0.052734375 0.0498046875
0 0.525390625 0.7607421875 0.091796875 0.072265625
0 0.57763671875 0.4912109375 0.0810546875 0.119140625
0 0.236328125 0.87451171875 0.099609375 0.1142578125
0 0.0556640625 0.8095703125 0.060546875 0.048828125
0 0.32275390625 0.09423828125 0.0693359375 0.0654296875
0 0.974609375 0.923828125 0.05078125 0.091796875
0 0.67724609375 0.7841796875 0.0712890625 0.1015625
0 0.9794921875 0.18408203125 0.041015625 0.0751953125
0 0.8515625 0.90771484375 0.07421875 0.0869140625
0 0.55126953125 0.169921875 0.0791015625 0.064453125
0 0.2783203125 0.865234375 0.04296875 0.04296875
0 0.25830078125 0.62939453125 0.0751953125 0.0576171875
