0 0.97265625 0.05517578125 0.0546875 0.0751953125
0 0.8916015625 0.1474609375 0.111328125 0.142578125
0 0.79296875 0.171875 0.162109375 0.34375
0 0.7197265625 0.02783203125 0.130859375 0.0556640625
0 0.5244140625 0.017578125 0.087890625 0.03515625
0 0.978515625 0.23974609375 0.041015625 0.0478515625
0 0.9091796875 0.5908203125 0.07421875 0.107421875
0 0.96044921875 0.50244140625 0.0595703125 0.2314453125
0 0.94775390625 0.63623046875 0.1025390625 0.0517578125
0 0.8623046875 0.78125 0.12109375 0.03515625
0 0.8984375 0.7919921875 0.203125 0.107421875
0 0.3779296875 0.94970703125 0.302734375 0.0986328125
0 0.27734375 0.927734375 0.265625 0.111328125
0 0.51416015625 0.90478515625 0.0634765625 0.0947265625
0 0.59912109375 0.94921875 0.0712890625 0.099609375
0 0.845703125 0.880859375 0.30859375 0.13671875
0 0.6728515625 0.87548828125 0.140625 0.0673828125
0 0.923828125 0.283203125 0.150390625 0.11328125
0 0.81640625 0.36865234375 0.06640625 0.2978515625
0 0.05322265625 0.92822265625 0.1064453125 0.0712890625
0 0.36376953125 0.796875 0.1650390625 0.1953125
0 0.447265625 0.73291015625 0.328125 0.0634765625
0 0.53125 0.7041015625 0.380859375 0.076171875
0 0.5888671875 0.7314453125 0.08984375 0.201171875
0 0.50341796875 0.62158203125 0.4736328125 0.2939453125
0 0.61962890625 0.52587890625 0.3369140625 0.1337890625
0 0.85791015625 0.4375 0.2822265625 0.19140625
0 0.892578125 0.44140625 0.087890625 0.20703125
0 0.21923828125 0.61474609375 0.2861328125 0.1884765625
0 0.26220703125 0.6376953125 0.4033203125 0.076171875
0 0.19384765625 0.55615234375 0.3251953125 0.0869140625
0 0.4560546875 0.5244140625 0.23828125 0.154296875
0 0.34033203125 0.37109375 0.2705078125 0.154296875
0 0.51953125 0.4541015625 0.25 0.0546875
0 0.06689453125 0.482421875 0.1337890625 0.0703125
0 0.0888671875 0.37744140625 0.177734375 0.2744140625
0 0.32958984375 0.35595703125 0.1572265625 0.2275390625
0 0.27978515625 0.30908203125 0.2314453125 0.2705078125
0 0.40380859375 0.32958984375 0.2275390625 0.2744140625
0 0.5615234375 0.302734375 0.169921875 0.158203125
0 0.66357421875 0.19921875 0.2392578125 0.177734375
0 0.3876953125 0.1708984375 0.201171875 0.095703125
0 0.28515625 0.208984375 0.26953125 0.244140625
0 0.47509765625 0.0859375 0.1650390625 0.05859375
0 0.12939453125 0.2646484375 0.2587890625 0.23828125
0 0.18798828125 0.13671875 0.2587890625 0.2265625
0 0.091796875 0.158203125 0.18359375 0.15625
0 0.078125 0.0751953125 0.15625 0.134765625
0 0.36328125 0.796875 0.1640625 0.193359375
