0 0.037109375 0.07666015625 0.07421875 0.0634765625
0 0.255859375 0.029296875 0.13671875 0.056640625
0 0.02001953125 0.37255859375 0.0400390625 0.0615234375
0 0.115234375 0.39697265625 0.0703125 0.0771484375
0 0.06689453125 0.4033203125 0.0302734375 0.08984375
0 0.078125 0.49169921875 0.033203125 0.0478515625
0 0.28466796875 0.55859375 0.1396484375 0.07421875
0 0.4248046875 0.49853515625 0.052734375 0.0439453125
0 0.5322265625 0.419921875 0.115234375 0.087890625
0 0.505859375 0.49072265625 0.06640625 0.0595703125
0 0.54443359375 0.50048828125 0.1162109375 0.0751953125
0 0.59326171875 0.45361328125 0.0498046875 0.0576171875
0 0.5234375 0.6162109375 0.08203125 0.056640625
0 0.251953125 0.6533203125 0.224609375 0.103515625
0 0.44140625 0.63330078125 0.05078125 0.1650390625
0 0.56982421875 0.6953125 0.2060546875 0.068359375
0 0.4853515625 0.75048828125 0.09765625 0.0810546875
0 0.6552734375 0.5380859375 0.033203125 0.046875
0 0.21728515625 0.78369140625 0.1455078125 0.1025390625
0 0.01953125 0.75830078125 0.0390625 0.0419921875
0 0.02294921875 0.90771484375 0.0302734375 0.0419921875
0 0.1298828125 0.904296875 0.060546875 0.0546875
0 0.10107421875 0.95068359375 0.0556640625 0.0537109375
0 0.078125 0.98974609375 0.07421875 0.0205078125
0 0.31298828125 0.8779296875 0.0576171875 0.10546875
0 0.3720703125 0.85302734375 0.072265625 0.0751953125
0 0.3544921875 0.97900390625 0.048828125 0.0419921875
0 0.42724609375 0.95654296875 0.0693359375 0.0595703125
0 0.5126953125 0.82763671875 0.1328125 0.1533203125
0 0.6083984375 0.81005859375 0.080078125 0.1376953125
0 0.28955078125 0.14990234375 0.0615234375 0.0947265625
0 0.3095703125 0.224609375 0.05859375 0.068359375
0 0.3623046875 0.31640625 0.1640625 0.1484375
0 0.35693359375 0.13134765625 0.0751953125 0.1083984375
0 0.3466796875 0.07373046875 0.05859375 0.0673828125
0 0.498046875 0.169921875 0.109375 0.140625
0 0.39794921875 0.38671875 0.0986328125 0.05078125
0 0.6005859375 0.06982421875 0.052734375 0.0654296875
0 0.65625 0.09326171875 0.029296875 0.0400390625
0 0.7373046875 0.34130859375 0.0546875 0.0576171875
0 0.74560546875 0.400390625 0.0771484375 0.06640625
0 0.70068359375 0.421875 0.0556640625 0.048828125
0 0.0107421875 0.20751953125 0.021484375 0.0673828125
0 0.666015625 0.0146484375 0.060546875 0.029296875
0 0.51025390625 0.01416015625 0.0693359375 0.0283203125
0 0.88037109375 0.1533203125 0.0986328125 0.0703125
0 0.873046875 0.07373046875 0.083984375 0.0498046875
0 0.97705078125 0.02685546875 0.0439453125 0.0419921875
0 0.93603515625 0.10791015625 0.0634765625 0.1259765625
0 0.98388671875 0.078125 0.0322265625 0.09375
0 0.80810546875 0.54296875 0.1435546875 0.119140625
0 0.76025390625 0.5986328125 0.0654296875 0.13671875
0 0.77734375 0.69775390625 0.091796875 0.0537109375
0 0.8837890625 0.71044921875 0.037109375 0.0615234375
0 0.69873046875 0.69384765625 0.0517578125 0.0634765625
0 0.73046875 0.744140625 0.1015625 0.05078125
0 0.84521484375 0.91943359375 0.0869140625 0.0576171875
0 0.90576171875 0.8154296875 0.0400390625 0.0546875
0 0.8193359375 0.83642578125 0.078125 0.0693359375
0 0.76708984375 0.80126953125 0.1650390625 0.1962890625
0 0.1572265625 0.83544921875 0.052734375 0.0419921875
0 0.90234375 0.3466796875 0.048828125 0.04296875
0 0.91943359375 0.01318359375 0.0283203125 0.0205078125
0 0.98583984375 0.13916015625 0.0283203125 0.0244140625
0 0.98583984375 0.93505859375 0.0283203125 0.0380859375
0 0.326171875 0.63427734375 0.1015625 0.0810546875
0 0.1064453125 0.53466796875 0.04296875 0.0712890625
0 0.11328125 0.47607421875 0.033203125 0.0322265625
0 0.38232421875 0.3515625 0.0595703125 0.130859375
0 0.294921875 0.27099609375 0.0390625 0.0439453125
0 0.3779296875 0.19921875 0.068359375 0.06640625
0 0.36767578125 0.0439453125 0.0458984375 0.0703125
0 0.73291015625 0.83203125 0.0986328125 0.138671875
0 0.75439453125 0.86865234375 0.0595703125 0.0712890625
0 0.72265625 0.94482421875 0.05078125 0.0869140625
0 0.365234375 0.248046875 0.076171875 0.056640625
0 0.33203125 0.2822265625 0.03515625 0.0390625
0 0.1005859375 0.8291015625 0.025390625 0.033203125
