0 0.13818359375 0.107421875 0.0478515625 0.056640625
0 0.20068359375 0.6240234375 0.0478515625 0.037109375
0 0.2958984375 0.73583984375 0.087890625 0.0673828125
0 0.53076171875 0.72607421875 0.1025390625 0.0771484375
0 0.935546875 0.74072265625 0.08203125 0.0576171875
0 0.88818359375 0.36767578125 0.1142578125 0.0751953125
0 0.61962890625 0.50927734375 0.0439453125 0.0302734375
0 0.857421875 0.703125 0.080078125 0.08203125
0 0.2080078125 0.31689453125 0.056640625 0.0576171875
0 0.93359375 0.77978515625 0.1328125 0.0849609375
0 0.02783203125 0.89013671875 0.0556640625 0.0830078125
0 0.41748046875 0.8076171875 0.0595703125 0.041015625
0 0.3583984375 0.52685546875 0.03515625 0.0537109375
0 0.43701171875 0.35693359375 0.1005859375 0.0947265625
0 0.67041015625 0.822265625 0.0810546875 0.05859375
0 0.201171875 0.48388671875 0.080078125 0.0654296875
0 0.689453125 0.20068359375 0.080078125 0.0830078125
0 0.38232421875 0.90283203125 0.0380859375 0.0439453125
0 0.0859375 0.32373046875 0.052734375 0.0517578125
0 0.7998046875 0.14697265625 0.095703125 0.0791015625
0 0.53076171875 0.14208984375 0.0830078125 0.1103515625
0 0.0380859375 0.36865234375 0.048828125 0.0732421875
0 0.03466796875 0.03759765625 0.0693359375 0.0751953125
0 0.72705078125 0.83740234375 0.0439453125 0.0361328125
0 0.4296875 0.6572265625 0.099609375 0.080078125
0 0.275390625 0.9072265625 0.083984375 0.056640625
0 0.9697265625 0.83837890625 0.060546875 0.0673828125
0 0.5537109375 0.4521484375 0.0625 0.048828125
0 0.93798828125 0.56689453125 0.0986328125 0.0947265625
0 0.1455078125 0.41845703125 0.0625 0.0673828125
0 0.39404296875 0.0849609375 0.0751953125 0.087890625
