0 0.96337890625 0.51171875 0.0732421875 0.068359375
0 0.92626953125 0.77490234375 0.1474609375 0.0517578125
0 0.53759765625 0.5908203125 0.1123046875 0.056640625
0 0.53515625 0.70751953125 0.09765625 0.0732421875
0 0.5322265625 0.7763671875 0.099609375 0.041015625
0 0.96337890625 0.25048828125 0.0732421875 0.0478515625
0 0.974609375 0.89404296875 0.05078125 0.0498046875
0 0.6142578125 0.48828125 0.095703125 0.04296875
0 0.02392578125 0.6787109375 0.0478515625 0.046875
0 0.94873046875 0.03759765625 0.1025390625 0.0595703125
0 0.853515625 0.34326171875 0.181640625 0.0732421875
0 0.7900390625 0.22216796875 0.107421875 0.0751953125
0 0.94775390625 0.140625 0.1044921875 0.056640625
0 0.9677734375 0.29150390625 0.064453125 0.0419921875
0 0.56982421875 0.03076171875 0.1533203125 0.0615234375
0 0.775390625 0.796875 0.134765625 0.037109375
0 0.82421875 0.02294921875 0.09765625 0.0458984375
0 0.7109375 0.07958984375 0.150390625 0.0966796875
0 0.81640625 0.16552734375 0.140625 0.0556640625
0 0.5234375 0.98095703125 0.126953125 0.0380859375
0 0.38671875 0.8623046875 0.1015625 0.05078125
0 0.6396484375 0.529296875 0.109375 0.060546875
0 0.9658203125 0.947265625 0.068359375 0.044921875
0 0.91357421875 0.21142578125 0.1669921875 0.0498046875
0 0.779296875 0.85302734375 0.134765625 0.0439453125
0 0.63623046875 0.85546875 0.1103515625 0.0546875
0 0.62939453125 0.1630859375 0.1142578125 0.056640625
0 0.8505859375 0.57177734375 0.16015625 0.0498046875
0 0.974609375 0.80712890625 0.05078125 0.0341796875
0 0.75244140625 0.95556640625 0.1279296875 0.0576171875
0 0.939453125 0.701171875 0.115234375 0.044921875
0 0.74658203125 0.98046875 0.1240234375 0.037109375
0 0.9296875 0.85888671875 0.134765625 0.0576171875
0 0.75146484375 0.67041015625 0.1552734375 0.0576171875
0 0.62353515625 0.32421875 0.1416015625 0.056640625
0 0.67724609375 0.43212890625 0.1279296875 0.0732421875
0 0.9140625 0.42041015625 0.169921875 0.0693359375
0 0.89306640625 0.65478515625 0.1376953125 0.0498046875
0 0.90234375 0.61474609375 0.169921875 0.0498046875
