0 0.1748046875 0.20947265625 0.0625 0.0927734375
0 0.80126953125 0.42236328125 0.0771484375 0.0830078125
0 0.42236328125 0.7666015625 0.0771484375 0.09765625
0 0.7236328125 0.29443359375 0.056640625 0.0419921875
0 0.72802734375 0.185546875 0.0888671875 0.046875
0 0.02783203125 0.9794921875 0.0458984375 0.041015625
0 0.30859375 0.84521484375 0.087890625 0.0771484375
0 0.333984375 0.337890625 0.125 0.08984375
0 0.04638671875 0.31982421875 0.0693359375 0.0654296875
0 0.62060546875 0.673828125 0.0556640625 0.056640625
0 0.4482421875 0.8427734375 0.078125 0.060546875
0 0.01708984375 0.18408203125 0.0341796875 0.1025390625
0 0.302734375 0.41064453125 0.125 0.0810546875
0 0.4873046875 0.68701171875 0.1171875 0.0693359375
0 0.70849609375 0.02734375 0.1083984375 0.052734375
0 0.642578125 0.873046875 0.11328125 0.060546875
0 0.50048828125 0.5380859375 0.1416015625 0.140625
0 0.083984375 0.20263671875 0.083984375 0.1005859375
0 0.5302734375 0.85400390625 0.0859375 0.0654296875
0 0.2783203125 0.0380859375 0.08984375 0.076171875
0 0.57568359375 0.93701171875 0.0751953125 0.0927734375
0 0.67041015625 0.9326171875 0.1201171875 0.091796875
0 0.873046875 0.24072265625 0.06640625 0.0400390625
0 0.61474609375 0.80615234375 0.1025390625 0.0693359375
0 0.62353515625 0.06201171875 0.0654296875 0.0810546875
0 0.1767578125 0.013671875 0.083984375 0.02734375
0 0.3330078125 0.5 0.078125 0.05859375
0 0.4189453125 0.65185546875 0.09765625 0.1376953125
0 0.65185546875 0.32666015625 0.0927734375 0.0654296875
0 0.03564453125 0.8427734375 0.0576171875 0.052734375
0 0.21044921875 0.87744140625 0.1298828125 0.0830078125
0 0.71826171875 0.98291015625 0.1494140625 0.0341796875
0 0.97216796875 0.7109375 0.0556640625 0.0703125
0 0.2294921875 0.39794921875 0.0546875 0.0537109375
0 0.919921875 0.44921875 0.111328125 0.041015625
0 0.5146484375 0.25146484375 0.08984375 0.0615234375
0 0.78759765625 0.25830078125 0.1064453125 0.0537109375
0 0.9169921875 0.28173828125 0.103515625 0.0830078125
0 0.47607421875 0.955078125 0.1357421875 0.064453125
0 0.14697265625 0.31005859375 0.0888671875 0.0732421875
0 0.23974609375 0.267578125 0.0615234375 0.078125
0 0.58642578125 0.76220703125 0.0869140625 0.0576171875
0 0.1875 0.966796875 0.044921875 0.06640625
0 0.43798828125 0.27783203125 0.1298828125 0.0791015625
0 0.7353515625 0.36181640625 0.060546875 0.0498046875
0 0.123046875 0.43505859375 0.064453125 0.0654296875
0 0.361328125 0.9814453125 0.08203125 0.037109375
0 0.8212890625 0.13720703125 0.07421875 0.1044921875
0 0.7802734375 0.89599609375 0.150390625 0.0576171875
0 0.66162109375 0.611328125 0.0888671875 0.140625
0 0.02392578125 0.4091796875 0.0478515625 0.14453125
0 0.68896484375 0.11376953125 0.1494140625 0.0654296875
0 0.53564453125 0.4375 0.0732421875 0.06640625
0 0.51123046875 0.4765625 0.0693359375 0.0703125
0 0.17138671875 0.38330078125 0.0927734375 0.0654296875
