0 0.8994140625 0.18896484375 0.10546875 0.0576171875
0 0.41455078125 0.603515625 0.0751953125 0.095703125
0 0.25048828125 0.48583984375 0.0673828125 0.1376953125
0 0.771484375 0.1767578125 0.064453125 0.046875
0 0.076171875 0.60546875 0.05078125 0.056640625
0 0.84765625 0.25146484375 0.07421875 0.0517578125
0 0.654296875 0.56689453125 0.083984375 0.0830078125
0 0.0205078125 0.55029296875 0.041015625 0.0771484375
0 0.32080078125 0.40234375 0.0673828125 0.04296875
0 0.1259765625 0.45263671875 0.05859375 0.0732421875
0 0.64013671875 0.673828125 0.0419921875 0.06640625
0 0.41259765625 0.3076171875 0.0556640625 0.064453125
0 0.95751953125 0.49365234375 0.0595703125 0.0908203125
0 0.3408203125 0.271484375 0.056640625 0.064453125
0 0.84130859375 0.40478515625 0.1162109375 0.0517578125
0 0.74365234375 0.56201171875 0.0751953125 0.0791015625
0 0.18115234375 0.2568359375 0.0517578125 0.068359375
0 0.94677734375 0.30419921875 0.0986328125 0.0673828125
0 0.7392578125 0.359375 0.0703125 0.0546875
0 0.86376953125 0.58154296875 0.0283203125 0.0302734375
0 0.59130859375 0.29638671875 0.0498046875 0.0615234375
0 0.30615234375 0.36865234375 0.0478515625 0.0732421875
0 0.1748046875 0.12744140625 0.04296875 0.0498046875
0 0.4873046875 0.58642578125 0.080078125 0.0927734375
0 0.04296875 0.4697265625 0.05078125 0.0859375
0 0.65478515625 0.46728515625 0.0517578125 0.0654296875
0 0.37353515625 0.537109375 0.0771484375 0.080078125
0 0.19140625 0.43017578125 0.046875 0.0712890625
0 0.26806640625 0.65234375 0.0576171875 0.05078125
0 0.82763671875 0.47119140625 0.0634765625 0.0888671875
0 0.8251953125 0.046875 0.05859375 0.046875
0 0.7841796875 0.10009765625 0.0625 0.0478515625
