0 0.3193359375 0.02880859375 0.072265625 0.0498046875
0 0.703125 0.70849609375 0.126953125 0.1083984375
0 0.40576171875 0.01220703125 0.1220703125 0.0244140625
0 0.8671875 0.3515625 0.1875 0.09765625
0 0.111328125 0.67138671875 0.095703125 0.0849609375
0 0.81005859375 0.41357421875 0.0595703125 0.0439453125
0 0.7939453125 0.84521484375 0.06640625 0.0478515625
0 0.10595703125 0.16796875 0.1025390625 0.091796875
0 0.4990234375 0.796875 0.111328125 0.146484375
0 0.54052734375 0.3369140625 0.0927734375 0.10546875
0 0.7119140625 0.5302734375 0.08984375 0.095703125
0 0.1494140625 0.22412109375 0.068359375 0.0927734375
0 0.3056640625 0.24755859375 0.1171875 0.0771484375
0 0.96630859375 0.83203125 0.0673828125 0.072265625
0 0.14111328125 0.47216796875 0.0908203125 0.0732421875
0 0.2578125 0.52001953125 0.087890625 0.0986328125
0 0.45703125 0.95849609375 0.10546875 0.0830078125
0 0.90869140625 0.7041015625 0.1474609375 0.10546875
0 0.02099609375 0.2021484375 0.0419921875 0.099609375
0 0.67724609375 0.02978515625 0.0849609375 0.0595703125
0 0.0615234375 0.53759765625 0.087890625 0.0849609375
0 0.9326171875 0.56591796875 0.134765625 0.0849609375
0 0.69189453125 0.1396484375 0.0693359375 0.080078125
0 0.71142578125 0.783203125 0.0732421875 0.048828125
