0 0.048828125 0.8662109375 0.07421875 0.09375
0 0.17529296875 0.1171875 0.1181640625 0.119140625
0 0.7216796875 0.02685546875 0.111328125 0.0537109375
0 0.6767578125 0.04833984375 0.099609375 0.0830078125
0 0.95361328125 0.1435546875 0.0693359375 0.064453125
0 0.25 0.234375 0.04296875 0.046875
0 0.958984375 0.32080078125 0.041015625 0.0654296875
0 0.19580078125 0.349609375 0.0751953125 0.064453125
0 0.15771484375 0.87841796875 0.0458984375 0.0947265625
0 0.0791015625 0.73583984375 0.080078125 0.1279296875
0 0.77294921875 0.83935546875 0.0517578125 0.1611328125
0 0.02978515625 0.3759765625 0.0537109375 0.09765625
0 0.82763671875 0.14990234375 0.0869140625 0.0986328125
0 0.18017578125 0.501953125 0.0478515625 0.0703125
0 0.77294921875 0.9521484375 0.0771484375 0.076171875
0 0.72607421875 0.34765625 0.0693359375 0.052734375
0 0.27880859375 0.03076171875 0.0595703125 0.0517578125
0 0.8955078125 0.646484375 0.111328125 0.10546875
0 0.724609375 0.43505859375 0.05078125 0.0537109375
0 0.88232421875 0.71044921875 0.0458984375 0.0595703125
0 0.30908203125 0.54150390625 0.0888671875 0.0654296875
0 0.23583984375 0.62451171875 0.0712890625 0.0615234375
