0 0.935546875 0.42822265625 0.125 0.0771484375
0 0.7841796875 0.61083984375 0.138671875 0.1162109375
0 0.8544921875 0.0751953125 0.1015625 0.060546875
0 0.7880859375 0.1787109375 0.134765625 0.0703125
0 0.66064453125 0.2890625 0.0947265625 0.07421875
0 0.45703125 0.2548828125 0.078125 0.134765625
0 0.7744140625 0.0205078125 0.1171875 0.0390625
0 0.9697265625 0.16845703125 0.05859375 0.0576171875
0 0.7529296875 0.5478515625 0.158203125 0.123046875
0 0.77978515625 0.48046875 0.1845703125 0.11328125
0 0.837890625 0.248046875 0.134765625 0.0703125
0 0.81884765625 0.41796875 0.1123046875 0.11328125
0 0.931640625 0.0947265625 0.13671875 0.072265625
0 0.63818359375 0.4208984375 0.0927734375 0.08984375
0 0.81982421875 0.150390625 0.1513671875 0.06640625
