0 0.69189453125 0.607421875 0.0654296875 0.10546875
0 0.05224609375 0.88623046875 0.0693359375 0.0986328125
0 0.03759765625 0.53955078125 0.0751953125 0.1259765625
0 0.9814453125 0.37255859375 0.037109375 0.0595703125
0 0.7939453125 0.8798828125 0.0625 0.072265625
0 0.2216796875 0.208984375 0.060546875 0.099609375
0 0.9814453125 0.234375 0.03515625 0.060546875
0 0.54736328125 0.25341796875 0.0791015625 0.0791015625
0 0.42236328125 0.75390625 0.0478515625 0.115234375
0 0.837890625 0.54443359375 0.080078125 0.0654296875
0 0.36181640625 0.9658203125 0.0771484375 0.068359375
0 0.64697265625 0.455078125 0.0673828125 0.126953125
0 0.24853515625 0.591796875 0.0732421875 0.078125
0 0.2451171875 0.04296875 0.068359375 0.06640625
0 0.79443359375 0.7607421875 0.0908203125 0.125
0 0.9287109375 0.12353515625 0.07421875 0.0654296875
0 0.5810546875 0.34521484375 0.0546875 0.0673828125
0 0.3271484375 0.01806640625 0.07421875 0.0361328125
0 0.91259765625 0.65087890625 0.0732421875 0.0576171875
0 0.302734375 0.46630859375 0.07421875 0.1103515625
0 0.87255859375 0.03515625 0.1044921875 0.0703125
0 0.93408203125 0.7890625 0.0869140625 0.140625
0 0.37744140625 0.16552734375 0.0478515625 0.0732421875
0 0.2861328125 0.15234375 0.044921875 0.041015625
0 0.85205078125 0.0634765625 0.0615234375 0.083984375
0 0.34375 0.1552734375 0.052734375 0.076171875
0 0.65234375 0.84521484375 0.107421875 0.0888671875
0 0.623046875 0.96875 0.068359375 0.0625
0 0.0166015625 0.2158203125 0.033203125 0.1328125
0 0.13818359375 0.9658203125 0.0771484375 0.048828125
0 0.57568359375 0.43896484375 0.0478515625 0.1005859375
0 0.0869140625 0.5205078125 0.04296875 0.080078125
0 0.48388671875 0.5673828125 0.0927734375 0.1953125
0 0.009765625 0.91015625 0.01953125 0.146484375
0 0.94873046875 0.97216796875 0.0576171875 0.0556640625
0 0.439453125 0.673828125 0.044921875 0.107421875
0 0.74365234375 0.45849609375 0.0927734375 0.1279296875
