0 0.80224609375 0.68017578125 0.0986328125 0.0537109375
0 0.05615234375 0.57275390625 0.0556640625 0.1025390625
0 0.91845703125 0.6044921875 0.0888671875 0.05859375
0 0.65478515625 0.962890625 0.1220703125 0.072265625
0 0.29345703125 0.56201171875 0.0810546875 0.0498046875
0 0.46875 0.310546875 0.05078125 0.048828125
0 0.63671875 0.099609375 0.056640625 0.06640625
0 0.072265625 0.4599609375 0.0546875 0.052734375
0 0.11181640625 0.34765625 0.1005859375 0.05859375
0 0.45263671875 0.9716796875 0.0537109375 0.056640625
0 0.73291015625 0.43505859375 0.0869140625 0.0712890625
0 0.197265625 0.052734375 0.046875 0.056640625
0 0.76904296875 0.70849609375 0.0966796875 0.0712890625
0 0.7998046875 0.37548828125 0.048828125 0.0478515625
0 0.90283203125 0.87109375 0.0595703125 0.06640625
0 0.77392578125 0.98046875 0.0712890625 0.0390625
0 0.9765625 0.47216796875 0.046875 0.0458984375
0 0.2509765625 0.921875 0.052734375 0.076171875
0 0.13427734375 0.41845703125 0.0556640625 0.0498046875
0 0.4189453125 0.09423828125 0.0625 0.0478515625
0 0.603515625 0.51171875 0.041015625 0.05078125
0 0.5234375 0.26953125 0.1015625 0.099609375
0 0.126953125 0.5869140625 0.0546875 0.06640625
0 0.62890625 0.34326171875 0.068359375 0.0595703125
0 0.4111328125 0.34619140625 0.056640625 0.0517578125
0 0.80712890625 0.9140625 0.1064453125 0.068359375
0 0.14306640625 0.7548828125 0.0615234375 0.064453125
0 0.76123046875 0.61328125 0.0791015625 0.06640625
0 0.47216796875 0.8193359375 0.0517578125 0.052734375
0 0.36474609375 0.81982421875 0.0498046875 0.0634765625
0 0.55078125 0.83447265625 0.041015625 0.0576171875
0 0.2646484375 0.4931640625 0.060546875 0.048828125
0 0.078125 0.8994140625 0.0625 0.064453125
0 0.533203125 0.90966796875 0.072265625 0.1025390625
