0 0.2587890625 0.158203125 0.05078125 0.052734375
0 0.0556640625 0.69677734375 0.0703125 0.1005859375
0 0.14208984375 0.5771484375 0.0595703125 0.07421875
0 0.27294921875 0.1064453125 0.0556640625 0.0625
0 0.31982421875 0.548828125 0.0556640625 0.0625
0 0.3505859375 0.23291015625 0.078125 0.0498046875
0 0.02490234375 0.27197265625 0.0498046875 0.0791015625
0 0.9736328125 0.24951171875 0.048828125 0.0419921875
0 0.15576171875 0.74072265625 0.0576171875 0.0869140625
0 0.21484375 0.05859375 0.0703125 0.0625
0 0.1767578125 0.37158203125 0.0390625 0.0537109375
0 0.2421875 0.580078125 0.048828125 0.056640625
0 0.2646484375 0.65087890625 0.068359375 0.0595703125
0 0.21875 0.2451171875 0.064453125 0.046875
0 0.07861328125 0.35546875 0.0771484375 0.076171875
0 0.302734375 0.38623046875 0.107421875 0.0576171875
0 0.36962890625 0.44140625 0.0478515625 0.0390625
0 0.02783203125 0.3828125 0.0478515625 0.072265625
0 0.0361328125 0.4755859375 0.0546875 0.0625
0 0.2099609375 0.12548828125 0.080078125 0.0771484375
0 0.349609375 0.64990234375 0.0625 0.0654296875
