0 0.583984375 0.8818359375 0.123046875 0.068359375
0 0.48193359375 0.8193359375 0.0791015625 0.154296875
0 0.70263671875 0.62744140625 0.1142578125 0.1025390625
0 0.69384765625 0.9638671875 0.0498046875 0.072265625
0 0.74462890625 0.77685546875 0.1396484375 0.1103515625
0 0.4326171875 0.46630859375 0.1875 0.0576171875
0 0.08203125 0.55078125 0.056640625 0.072265625
0 0.11572265625 0.8310546875 0.0712890625 0.052734375
0 0.31201171875 0.48095703125 0.1083984375 0.1201171875
0 0.80126953125 0.224609375 0.1552734375 0.234375
0 0.02392578125 0.37548828125 0.0478515625 0.1083984375
0 0.748046875 0.462890625 0.17578125 0.1015625
0 0.93896484375 0.4658203125 0.0732421875 0.044921875
0 0.37353515625 0.0263671875 0.0693359375 0.052734375
0 0.76806640625 0.21533203125 0.0927734375 0.0791015625
0 0.86328125 0.76708984375 0.103515625 0.1337890625
0 0.30810546875 0.0537109375 0.1240234375 0.107421875
0 0.697265625 0.326171875 0.083984375 0.14453125
0 0.4130859375 0.4169921875 0.0625 0.060546875
0 0.03173828125 0.9619140625 0.0634765625 0.0703125
0 0.95654296875 0.04931640625 0.0869140625 0.0654296875
0 0.5732421875 0.751953125 0.123046875 0.138671875
0 0.4736328125 0.29150390625 0.1875 0.1064453125
0 0.83203125 0.31103515625 0.064453125 0.0654296875
0 0.1884765625 0.87060546875 0.068359375 0.0400390625
0 0.546875 0.591796875 0.072265625 0.041015625
0 0.88916015625 0.5361328125 0.0908203125 0.06640625
0 0.74072265625 0.82373046875 0.1220703125 0.2841796875
0 0.76708984375 0.103515625 0.0634765625 0.056640625
0 0.21875 0.35791015625 0.044921875 0.0498046875
0 0.861328125 0.63818359375 0.126953125 0.0693359375
0 0.22021484375 0.25341796875 0.0693359375 0.0576171875
0 0.62939453125 0.96240234375 0.1181640625 0.0634765625
0 0.9306640625 0.33642578125 0.087890625 0.0615234375
0 0.05615234375 0.7158203125 0.0673828125 0.080078125
0 0.8720703125 0.40625 0.162109375 0.05859375
0 0.88232421875 0.4892578125 0.0458984375 0.072265625
0 0.97705078125 0.9345703125 0.0439453125 0.060546875
0 0.482421875 0.89501953125 0.142578125 0.1162109375
0 0.2041015625 0.3955078125 0.083984375 0.05859375
0 0.6494140625 0.53271484375 0.138671875 0.1044921875
0 0.3212890625 0.12109375 0.1796875 0.0546875
0 0.8388671875 0.7197265625 0.046875 0.1015625
0 0.36767578125 0.810546875 0.1728515625 0.060546875
0 0.05322265625 0.14794921875 0.1064453125 0.1943359375
0 0.02392578125 0.6259765625 0.0478515625 0.091796875
0 0.4404296875 0.16357421875 0.134765625 0.1220703125
0 0.12060546875 0.95703125 0.1044921875 0.083984375
0 0.96923828125 0.02392578125 0.0615234375 0.0478515625
0 0.80712890625 0.37451171875 0.0947265625 0.0458984375
0 0.58056640625 0.10400390625 0.1416015625 0.0849609375
0 0.8017578125 0.0341796875 0.05859375 0.068359375
