0 0.25634765625 0.392578125 0.0595703125 0.099609375
0 0.57470703125 0.908203125 0.0712890625 0.046875
0 0.82470703125 0.77978515625 0.0771484375 0.0556640625
0 0.50732421875 0.2724609375 0.0947265625 0.11328125
0 0.1357421875 0.4150390625 0.08203125 0.091796875
0 0.2431640625 0.8642578125 0.033203125 0.029296875
0 0.48291015625 0.4560546875 0.0458984375 0.0625
0 0.29248046875 0.5283203125 0.0576171875 0.0546875
0 0.40234375 0.2919921875 0.07421875 0.115234375
0 0.04638671875 0.97216796875 0.0380859375 0.0380859375
0 0.43212890625 0.55029296875 0.0498046875 0.0595703125
0 0.138671875 0.03173828125 0.033203125 0.0400390625
0 0.4892578125 0.8544921875 0.056640625 0.048828125
0 0.873046875 0.26025390625 0.0703125 0.0576171875
0 0.0361328125 0.10546875 0.0625 0.08984375
0 0.037109375 0.27685546875 0.07421875 0.0947265625
0 0.73388671875 0.798828125 0.0966796875 0.044921875
0 0.24462890625 0.69921875 0.0634765625 0.05859375
0 0.01513671875 0.482421875 0.0302734375 0.05859375
0 0.9482421875 0.31884765625 0.048828125 0.0810546875
0 0.07421875 0.85009765625 0.09765625 0.0654296875
0 0.96044921875 0.43701171875 0.0693359375 0.0478515625
0 0.62109375 0.56640625 0.115234375 0.052734375
0 0.3857421875 0.44921875 0.04296875 0.06640625
0 0.47265625 0.69189453125 0.048828125 0.0556640625
0 0.6259765625 0.6494140625 0.10546875 0.0625
