0 0.48388671875 0.86962890625 0.0556640625 0.0576171875
0 0.10595703125 0.0927734375 0.0400390625 0.0546875
0 0.9091796875 0.86279296875 0.11328125 0.0634765625
0 0.6494140625 0.78955078125 0.0546875 0.0732421875
0 0.08984375 0.80224609375 0.0625 0.0517578125
0 0.93505859375 0.6064453125 0.0361328125 0.025390625
0 0.90576171875 0.76171875 0.0712890625 0.037109375
0 0.037109375 0.92529296875 0.07421875 0.0712890625
0 0.02001953125 0.04833984375 0.0380859375 0.0869140625
0 0.89599609375 0.23486328125 0.0966796875 0.0673828125
0 0.3388671875 0.6435546875 0.05078125 0.052734375
0 0.4970703125 0.6142578125 0.0859375 0.048828125
0 0.408203125 0.60986328125 0.056640625 0.0439453125
0 0.1171875 0.96826171875 0.05078125 0.0419921875
0 0.31884765625 0.849609375 0.0498046875 0.07421875
0 0.18505859375 0.31103515625 0.0595703125 0.0517578125
0 0.73046875 0.32177734375 0.072265625 0.0478515625
0 0.81640625 0.65478515625 0.076171875 0.0498046875
0 0.70703125 0.26025390625 0.09765625 0.0654296875
0 0.4970703125 0.7822265625 0.048828125 0.0390625
0 0.41943359375 0.18212890625 0.0556640625 0.0517578125
0 0.04736328125 0.2841796875 0.0361328125 0.046875
0 0.203125 0.8837890625 0.056640625 0.05078125
0 0.91552734375 0.48486328125 0.1044921875 0.1025390625
0 0.111328125 0.57373046875 0.05078125 0.0498046875
0 0.1416015625 0.21923828125 0.041015625 0.0517578125
0 0.82275390625 0.84130859375 0.0693359375 0.0576171875
0 0.85791015625 0.55322265625 0.0673828125 0.0439453125
0 0.83447265625 0.294921875 0.0595703125 0.03515625
0 0.5087890625 0.21630859375 0.072265625 0.0478515625
0 0.03076171875 0.193359375 0.0615234375 0.041015625
0 0.876953125 0.12646484375 0.103515625 0.0615234375
0 0.67919921875 0.3203125 0.0263671875 0.044921875
0 0.3798828125 0.38134765625 0.0625 0.0439453125
0 0.22265625 0.42529296875 0.0546875 0.0634765625
0 0.9765625 0.63037109375 0.04296875 0.0498046875
0 0.23046875 0.205078125 0.0390625 0.037109375
0 0.2373046875 0.6591796875 0.0546875 0.0234375
0 0.1474609375 0.81396484375 0.0625 0.0517578125
0 0.04248046875 0.8525390625 0.0498046875 0.05078125
0 0.390625 0.70849609375 0.046875 0.0341796875
0 0.59814453125 0.1953125 0.0888671875 0.083984375
0 0.8896484375 0.8056640625 0.07421875 0.041015625
0 0.53759765625 0.50634765625 0.0595703125 0.0400390625
0 0.38916015625 0.962890625 0.0478515625 0.052734375
0 0.46435546875 0.05810546875 0.0556640625 0.0380859375
0 0.80419921875 0.73193359375 0.0693359375 0.0537109375
0 0.90673828125 0.63720703125 0.0302734375 0.0205078125
0 0.18115234375 0.376953125 0.0478515625 0.056640625
0 0.31396484375 0.55126953125 0.0732421875 0.0517578125
0 0.6767578125 0.013671875 0.068359375 0.02734375
0 0.38232421875 0.3173828125 0.0595703125 0.04296875
0 0.875 0.38818359375 0.0625 0.0634765625
