0 0.78271484375 0.3984375 0.1142578125 0.19140625
0 0.41015625 0.7724609375 0.08203125 0.099609375
0 0.28857421875 0.07373046875 0.0537109375 0.0576171875
0 0.87109375 0.060546875 0.107421875 0.12109375
0 0.486328125 0.10107421875 0.10546875 0.1728515625
0 0.63330078125 0.66357421875 0.1455078125 0.1181640625
0 0.82421875 0.69921875 0.10546875 0.126953125
0 0.8173828125 0.5556640625 0.109375 0.080078125
0 0.9716796875 0.53271484375 0.056640625 0.0751953125
0 0.83544921875 0.14404296875 0.0634765625 0.1337890625
0 0.900390625 0.90966796875 0.033203125 0.0615234375
0 0.81884765625 0.86181640625 0.0419921875 0.1123046875
0 0.21728515625 0.32763671875 0.0517578125 0.0498046875
0 0.28076171875 0.95361328125 0.0830078125 0.0615234375
0 0.9248046875 0.2158203125 0.150390625 0.09765625
0 0.86865234375 0.89697265625 0.1103515625 0.1611328125
0 0.08349609375 0.04833984375 0.0693359375 0.0966796875
0 0.5732421875 0.4775390625 0.1171875 0.115234375
0 0.646484375 0.12548828125 0.09375 0.1103515625
0 0.77880859375 0.0712890625 0.1025390625 0.083984375
0 0.0302734375 0.810546875 0.060546875 0.123046875
0 0.5009765625 0.619140625 0.123046875 0.080078125
0 0.86669921875 0.50048828125 0.0673828125 0.0517578125
0 0.134765625 0.6494140625 0.1015625 0.09375
0 0.64111328125 0.39111328125 0.1396484375 0.1142578125
0 0.39599609375 0.66796875 0.1748046875 0.095703125
0 0.712890625 0.24462890625 0.130859375 0.1259765625
0 0.4443359375 0.26220703125 0.189453125 0.0595703125
0 0.45166015625 0.94287109375 0.0771484375 0.0966796875
0 0.22705078125 0.04833984375 0.0673828125 0.0458984375
0 0.58984375 0.8251953125 0.177734375 0.06640625
0 0.2373046875 0.40771484375 0.046875 0.0751953125
0 0.38916015625 0.5146484375 0.0595703125 0.0625
0 0.94580078125 0.69921875 0.0419921875 0.048828125
0 0.3583984375 0.4169921875 0.189453125 0.111328125
0 0.1669921875 0.15185546875 0.091796875 0.1318359375
0 0.08056640625 0.9775390625 0.1162109375 0.037109375
0 0.2841796875 0.7197265625 0.1171875 0.111328125
0 0.97412109375 0.3828125 0.0517578125 0.115234375
