0 0.8388671875 0.78564453125 0.064453125 0.0634765625
0 0.06787109375 0.90283203125 0.0380859375 0.0537109375
0 0.48046875 0.158203125 0.0546875 0.072265625
0 0.5966796875 0.8515625 0.078125 0.05078125
0 0.595703125 0.5634765625 0.02734375 0.048828125
0 0.95068359375 0.6298828125 0.0771484375 0.068359375
0 0.201171875 0.5341796875 0.080078125 0.064453125
0 0.3857421875 0.97412109375 0.080078125 0.0517578125
0 0.7724609375 0.64892578125 0.0625 0.0595703125
0 0.97607421875 0.40869140625 0.0478515625 0.0595703125
0 0.630859375 0.21484375 0.07421875 0.07421875
0 0.751953125 0.06884765625 0.11328125 0.0966796875
0 0.54150390625 0.44921875 0.0849609375 0.095703125
0 0.1494140625 0.21826171875 0.05078125 0.0458984375
0 0.560546875 0.29736328125 0.078125 0.0576171875
0 0.89501953125 0.75927734375 0.0615234375 0.0712890625
0 0.2783203125 0.07275390625 0.0703125 0.1396484375
0 0.35302734375 0.19970703125 0.0947265625 0.1181640625
0 0.6181640625 0.6767578125 0.056640625 0.0625
0 0.62744140625 0.505859375 0.0576171875 0.072265625
0 0.12353515625 0.7119140625 0.0654296875 0.0703125
0 0.0634765625 0.0302734375 0.0859375 0.060546875
0 0.38671875 0.32568359375 0.103515625 0.0751953125
0 0.95849609375 0.24169921875 0.0771484375 0.0927734375
0 0.55126953125 0.5244140625 0.0791015625 0.103515625
0 0.80859375 0.9169921875 0.07421875 0.068359375
0 0.904296875 0.53515625 0.064453125 0.076171875
0 0.53662109375 0.22265625 0.0732421875 0.07421875
0 0.2705078125 0.97216796875 0.080078125 0.0537109375
0 0.81396484375 0.265625 0.0732421875 0.109375
0 0.21533203125 0.6669921875 0.0908203125 0.09765625
0 0.66650390625 0.10595703125 0.0732421875 0.0615234375
0 0.96044921875 0.9248046875 0.0732421875 0.07421875
0 0.2236328125 0.89697265625 0.107421875 0.0712890625
0 0.73095703125 0.6064453125 0.0673828125 0.0703125
0 0.611328125 0.8798828125 0.08203125 0.072265625
0 0.43115234375 0.02587890625 0.0771484375 0.0498046875
0 0.22998046875 0.77685546875 0.0634765625 0.0517578125
0 0.6943359375 0.79296875 0.078125 0.0625
0 0.177734375 0.32861328125 0.04296875 0.0439453125
0 0.11376953125 0.15771484375 0.0556640625 0.0634765625
0 0.72265625 0.02685546875 0.06640625 0.0537109375
0 0.64794921875 0.404296875 0.0771484375 0.125
0 0.95458984375 0.7509765625 0.0361328125 0.0546875
