0 0.3056640625 0.8798828125 0.0703125 0.06640625
0 0.29248046875 0.93798828125 0.0830078125 0.0478515625
0 0.017578125 0.5751953125 0.03515625 0.0625
0 0.43017578125 0.35205078125 0.0986328125 0.0439453125
0 0.35791015625 0.970703125 0.0498046875 0.05859375
0 0.4560546875 0.92724609375 0.087890625 0.0751953125
0 0.18359375 0.1806640625 0.05859375 0.041015625
0 0.33837890625 0.7373046875 0.1474609375 0.0625
0 0.43212890625 0.8203125 0.0771484375 0.060546875
0 0.49072265625 0.8173828125 0.0400390625 0.0390625
0 0.37255859375 0.18359375 0.1044921875 0.046875
0 0.9306640625 0.30810546875 0.05078125 0.0810546875
0 0.45654296875 0.08154296875 0.0849609375 0.1005859375
0 0.9150390625 0.0439453125 0.109375 0.087890625
0 0.0654296875 0.5869140625 0.037109375 0.046875
0 0.57763671875 0.7470703125 0.0556640625 0.060546875
0 0.23828125 0.11083984375 0.0546875 0.0556640625
0 0.6650390625 0.8525390625 0.04296875 0.046875
0 0.65576171875 0.19091796875 0.0576171875 0.0634765625
0 0.12109375 0.93359375 0.07421875 0.05078125
0 0.83447265625 0.5244140625 0.0693359375 0.083984375
0 0.34423828125 0.03564453125 0.0966796875 0.0712890625
0 0.8427734375 0.98486328125 0.125 0.0302734375
0 0.1064453125 0.2705078125 0.03515625 0.16015625
0 0.80126953125 0.84130859375 0.1142578125 0.0751953125
0 0.62255859375 0.2392578125 0.0654296875 0.07421875
0 0.55126953125 0.87841796875 0.0732421875 0.1357421875
0 0.55810546875 0.12890625 0.0556640625 0.05859375
0 0.09521484375 0.79931640625 0.0966796875 0.0732421875
0 0.05712890625 0.51025390625 0.0869140625 0.0615234375
0 0.63671875 0.08447265625 0.048828125 0.0947265625
0 0.9140625 0.40478515625 0.06640625 0.0537109375
0 0.05322265625 0.34375 0.1064453125 0.052734375
0 0.87646484375 0.169921875 0.0478515625 0.056640625
0 0.76953125 0.1728515625 0.06640625 0.0546875
0 0.54443359375 0.408203125 0.0498046875 0.06640625
0 0.052734375 0.03759765625 0.083984375 0.0751953125
0 0.5244140625 0.5185546875 0.056640625 0.0546875
0 0.119140625 0.77294921875 0.12109375 0.0673828125
0 0.97802734375 0.0478515625 0.0439453125 0.095703125
0 0.64990234375 0.34716796875 0.0654296875 0.0556640625
0 0.802734375 0.3779296875 0.13671875 0.064453125
0 0.01806640625 0.15185546875 0.0361328125 0.0732421875
0 0.74658203125 0.03466796875 0.0576171875 0.0693359375
0 0.7333984375 0.21875 0.05078125 0.064453125
0 0.83447265625 0.1787109375 0.0615234375 0.0546875
