0 0.791015625 0.93212890625 0.123046875 0.0634765625
0 0.70263671875 0.48046875 0.1025390625 0.0625
0 0.91552734375 0.9248046875 0.0751953125 0.056640625
0 0.072265625 0.22314453125 0.083984375 0.0810546875
0 0.341796875 0.92431640625 0.06640625 0.0869140625
0 0.478515625 0.56201171875 0.0625 0.0693359375
0 0.4482421875 0.2255859375 0.041015625 0.080078125
0 0.38623046875 0.1845703125 0.0673828125 0.083984375
0 0.732421875 0.34423828125 0.08984375 0.0751953125
0 0.05517578125 0.35693359375 0.0595703125 0.0556640625
0 0.67822265625 0.3447265625 0.0830078125 0.125
0 0.013671875 0.3720703125 0.02734375 0.080078125
0 0.12060546875 0.35302734375 0.0537109375 0.0517578125
0 0.04345703125 0.298828125 0.0654296875 0.080078125
0 0.63037109375 0.12353515625 0.0888671875 0.1298828125
0 0.58154296875 0.27490234375 0.0537109375 0.0712890625
0 0.95458984375 0.10009765625 0.0908203125 0.0966796875
0 0.4873046875 0.19580078125 0.052734375 0.1103515625
0 0.69091796875 0.82177734375 0.1083984375 0.0693359375
0 0.1416015625 0.36376953125 0.060546875 0.0732421875
0 0.0458984375 0.21533203125 0.080078125 0.0693359375
0 0.1103515625 0.56201171875 0.06640625 0.0576171875
0 0.60009765625 0.125 0.0615234375 0.12109375
0 0.7900390625 0.875 0.16015625 0.0625
0 0.1728515625 0.966796875 0.07421875 0.06640625
0 0.58642578125 0.34130859375 0.0771484375 0.0595703125
0 0.86572265625 0.11962890625 0.1005859375 0.0830078125
0 0.6796875 0.65234375 0.072265625 0.052734375
0 0.43603515625 0.75537109375 0.0791015625 0.0537109375
0 0.591796875 0.9326171875 0.11328125 0.087890625
0 0.45263671875 0.07080078125 0.0615234375 0.0947265625
0 0.93701171875 0.8154296875 0.1025390625 0.048828125
