0 0.69873046875 0.017578125 0.0595703125 0.03515625
0 0.27783203125 0.537109375 0.0576171875 0.078125
0 0.29150390625 0.24072265625 0.0556640625 0.0595703125
0 0.29296875 0.38720703125 0.0859375 0.0517578125
0 0.25439453125 0.94189453125 0.0595703125 0.1162109375
0 0.63818359375 0.19873046875 0.0947265625 0.0751953125
0 0.3798828125 0.0390625 0.0859375 0.072265625
0 0.390625 0.63525390625 0.12109375 0.1259765625
0 0.189453125 0.47021484375 0.060546875 0.0673828125
0 0.48193359375 0.36474609375 0.0830078125 0.0810546875
0 0.076171875 0.5810546875 0.0625 0.087890625
0 0.09765625 0.13818359375 0.0546875 0.0830078125
0 0.05029296875 0.33642578125 0.1005859375 0.1201171875
0 0.0439453125 0.177734375 0.087890625 0.083984375
0 0.21923828125 0.669921875 0.0615234375 0.078125
0 0.375 0.408203125 0.0625 0.10546875
0 0.90283203125 0.71826171875 0.0771484375 0.0771484375
0 0.6953125 0.9619140625 0.08984375 0.060546875
0 0.78076171875 0.64892578125 0.0654296875 0.0771484375
0 0.95166015625 0.88720703125 0.0849609375 0.0947265625
0 0.55517578125 0.0302734375 0.1162109375 0.060546875
0 0.48779296875 0.501953125 0.0908203125 0.11328125
0 0.10107421875 0.82177734375 0.0751953125 0.1025390625
0 0.3203125 0.12158203125 0.07421875 0.0849609375
0 0.65283203125 0.3427734375 0.0458984375 0.080078125
0 0.978515625 0.05712890625 0.04296875 0.0654296875
0 0.53564453125 0.29541015625 0.0634765625 0.0537109375
0 0.71435546875 0.8095703125 0.0654296875 0.140625
0 0.5400390625 0.904296875 0.06640625 0.19140625
0 0.533203125 0.5771484375 0.04296875 0.0546875
0 0.3818359375 0.4892578125 0.080078125 0.07421875
0 0.40087890625 0.150390625 0.0810546875 0.078125
0 0.85546875 0.03515625 0.078125 0.0703125
0 0.09375 0.38720703125 0.080078125 0.0947265625
0 0.14013671875 0.13525390625 0.0751953125 0.0576171875
0 0.74267578125 0.25732421875 0.0986328125 0.0986328125
0 0.8759765625 0.62158203125 0.078125 0.1181640625
0 0.55517578125 0.103515625 0.0751953125 0.06640625
0 0.4091796875 0.82958984375 0.07421875 0.2041015625
0 0.5634765625 0.37744140625 0.078125 0.0693359375
0 0.61328125 0.72998046875 0.091796875 0.1064453125
0 0.89306640625 0.2705078125 0.0576171875 0.06640625
0 0.92919921875 0.326171875 0.0673828125 0.07421875
0 0.6884765625 0.90234375 0.07421875 0.056640625
0 0.79736328125 0.35009765625 0.0595703125 0.0751953125
0 0.63330078125 0.47119140625 0.0673828125 0.1689453125
0 0.95654296875 0.40478515625 0.0791015625 0.0517578125
0 0.853515625 0.46240234375 0.07421875 0.1181640625
0 0.16455078125 0.36279296875 0.1025390625 0.1201171875
0 0.8759765625 0.8984375 0.08203125 0.203125
0 0.20751953125 0.9765625 0.0849609375 0.044921875
0 0.8359375 0.201171875 0.064453125 0.083984375
0 0.43603515625 0.2529296875 0.1005859375 0.08203125
0 0.5419921875 0.6884765625 0.07421875 0.1015625
0 0.91455078125 0.5419921875 0.0693359375 0.06640625
0 0.1904296875 0.25830078125 0.080078125 0.0634765625
0 0.6103515625 0.0126953125 0.0625 0.025390625
0 0.310546875 0.4482421875 0.048828125 0.1015625
0 0.35986328125 0.826171875 0.0576171875 0.17578125
0 0.27001953125 0.8232421875 0.0751953125 0.08203125
0 0.7666015625 0.7626953125 0.115234375 0.140625
0 0.93798828125 0.79248046875 0.0732421875 0.1220703125
0 0.10595703125 0.51025390625 0.1240234375 0.1240234375
0 0.15625 0.73583984375 0.0546875 0.0947265625
0 0.1689453125 0.068359375 0.083984375 0.04296875
0 0.2158203125 0.72607421875 0.091796875 0.1083984375
