0 0.16455078125 0.19140625 0.1064453125 0.287109375
0 0.29150390625 0.24462890625 0.2626953125 0.1806640625
0 0.42578125 0.2109375 0.05859375 0.3359375
0 0.357421875 0.53515625 0.244140625 0.0703125
0 0.95654296875 0.13427734375 0.0830078125 0.0791015625
0 0.9794921875 0.0302734375 0.033203125 0.037109375
0 0.060546875 0.24462890625 0.11328125 0.1533203125
0 0.28759765625 0.32568359375 0.0908203125 0.0556640625
0 0.23193359375 0.1708984375 0.0556640625 0.341796875
0 0.0986328125 0.3525390625 0.126953125 0.154296875
0 0.111328125 0.39697265625 0.22265625 0.1923828125
0 0.2158203125 0.39111328125 0.078125 0.1884765625
0 0.18017578125 0.67529296875 0.1025390625 0.2392578125
0 0.314453125 0.7626953125 0.203125 0.138671875
0 0.14501953125 0.6689453125 0.2900390625 0.107421875
0 0.28076171875 0.60595703125 0.1845703125 0.0986328125
0 0.591796875 0.4404296875 0.1328125 0.275390625
0 0.791015625 0.09814453125 0.3671875 0.1298828125
0 0.8837890625 0.0185546875 0.0859375 0.037109375
0 0.640625 0.044921875 0.240234375 0.08984375
0 0.6015625 0.05517578125 0.060546875 0.1103515625
0 0.5830078125 0.00830078125 0.123046875 0.0166015625
0 0.630859375 0.2060546875 0.16796875 0.10546875
0 0.52294921875 0.23828125 0.0751953125 0.091796875
0 0.517578125 0.17822265625 0.13671875 0.1767578125
0 0.33984375 0.400390625 0.15625 0.306640625
0 0.6865234375 0.5517578125 0.115234375 0.166015625
0 0.8037109375 0.71533203125 0.14453125 0.2119140625
0 0.92236328125 0.64501953125 0.0634765625 0.0712890625
0 0.953125 0.7353515625 0.091796875 0.2109375
0 0.986328125 0.54541015625 0.025390625 0.0634765625
0 0.8486328125 0.919921875 0.109375 0.158203125
0 0.6875 0.81982421875 0.05078125 0.1064453125
0 0.72998046875 0.9033203125 0.0361328125 0.083984375
0 0.703125 0.93212890625 0.0625 0.1337890625
0 0.7734375 0.97705078125 0.02734375 0.0439453125
0 0.599609375 0.974609375 0.251953125 0.048828125
0 0.38916015625 0.90087890625 0.1337890625 0.1611328125
0 0.3427734375 0.90625 0.19921875 0.1875
0 0.30859375 0.96533203125 0.1484375 0.0673828125
0 0.19287109375 0.861328125 0.1572265625 0.2734375
0 0.0830078125 0.89501953125 0.056640625 0.2080078125
0 0.0302734375 0.79931640625 0.060546875 0.1611328125
0 0.20068359375 0.7841796875 0.0634765625 0.095703125
0 0.0263671875 0.9296875 0.05078125 0.138671875
0 0.2978515625 0.744140625 0.0390625 0.18359375
0 0.19580078125 0.8408203125 0.2626953125 0.216796875
0 0.50634765625 0.26806640625 0.0361328125 0.0439453125
