0 0.59130859375 0.154296875 0.0908203125 0.1796875
0 0.6787109375 0.5888671875 0.125 0.162109375
0 0.23876953125 0.4599609375 0.1591796875 0.2109375
0 0.2822265625 0.88720703125 0.080078125 0.0751953125
0 0.72607421875 0.328125 0.1123046875 0.1171875
0 0.10546875 0.37109375 0.107421875 0.1171875
0 0.07470703125 0.62255859375 0.0947265625 0.1005859375
0 0.0576171875 0.40673828125 0.072265625 0.0888671875
0 0.74755859375 0.46484375 0.0966796875 0.109375
0 0.74853515625 0.5615234375 0.0634765625 0.1015625
0 0.20263671875 0.28662109375 0.0751953125 0.0908203125
0 0.0234375 0.748046875 0.046875 0.111328125
0 0.11962890625 0.46240234375 0.0927734375 0.0966796875
0 0.65869140625 0.23779296875 0.0888671875 0.1123046875
0 0.76220703125 0.4189453125 0.0830078125 0.076171875
0 0.083984375 0.8779296875 0.087890625 0.072265625
0 0.05859375 0.1650390625 0.11328125 0.109375
0 0.23974609375 0.96484375 0.1044921875 0.0703125
0 0.14306640625 0.8212890625 0.0771484375 0.138671875
0 0.22119140625 0.5732421875 0.0673828125 0.0625
0 0.0498046875 0.07861328125 0.09375 0.1103515625
