0 0.79931640625 0.83251953125 0.0810546875 0.0654296875
0 0.7958984375 0.2734375 0.076171875 0.0859375
0 0.962890625 0.810546875 0.07421875 0.072265625
0 0.60302734375 0.40771484375 0.0283203125 0.0380859375
0 0.97509765625 0.05419921875 0.0498046875 0.0634765625
0 0.9033203125 0.955078125 0.06640625 0.052734375
0 0.5595703125 0.39501953125 0.03125 0.0419921875
0 0.80224609375 0.54248046875 0.0615234375 0.0556640625
0 0.77392578125 0.38427734375 0.0458984375 0.0712890625
0 0.92041015625 0.36865234375 0.0498046875 0.0615234375
0 0.8251953125 0.49560546875 0.080078125 0.0576171875
0 0.74267578125 0.1884765625 0.0654296875 0.095703125
0 0.68310546875 0.47314453125 0.0576171875 0.0712890625
0 0.69482421875 0.87060546875 0.0732421875 0.0654296875
0 0.83349609375 0.94384765625 0.0439453125 0.0439453125
0 0.94873046875 0.17822265625 0.0751953125 0.0634765625
0 0.517578125 0.53173828125 0.052734375 0.0615234375
0 0.5625 0.27099609375 0.076171875 0.1181640625
0 0.9052734375 0.22021484375 0.08203125 0.0634765625
0 0.7109375 0.037109375 0.06640625 0.07421875
0 0.82177734375 0.05810546875 0.0517578125 0.0830078125
0 0.818359375 0.3466796875 0.046875 0.05078125
0 0.82861328125 0.10107421875 0.0419921875 0.0693359375
