0 0.46826171875 0.9140625 0.0576171875 0.0859375
0 0.576171875 0.7744140625 0.056640625 0.0546875
0 0.61376953125 0.15380859375 0.0517578125 0.0615234375
0 0.93115234375 0.1376953125 0.0576171875 0.07421875
0 0.63232421875 0.24658203125 0.0673828125 0.0712890625
0 0.89599609375 0.4951171875 0.0595703125 0.095703125
0 0.9404296875 0.2373046875 0.060546875 0.078125
0 0.65380859375 0.97705078125 0.0537109375 0.0458984375
0 0.91455078125 0.6416015625 0.0634765625 0.095703125
0 0.97265625 0.81005859375 0.0546875 0.0830078125
0 0.49267578125 0.09326171875 0.0810546875 0.1826171875
0 0.8505859375 0.80078125 0.046875 0.037109375
