0 0.6806640625 0.07666015625 0.107421875 0.0751953125
0 0.7314453125 0.6181640625 0.083984375 0.05078125
0 0.76220703125 0.498046875 0.0888671875 0.04296875
0 0.45703125 0.119140625 0.064453125 0.048828125
0 0.787109375 0.28466796875 0.134765625 0.0400390625
0 0.90234375 0.978515625 0.103515625 0.04296875
0 0.712890625 0.9248046875 0.0859375 0.0703125
0 0.55908203125 0.892578125 0.0830078125 0.05078125
0 0.6572265625 0.04345703125 0.099609375 0.0478515625
0 0.896484375 0.50439453125 0.1796875 0.0654296875
0 0.82958984375 0.25341796875 0.1357421875 0.0478515625
0 0.8447265625 0.04443359375 0.14453125 0.0654296875
0 0.62158203125 0.36083984375 0.0888671875 0.0537109375
0 0.8271484375 0.162109375 0.14453125 0.07421875
0 0.8037109375 0.30615234375 0.154296875 0.0380859375
0 0.5146484375 0.6279296875 0.08203125 0.0625
0 0.529296875 0.2275390625 0.0625 0.033203125
0 0.7890625 0.0908203125 0.103515625 0.03515625
0 0.9228515625 0.75830078125 0.140625 0.0732421875
0 0.5908203125 0.0283203125 0.1171875 0.056640625
0 0.86669921875 0.69775390625 0.1201171875 0.0615234375
0 0.96826171875 0.57080078125 0.0634765625 0.0751953125
