0 0.30419921875 0.06396484375 0.0400390625 0.0322265625
0 0.0908203125 0.66748046875 0.048828125 0.0458984375
0 0.25 0.7265625 0.048828125 0.033203125
0 0.4404296875 0.82470703125 0.056640625 0.0673828125
0 0.2099609375 0.47021484375 0.0390625 0.0556640625
0 0.62060546875 0.8818359375 0.0517578125 0.05078125
0 0.8046875 0.1240234375 0.037109375 0.04296875
0 0.4892578125 0.55517578125 0.07421875 0.0478515625
0 0.017578125 0.638671875 0.03515625 0.033203125
0 0.76806640625 0.50537109375 0.1142578125 0.0673828125
0 0.9814453125 0.1220703125 0.037109375 0.0390625
0 0.2744140625 0.48828125 0.06640625 0.044921875
0 0.7255859375 0.6982421875 0.080078125 0.048828125
0 0.83642578125 0.93603515625 0.0751953125 0.0478515625
0 0.65625 0.82861328125 0.0546875 0.0498046875
0 0.92236328125 0.60107421875 0.0419921875 0.0263671875
0 0.76171875 0.0908203125 0.068359375 0.068359375
0 0.73681640625 0.41748046875 0.0498046875 0.0517578125
0 0.50146484375 0.69091796875 0.0634765625 0.0458984375
0 0.85302734375 0.75830078125 0.1005859375 0.0673828125
0 0.908203125 0.9169921875 0.056640625 0.056640625
0 0.38671875 0.7353515625 0.07421875 0.05859375
0 0.7822265625 0.98486328125 0.041015625 0.0302734375
0 0.0830078125 0.05419921875 0.111328125 0.0673828125
0 0.19091796875 0.564453125 0.0576171875 0.046875
0 0.5078125 0.267578125 0.056640625 0.05859375
0 0.2880859375 0.7705078125 0.0546875 0.052734375
0 0.02734375 0.35693359375 0.05078125 0.0576171875
0 0.82861328125 0.078125 0.0244140625 0.0390625
0 0.275390625 0.19384765625 0.072265625 0.0732421875
0 0.33740234375 0.533203125 0.0927734375 0.05859375
0 0.4951171875 0.0615234375 0.0625 0.08203125
0 0.36962890625 0.56103515625 0.0517578125 0.0419921875
0 0.47998046875 0.95263671875 0.0576171875 0.0517578125
0 0.5537109375 0.7587890625 0.056640625 0.076171875
0 0.54345703125 0.5390625 0.0400390625 0.02734375
0 0.20654296875 0.76416015625 0.0498046875 0.0576171875
0 0.1162109375 0.609375 0.056640625 0.046875
0 0.408203125 0.4453125 0.08984375 0.060546875
0 0.62255859375 0.37744140625 0.0615234375 0.0439453125
