0 0.064453125 0.10546875 0.060546875 0.0703125
0 0.2109375 0.9248046875 0.072265625 0.068359375
0 0.35302734375 0.708984375 0.0654296875 0.08203125
0 0.67578125 0.56103515625 0.052734375 0.0810546875
0 0.5263671875 0.986328125 0.044921875 0.02734375
0 0.4326171875 0.84619140625 0.041015625 0.0322265625
0 0.2861328125 0.72314453125 0.08203125 0.0576171875
0 0.50732421875 0.73486328125 0.0654296875 0.0908203125
0 0.0908203125 0.4072265625 0.111328125 0.05859375
0 0.60595703125 0.5537109375 0.0615234375 0.048828125
0 0.5439453125 0.90185546875 0.05078125 0.0888671875
0 0.96044921875 0.9462890625 0.0458984375 0.072265625
0 0.24609375 0.8544921875 0.068359375 0.0546875
0 0.3701171875 0.85986328125 0.060546875 0.0478515625
0 0.58642578125 0.14404296875 0.0341796875 0.0419921875
0 0.24072265625 0.7177734375 0.0673828125 0.083984375
0 0.1552734375 0.05224609375 0.076171875 0.1044921875
0 0.09814453125 0.8837890625 0.1259765625 0.142578125
0 0.7568359375 0.62109375 0.05859375 0.119140625
0 0.9287109375 0.86083984375 0.056640625 0.1064453125
0 0.0703125 0.306640625 0.140625 0.08203125
0 0.59033203125 0.7978515625 0.0615234375 0.05859375
0 0.61083984375 0.90625 0.0732421875 0.052734375
0 0.16064453125 0.45751953125 0.0654296875 0.0654296875
0 0.3173828125 0.35107421875 0.041015625 0.0380859375
0 0.431640625 0.8115234375 0.09765625 0.033203125
0 0.5205078125 0.27490234375 0.0546875 0.0576171875
0 0.546875 0.48388671875 0.0703125 0.0712890625
0 0.6591796875 0.47021484375 0.0546875 0.0908203125
0 0.33984375 0.03271484375 0.06640625 0.0498046875
0 0.47265625 0.94140625 0.072265625 0.052734375
0 0.4765625 0.51416015625 0.080078125 0.1318359375
0 0.84814453125 0.79296875 0.0771484375 0.06640625
0 0.07275390625 0.01953125 0.0595703125 0.0390625
0 0.54150390625 0.15673828125 0.0576171875 0.0966796875
0 0.345703125 0.4921875 0.06640625 0.076171875
