0 0.47705078125 0.41748046875 0.0556640625 0.0322265625
0 0.923828125 0.06298828125 0.068359375 0.0419921875
0 0.24853515625 0.9599609375 0.0791015625 0.0625
0 0.26611328125 0.77880859375 0.0498046875 0.0380859375
0 0.55859375 0.3779296875 0.037109375 0.037109375
0 0.0576171875 0.03271484375 0.0859375 0.0458984375
0 0.5234375 0.41552734375 0.080078125 0.0458984375
0 0.70947265625 0.7705078125 0.0419921875 0.025390625
0 0.09375 0.962890625 0.10546875 0.04296875
0 0.865234375 0.50537109375 0.05078125 0.0458984375
0 0.693359375 0.42919921875 0.068359375 0.0302734375
0 0.0283203125 0.34130859375 0.056640625 0.0439453125
0 0.9775390625 0.34130859375 0.041015625 0.0322265625
0 0.376953125 0.38818359375 0.064453125 0.0341796875
0 0.80126953125 0.8671875 0.0380859375 0.03515625
0 0.154296875 0.44482421875 0.078125 0.0283203125
0 0.5888671875 0.2578125 0.0703125 0.037109375
0 0.2587890625 0.8359375 0.068359375 0.03125
0 0.1064453125 0.34619140625 0.046875 0.0302734375
0 0.78076171875 0.267578125 0.0380859375 0.03515625
0 0.38818359375 0.18212890625 0.0419921875 0.0283203125
0 0.2099609375 0.1328125 0.029296875 0.03125
0 0.1796875 0.7666015625 0.072265625 0.041015625
0 0.4951171875 0.71826171875 0.048828125 0.0283203125
0 0.01611328125 0.25 0.0322265625 0.03125
0 0.41162109375 0.419921875 0.0400390625 0.03125
0 0.427734375 0.77685546875 0.046875 0.0283203125
0 0.3701171875 0.70068359375 0.03125 0.0322265625
0 0.373046875 0.77880859375 0.048828125 0.0341796875
0 0.54736328125 0.2421875 0.0537109375 0.05078125
0 0.416015625 0.458984375 0.05859375 0.03515625
0 0.0361328125 0.2822265625 0.072265625 0.029296875
0 0.14208984375 0.83056640625 0.0615234375 0.0361328125
0 0.4658203125 0.88916015625 0.041015625 0.0361328125
0 0.72607421875 0.78369140625 0.0361328125 0.0283203125
0 0.107421875 0.52001953125 0.048828125 0.0693359375
0 0.9765625 0.85546875 0.046875 0.03125
0 0.07470703125 0.7099609375 0.1435546875 0.0546875
0 0.86767578125 0.4404296875 0.0322265625 0.025390625
0 0.8330078125 0.82568359375 0.072265625 0.0400390625
0 0.427734375 0.23193359375 0.115234375 0.0517578125
0 0.29638671875 0.3740234375 0.0458984375 0.021484375
0 0.31005859375 0.197265625 0.0615234375 0.041015625
0 0.703125 0.21435546875 0.046875 0.0654296875
0 0.3349609375 0.15576171875 0.076171875 0.0263671875
