0 0.95947265625 0.18505859375 0.0791015625 0.0791015625
0 0.67822265625 0.83203125 0.1220703125 0.125
0 0.7060546875 0.09228515625 0.1328125 0.1103515625
0 0.65771484375 0.20166015625 0.0947265625 0.1181640625
0 0.29345703125 0.43310546875 0.0966796875 0.0849609375
0 0.345703125 0.61328125 0.15234375 0.1171875
0 0.96728515625 0.03857421875 0.0654296875 0.0732421875
0 0.31201171875 0.0693359375 0.1044921875 0.115234375
0 0.73583984375 0.27978515625 0.0869140625 0.0869140625
0 0.79833984375 0.07470703125 0.1181640625 0.1103515625
0 0.02734375 0.61962890625 0.0546875 0.1650390625
0 0.85205078125 0.90966796875 0.0693359375 0.0615234375
0 0.6953125 0.0380859375 0.078125 0.0703125
0 0.8701171875 0.3837890625 0.134765625 0.08984375
0 0.3271484375 0.521484375 0.1171875 0.142578125
0 0.328125 0.87353515625 0.087890625 0.0751953125
0 0.63330078125 0.65673828125 0.1083984375 0.0947265625
0 0.69677734375 0.544921875 0.0986328125 0.1328125
0 0.95458984375 0.7646484375 0.0908203125 0.134765625
