0 0.6162109375 0.1376953125 0.099609375 0.138671875
0 0.603515625 0.09765625 0.234375 0.1328125
0 0.8876953125 0.1708984375 0.099609375 0.091796875
0 0.5322265625 0.2294921875 0.142578125 0.083984375
0 0.375 0.3388671875 0.0859375 0.068359375
0 0.21875 0.3349609375 0.2109375 0.123046875
0 0.357421875 0.0576171875 0.1796875 0.115234375
0 0.04296875 0.2578125 0.0859375 0.08984375
0 0.1025390625 0.3349609375 0.103515625 0.138671875
0 0.03515625 0.341796875 0.0625 0.0625
0 0.470703125 0.6806640625 0.10546875 0.123046875
0 0.7998046875 0.6708984375 0.220703125 0.107421875
0 0.9765625 0.4609375 0.046875 0.11328125
0 0.9443359375 0.72265625 0.111328125 0.06640625
0 0.1513671875 0.775390625 0.138671875 0.07421875
0 0.423828125 0.916015625 0.125 0.078125
0 0.5107421875 0.986328125 0.083984375 0.02734375
0 0.8427734375 0.9033203125 0.162109375 0.056640625
0 0.9658203125 0.9384765625 0.068359375 0.115234375
0 0.8173828125 0.9658203125 0.271484375 0.068359375
0 0.51953125 0.0166015625 0.125 0.033203125
0 0.8642578125 0.0478515625 0.087890625 0.095703125
0 0.0361328125 0.193359375 0.072265625 0.08203125
0 0.2431640625 0.0478515625 0.146484375 0.095703125
0 0.1767578125 0.84765625 0.080078125 0.07421875
