0 0.439453125 0.4619140625 0.107421875 0.087890625
0 0.2978515625 0.2724609375 0.04296875 0.04296875
0 0.484375 0.72412109375 0.078125 0.0361328125
0 0.40185546875 0.8125 0.0810546875 0.05078125
0 0.3955078125 0.0322265625 0.107421875 0.060546875
0 0.67529296875 0.306640625 0.0498046875 0.060546875
0 0.751953125 0.576171875 0.064453125 0.04296875
0 0.0751953125 0.7197265625 0.056640625 0.048828125
0 0.69189453125 0.75439453125 0.1494140625 0.0751953125
0 0.08544921875 0.7919921875 0.0673828125 0.052734375
0 0.82421875 0.947265625 0.07421875 0.044921875
0 0.80126953125 0.0322265625 0.0576171875 0.060546875
0 0.2998046875 0.1123046875 0.0390625 0.087890625
0 0.15185546875 0.4365234375 0.0458984375 0.056640625
0 0.33056640625 0.70068359375 0.0830078125 0.0361328125
0 0.7470703125 0.59619140625 0.08203125 0.0498046875
0 0.84521484375 0.74755859375 0.0693359375 0.0615234375
