0 0.24462890625 0.98046875 0.0732421875 0.0390625
0 0.09423828125 0.03076171875 0.0771484375 0.0615234375
0 0.88623046875 0.73388671875 0.0947265625 0.0634765625
0 0.93701171875 0.41796875 0.1103515625 0.0625
0 0.70654296875 0.685546875 0.0966796875 0.095703125
0 0.37451171875 0.1845703125 0.0830078125 0.041015625
0 0.2490234375 0.63623046875 0.078125 0.0517578125
0 0.02734375 0.62841796875 0.0546875 0.0458984375
0 0.140625 0.1357421875 0.0859375 0.05078125
0 0.1943359375 0.41796875 0.076171875 0.056640625
0 0.970703125 0.97119140625 0.05859375 0.0576171875
0 0.037109375 0.9541015625 0.064453125 0.06640625
0 0.65771484375 0.36181640625 0.0595703125 0.0556640625
0 0.828125 0.4111328125 0.083984375 0.052734375
0 0.4755859375 0.794921875 0.072265625 0.060546875
0 0.78662109375 0.9560546875 0.0830078125 0.087890625
0 0.8935546875 0.1005859375 0.109375 0.046875
0 0.203125 0.23681640625 0.05859375 0.0927734375
0 0.310546875 0.2998046875 0.07421875 0.05859375
0 0.419921875 0.28955078125 0.060546875 0.0517578125
0 0.6318359375 0.73779296875 0.10546875 0.0869140625
0 0.89404296875 0.61181640625 0.1357421875 0.0517578125
0 0.4072265625 0.13525390625 0.1328125 0.0673828125
0 0.529296875 0.2705078125 0.123046875 0.0546875
0 0.228515625 0.15625 0.076171875 0.05859375
0 0.26220703125 0.9541015625 0.0556640625 0.0390625
0 0.66259765625 0.70068359375 0.0654296875 0.0830078125
0 0.3916015625 0.54296875 0.0703125 0.068359375
0 0.64306640625 0.6416015625 0.0908203125 0.0546875
0 0.857421875 0.48779296875 0.09765625 0.0615234375
0 0.57958984375 0.50341796875 0.0673828125 0.0556640625
0 0.76611328125 0.16455078125 0.0849609375 0.0595703125
0 0.65478515625 0.42236328125 0.0810546875 0.0458984375
0 0.42431640625 0.8671875 0.0947265625 0.078125
0 0.0615234375 0.30224609375 0.068359375 0.0771484375
0 0.8271484375 0.01904296875 0.08984375 0.0361328125
0 0.27001953125 0.33935546875 0.0693359375 0.0458984375
0 0.0224609375 0.5771484375 0.044921875 0.0625
0 0.951171875 0.28076171875 0.09765625 0.0517578125
0 0.029296875 0.5390625 0.056640625 0.04296875
0 0.8896484375 0.0634765625 0.095703125 0.037109375
0 0.45263671875 0.86376953125 0.0888671875 0.0830078125
0 0.74609375 0.31787109375 0.0859375 0.0615234375
0 0.3759765625 0.67236328125 0.06640625 0.0771484375
0 0.2197265625 0.3623046875 0.0859375 0.1015625
0 0.95458984375 0.162109375 0.0849609375 0.060546875
0 0.74853515625 0.22216796875 0.0947265625 0.0634765625
0 0.17138671875 0.8720703125 0.0537109375 0.080078125
0 0.28076171875 0.7548828125 0.0732421875 0.080078125
0 0.20654296875 0.66064453125 0.0673828125 0.0673828125
0 0.7685546875 0.77197265625 0.087890625 0.0771484375
0 0.77587890625 0.4970703125 0.0947265625 0.0703125
0 0.77587890625 0.24658203125 0.1455078125 0.0498046875
0 0.306640625 0.90478515625 0.076171875 0.0986328125
0 0.85791015625 0.65673828125 0.0966796875 0.0673828125
0 0.58154296875 0.98095703125 0.0654296875 0.0380859375
0 0.96923828125 0.82763671875 0.0615234375 0.0615234375
