0 0.02978515625 0.22021484375 0.0595703125 0.0458984375
0 0.49951171875 0.06494140625 0.0576171875 0.0576171875
0 0.9833984375 0.25732421875 0.03125 0.0517578125
0 0.36767578125 0.2958984375 0.0478515625 0.048828125
0 0.41943359375 0.52294921875 0.0830078125 0.0654296875
0 0.95849609375 0.87646484375 0.0634765625 0.0517578125
0 0.4921875 0.65478515625 0.060546875 0.0654296875
0 0.08544921875 0.12939453125 0.0458984375 0.0322265625
0 0.8251953125 0.21875 0.111328125 0.048828125
0 0.51318359375 0.40087890625 0.0869140625 0.0732421875
0 0.78369140625 0.4248046875 0.1103515625 0.072265625
0 0.72314453125 0.9169921875 0.0361328125 0.046875
0 0.4736328125 0.890625 0.060546875 0.064453125
0 0.65966796875 0.2333984375 0.1103515625 0.087890625
0 0.97998046875 0.14990234375 0.0380859375 0.0576171875
0 0.03955078125 0.34814453125 0.0634765625 0.0419921875
0 0.1279296875 0.462890625 0.1328125 0.07421875
0 0.6181640625 0.65283203125 0.05078125 0.0517578125
0 0.7529296875 0.578125 0.09765625 0.08203125
0 0.35546875 0.41162109375 0.048828125 0.0556640625
0 0.587890625 0.396484375 0.060546875 0.046875
0 0.69677734375 0.85888671875 0.0849609375 0.0693359375
0 0.65087890625 0.07470703125 0.0732421875 0.0595703125
0 0.04052734375 0.828125 0.0478515625 0.060546875
0 0.81103515625 0.1884765625 0.1572265625 0.087890625
0 0.35595703125 0.8359375 0.0888671875 0.068359375
0 0.818359375 0.525390625 0.140625 0.0703125
