0 0.82275390625 0.75048828125 0.0595703125 0.0986328125
0 0.57666015625 0.39990234375 0.0595703125 0.0498046875
0 0.7919921875 0.95458984375 0.0546875 0.0556640625
0 0.6416015625 0.53125 0.060546875 0.07421875
0 0.814453125 0.6630859375 0.07421875 0.08203125
0 0.599609375 0.0966796875 0.0625 0.087890625
0 0.71484375 0.32666015625 0.044921875 0.0478515625
0 0.87646484375 0.109375 0.0595703125 0.09765625
0 0.890625 0.2060546875 0.0703125 0.041015625
0 0.86572265625 0.32275390625 0.0537109375 0.1044921875
0 0.61669921875 0.5908203125 0.0791015625 0.0546875
0 0.75146484375 0.4140625 0.0595703125 0.068359375
0 0.85986328125 0.416015625 0.0615234375 0.060546875
0 0.859375 0.900390625 0.09375 0.046875
