0 0.02099609375 0.466796875 0.0419921875 0.052734375
0 0.935546875 0.8583984375 0.078125 0.076171875
0 0.17431640625 0.64013671875 0.0732421875 0.0537109375
0 0.03662109375 0.810546875 0.0732421875 0.0703125
0 0.140625 0.81298828125 0.0625 0.0966796875
0 0.92724609375 0.3662109375 0.1064453125 0.0546875
0 0.03125 0.2578125 0.0625 0.068359375
0 0.9462890625 0.26953125 0.103515625 0.05859375
0 0.90673828125 0.58203125 0.0576171875 0.060546875
0 0.02734375 0.54345703125 0.0546875 0.0791015625
0 0.1240234375 0.701171875 0.08203125 0.09765625
0 0.841796875 0.10205078125 0.1328125 0.0498046875
0 0.68896484375 0.392578125 0.1552734375 0.060546875
0 0.18994140625 0.70556640625 0.1064453125 0.0830078125
0 0.1279296875 0.75830078125 0.09765625 0.0830078125
0 0.27587890625 0.861328125 0.1298828125 0.09765625
0 0.88232421875 0.1953125 0.0888671875 0.05859375
0 0.86279296875 0.52001953125 0.1240234375 0.0537109375
0 0.79150390625 0.6826171875 0.0869140625 0.0546875
