0 0.78515625 0.90869140625 0.044921875 0.0537109375
0 0.572265625 0.33349609375 0.0703125 0.0888671875
0 0.64697265625 0.67919921875 0.0439453125 0.0693359375
0 0.70263671875 0.4833984375 0.0751953125 0.06640625
0 0.96923828125 0.8515625 0.0615234375 0.076171875
0 0.916015625 0.7080078125 0.052734375 0.052734375
0 0.60693359375 0.46337890625 0.0771484375 0.0751953125
0 0.681640625 0.57373046875 0.060546875 0.0986328125
0 0.3212890625 0.53076171875 0.052734375 0.0380859375
0 0.79931640625 0.82080078125 0.0791015625 0.0830078125
0 0.59716796875 0.64111328125 0.0556640625 0.0576171875
0 0.880859375 0.52197265625 0.04296875 0.0830078125
0 0.8525390625 0.96435546875 0.11328125 0.0556640625
0 0.85693359375 0.703125 0.0751953125 0.052734375
0 0.666015625 0.7998046875 0.076171875 0.076171875
