0 0.1640625 0.673828125 0.05859375 0.0703125
0 0.63623046875 0.728515625 0.0400390625 0.08203125
0 0.53955078125 0.11669921875 0.0498046875 0.1044921875
0 0.6875 0.119140625 0.037109375 0.0703125
0 0.6435546875 0.57958984375 0.05859375 0.0693359375
0 0.34423828125 0.9755859375 0.0771484375 0.048828125
0 0.01953125 0.1630859375 0.0390625 0.041015625
0 0.34814453125 0.82666015625 0.0517578125 0.0439453125
0 0.482421875 0.201171875 0.0390625 0.06640625
0 0.20166015625 0.48291015625 0.0693359375 0.0595703125
0 0.8828125 0.62841796875 0.0625 0.0595703125
0 0.16162109375 0.2548828125 0.0458984375 0.046875
0 0.61279296875 0.14013671875 0.0517578125 0.0673828125
0 0.03076171875 0.48193359375 0.0576171875 0.0556640625
0 0.5302734375 0.75390625 0.052734375 0.048828125
0 0.595703125 0.318359375 0.046875 0.041015625
0 0.66015625 0.50390625 0.052734375 0.046875
0 0.27392578125 0.796875 0.0419921875 0.046875
0 0.44580078125 0.7333984375 0.0517578125 0.03125
0 0.45703125 0.52099609375 0.064453125 0.0791015625
0 0.75439453125 0.66455078125 0.0654296875 0.0498046875
0 0.505859375 0.23193359375 0.037109375 0.0439453125
0 0.224609375 0.880859375 0.041015625 0.0546875
0 0.12939453125 0.30078125 0.0439453125 0.048828125
0 0.587890625 0.048828125 0.05859375 0.060546875
0 0.0947265625 0.68310546875 0.064453125 0.0673828125
0 0.3154296875 0.91845703125 0.056640625 0.0595703125
0 0.97607421875 0.4228515625 0.0478515625 0.0625
