0 0.810546875 0.44921875 0.09375 0.07421875
0 0.90673828125 0.97119140625 0.0595703125 0.0576171875
0 0.083984375 0.9423828125 0.0546875 0.076171875
0 0.1591796875 0.8310546875 0.076171875 0.060546875
0 0.18310546875 0.54931640625 0.0712890625 0.0888671875
0 0.38720703125 0.66259765625 0.0576171875 0.0791015625
0 0.2568359375 0.44970703125 0.0546875 0.0595703125
0 0.103515625 0.34521484375 0.115234375 0.1240234375
0 0.88134765625 0.609375 0.1044921875 0.0859375
0 0.29541015625 0.57421875 0.0439453125 0.037109375
0 0.4326171875 0.29296875 0.060546875 0.12890625
0 0.46435546875 0.90234375 0.0576171875 0.060546875
0 0.2841796875 0.50390625 0.064453125 0.0625
0 0.56201171875 0.92578125 0.0634765625 0.056640625
0 0.1806640625 0.17529296875 0.0546875 0.0771484375
0 0.39111328125 0.52490234375 0.0595703125 0.0556640625
0 0.13916015625 0.1669921875 0.0498046875 0.1171875
0 0.81689453125 0.578125 0.0634765625 0.109375
0 0.90966796875 0.0400390625 0.0849609375 0.072265625
0 0.4736328125 0.38916015625 0.072265625 0.0830078125
0 0.87158203125 0.94970703125 0.0791015625 0.0517578125
0 0.501953125 0.9638671875 0.048828125 0.0625
0 0.65185546875 0.1923828125 0.0947265625 0.095703125
0 0.275390625 0.53515625 0.078125 0.0625
0 0.181640625 0.0966796875 0.0546875 0.046875
0 0.95654296875 0.568359375 0.0478515625 0.0546875
0 0.4013671875 0.72265625 0.12109375 0.169921875
0 0.9521484375 0.04638671875 0.095703125 0.0771484375
0 0.54833984375 0.05712890625 0.0634765625 0.0673828125
0 0.73974609375 0.38037109375 0.0478515625 0.1533203125
0 0.64697265625 0.8505859375 0.0810546875 0.1171875
0 0.39990234375 0.4677734375 0.0615234375 0.06640625
0 0.61962890625 0.8037109375 0.0595703125 0.072265625
0 0.44677734375 0.572265625 0.0517578125 0.05859375
0 0.5634765625 0.86279296875 0.087890625 0.0595703125
