0 0.0087890625 0.8955078125 0.017578125 0.03125
0 0.0068359375 0.8740234375 0.013671875 0.0234375
0 0.845703125 0.8232421875 0.041015625 0.03125
0 0.13720703125 0.03466796875 0.0537109375 0.0595703125
0 0.0205078125 0.15771484375 0.041015625 0.0322265625
0 0.07421875 0.07666015625 0.041015625 0.0380859375
0 0.0185546875 0.2958984375 0.037109375 0.044921875
0 0.0615234375 0.3359375 0.03515625 0.029296875
0 0.060546875 0.40478515625 0.044921875 0.0478515625
0 0.0634765625 0.89794921875 0.04296875 0.0673828125
0 0.0517578125 0.853515625 0.06640625 0.03125
0 0.0673828125 0.953125 0.048828125 0.04296875
0 0.04345703125 0.974609375 0.0595703125 0.048828125
0 0.318359375 0.02734375 0.056640625 0.0546875
0 0.47119140625 0.048828125 0.0712890625 0.09765625
0 0.427734375 0.15869140625 0.052734375 0.0869140625
0 0.3955078125 0.18798828125 0.05078125 0.0615234375
0 0.51904296875 0.24658203125 0.0302734375 0.0283203125
0 0.4755859375 0.388671875 0.041015625 0.044921875
0 0.38720703125 0.45751953125 0.0537109375 0.0517578125
0 0.35595703125 0.48583984375 0.0439453125 0.0751953125
0 0.294921875 0.5849609375 0.078125 0.041015625
0 0.3349609375 0.63623046875 0.064453125 0.0537109375
0 0.2763671875 0.64990234375 0.06640625 0.0732421875
0 0.265625 0.71435546875 0.06640625 0.0712890625
0 0.39208984375 0.75048828125 0.0419921875 0.0517578125
0 0.357421875 0.76416015625 0.03125 0.0498046875
0 0.34912109375 0.8603515625 0.0693359375 0.05859375
0 0.39404296875 0.80126953125 0.0478515625 0.0478515625
0 0.35888671875 0.8154296875 0.0380859375 0.033203125
0 0.30224609375 0.923828125 0.0634765625 0.046875
0 0.3837890625 0.94140625 0.05078125 0.056640625
0 0.43505859375 0.93994140625 0.0517578125 0.0498046875
0 0.33203125 0.98193359375 0.05859375 0.0361328125
0 0.53955078125 0.48193359375 0.0595703125 0.0654296875
0 0.67041015625 0.83544921875 0.0927734375 0.0673828125
0 0.8681640625 0.92236328125 0.05859375 0.0595703125
0 0.873046875 0.876953125 0.0546875 0.05078125
0 0.88623046875 0.82275390625 0.0517578125 0.0693359375
0 0.83447265625 0.6416015625 0.0439453125 0.12109375
0 0.87939453125 0.689453125 0.0615234375 0.0625
0 0.79833984375 0.59033203125 0.0517578125 0.0849609375
0 0.85986328125 0.57861328125 0.0517578125 0.0556640625
0 0.9482421875 0.54248046875 0.103515625 0.0830078125
0 0.9775390625 0.630859375 0.044921875 0.044921875
0 0.919921875 0.3837890625 0.0625 0.0625
0 0.798828125 0.37744140625 0.05859375 0.0947265625
0 0.75244140625 0.37841796875 0.0400390625 0.0576171875
0 0.79150390625 0.26025390625 0.0634765625 0.0654296875
0 0.84912109375 0.0615234375 0.0439453125 0.078125
0 0.79833984375 0.03369140625 0.0771484375 0.0673828125
0 0.95263671875 0.01953125 0.0537109375 0.0390625
0 0.89208984375 0.0107421875 0.0732421875 0.021484375
0 0.84228515625 0.78466796875 0.0537109375 0.0537109375
0 0.5 0.2900390625 0.01953125 0.021484375
0 0.80908203125 0.84619140625 0.0478515625 0.0556640625
0 0.81884765625 0.8056640625 0.0341796875 0.025390625
0 0.3330078125 0.60107421875 0.048828125 0.0361328125
0 0.9091796875 0.4111328125 0.048828125 0.03125
0 0.05712890625 0.3642578125 0.0380859375 0.03125
0 0.484375 0.13916015625 0.05859375 0.0673828125
0 0.44970703125 0.01123046875 0.0302734375 0.0224609375
0 0.31494140625 0.3330078125 0.0751953125 0.05859375
0 0.3232421875 0.36962890625 0.056640625 0.0576171875
0 0.75146484375 0.01318359375 0.0341796875 0.0263671875
0 0.83544921875 0.0087890625 0.0302734375 0.017578125
0 0.90283203125 0.59912109375 0.0615234375 0.0576171875
0 0.390625 0.98046875 0.056640625 0.0390625
0 0.79541015625 0.333984375 0.0478515625 0.048828125
0 0.3466796875 0.4560546875 0.02734375 0.029296875
0 0.8935546875 0.5419921875 0.025390625 0.044921875
