0 0.88427734375 0.01806640625 0.0751953125 0.0361328125
0 0.94287109375 0.00732421875 0.0322265625 0.0126953125
0 0.8642578125 0.1064453125 0.076171875 0.076171875
0 0.71142578125 0.01513671875 0.0517578125 0.0302734375
0 0.74462890625 0.0634765625 0.0341796875 0.0390625
0 0.68115234375 0.125 0.0478515625 0.064453125
0 0.654296875 0.10546875 0.03125 0.046875
0 0.7138671875 0.09423828125 0.044921875 0.0458984375
0 0.70556640625 0.05126953125 0.0322265625 0.0380859375
0 0.73974609375 0.10302734375 0.0283203125 0.0341796875
0 0.01025390625 0.1044921875 0.0205078125 0.072265625
0 0.0322265625 0.0107421875 0.03515625 0.021484375
0 0.0771484375 0.0244140625 0.037109375 0.048828125
0 0.18798828125 0.01025390625 0.0361328125 0.0205078125
0 0.263671875 0.048828125 0.044921875 0.0390625
0 0.234375 0.16748046875 0.04296875 0.0341796875
0 0.27001953125 0.15576171875 0.0439453125 0.0517578125
0 0.302734375 0.201171875 0.076171875 0.0546875
0 0.3154296875 0.14501953125 0.046875 0.0498046875
0 0.30322265625 0.10546875 0.0400390625 0.033203125
0 0.26904296875 0.095703125 0.0498046875 0.064453125
0 0.14453125 0.078125 0.025390625 0.02734375
0 0.099609375 0.21923828125 0.09375 0.0732421875
0 0.0263671875 0.1650390625 0.03125 0.03515625
0 0.2509765625 0.275390625 0.037109375 0.044921875
0 0.0185546875 0.267578125 0.037109375 0.060546875
0 0.2802734375 0.39501953125 0.064453125 0.0751953125
0 0.255859375 0.33935546875 0.064453125 0.0537109375
0 0.62841796875 0.23681640625 0.0439453125 0.0615234375
0 0.76123046875 0.24072265625 0.0361328125 0.0322265625
0 0.64990234375 0.33642578125 0.0341796875 0.0517578125
0 0.6962890625 0.4345703125 0.033203125 0.029296875
0 0.724609375 0.44287109375 0.037109375 0.0380859375
0 0.724609375 0.33935546875 0.044921875 0.0322265625
0 0.68408203125 0.3857421875 0.0673828125 0.072265625
0 0.74169921875 0.37109375 0.0419921875 0.029296875
0 0.81103515625 0.3408203125 0.1240234375 0.140625
0 0.87841796875 0.337890625 0.0537109375 0.0546875
0 0.77978515625 0.48046875 0.0419921875 0.044921875
0 0.78466796875 0.55908203125 0.0673828125 0.0595703125
0 0.58203125 0.46484375 0.044921875 0.0703125
0 0.607421875 0.53173828125 0.05078125 0.0302734375
0 0.64501953125 0.57080078125 0.0537109375 0.0595703125
0 0.66748046875 0.61181640625 0.0341796875 0.0322265625
0 0.42041015625 0.53369140625 0.0400390625 0.0224609375
0 0.41552734375 0.5634765625 0.0517578125 0.04296875
0 0.32275390625 0.5537109375 0.0458984375 0.04296875
0 0.30712890625 0.52880859375 0.1708984375 0.0673828125
0 0.19482421875 0.5224609375 0.0927734375 0.09765625
0 0.15869140625 0.58447265625 0.0712890625 0.0576171875
0 0.9814453125 0.42626953125 0.037109375 0.1123046875
0 0.9912109375 0.51904296875 0.017578125 0.0576171875
0 0.013671875 0.4140625 0.02734375 0.06640625
0 0.0078125 0.46337890625 0.015625 0.0341796875
0 0.02978515625 0.5380859375 0.0322265625 0.0390625
0 0.0703125 0.5205078125 0.029296875 0.02734375
0 0.01171875 0.55615234375 0.0234375 0.0478515625
0 0.01611328125 0.611328125 0.0302734375 0.056640625
0 0.076171875 0.62841796875 0.078125 0.0439453125
0 0.02685546875 0.671875 0.0244140625 0.02734375
0 0.0107421875 0.693359375 0.021484375 0.01171875
0 0.01171875 0.71240234375 0.021484375 0.0263671875
0 0.208984375 0.65380859375 0.044921875 0.0361328125
0 0.10205078125 0.6787109375 0.0244140625 0.021484375
0 0.2734375 0.69091796875 0.044921875 0.0478515625
0 0.30859375 0.6552734375 0.033203125 0.02734375
0 0.31689453125 0.68408203125 0.0380859375 0.0302734375
0 0.3740234375 0.59814453125 0.03125 0.0302734375
0 0.43359375 0.6455078125 0.05078125 0.03515625
0 0.48681640625 0.630859375 0.0634765625 0.03515625
0 0.23388671875 0.79150390625 0.0654296875 0.0615234375
0 0.119140625 0.8076171875 0.044921875 0.02734375
0 0.10986328125 0.8427734375 0.0478515625 0.046875
0 0.01318359375 0.82666015625 0.0263671875 0.0244140625
0 0.0244140625 0.8515625 0.03125 0.0234375
0 0.07568359375 0.85302734375 0.0224609375 0.0361328125
0 0.04296875 0.8984375 0.021484375 0.0234375
0 0.0146484375 0.88427734375 0.02734375 0.0263671875
0 0.009765625 0.935546875 0.01953125 0.03515625
0 0.310546875 0.87353515625 0.046875 0.0380859375
0 0.306640625 0.97705078125 0.0390625 0.0400390625
0 0.0947265625 0.98046875 0.041015625 0.0390625
0 0.0302734375 0.9609375 0.01953125 0.021484375
0 0.42529296875 0.99267578125 0.0322265625 0.0146484375
0 0.66796875 0.98291015625 0.017578125 0.0146484375
0 0.6904296875 0.9443359375 0.03515625 0.03125
0 0.71923828125 0.93603515625 0.0244140625 0.0126953125
0 0.7255859375 0.91796875 0.033203125 0.021484375
0 0.66064453125 0.75341796875 0.0341796875 0.0244140625
0 0.7021484375 0.73583984375 0.0390625 0.0439453125
0 0.7197265625 0.75341796875 0.04296875 0.0380859375
0 0.75341796875 0.77099609375 0.0478515625 0.0576171875
0 0.685546875 0.79052734375 0.052734375 0.0517578125
0 0.80810546875 0.74951171875 0.0537109375 0.0361328125
0 0.78076171875 0.80126953125 0.0498046875 0.0341796875
0 0.7666015625 0.72314453125 0.0625 0.0380859375
0 0.9853515625 0.25927734375 0.029296875 0.0380859375
0 0.83935546875 0.21337890625 0.0380859375 0.1025390625
0 0.162109375 0.0078125 0.03125 0.015625
0 0.046875 0.98388671875 0.029296875 0.0263671875
0 0.033203125 0.34619140625 0.03125 0.0341796875
0 0.02783203125 0.4716796875 0.0283203125 0.029296875
0 0.6123046875 0.9912109375 0.01953125 0.017578125
0 0.6875 0.31005859375 0.015625 0.0205078125
0 0.650390625 0.80029296875 0.021484375 0.0244140625
