0 0.5810546875 0.2412109375 0.080078125 0.244140625
0 0.92822265625 0.1875 0.1357421875 0.064453125
0 0.9072265625 0.4150390625 0.087890625 0.150390625
0 0.35498046875 0.677734375 0.0634765625 0.162109375
0 0.4267578125 0.54638671875 0.05859375 0.1142578125
0 0.54248046875 0.8681640625 0.0791015625 0.109375
0 0.20166015625 0.04443359375 0.1044921875 0.0888671875
0 0.3837890625 0.564453125 0.052734375 0.064453125
0 0.92333984375 0.90966796875 0.1181640625 0.0791015625
0 0.96484375 0.11572265625 0.05078125 0.0361328125
0 0.880859375 0.26318359375 0.08203125 0.0400390625
0 0.92431640625 0.56103515625 0.0810546875 0.1240234375
0 0.92333984375 0.05322265625 0.0869140625 0.0966796875
0 0.85546875 0.12109375 0.130859375 0.044921875
0 0.751953125 0.95849609375 0.08203125 0.0791015625
0 0.26025390625 0.91748046875 0.0556640625 0.0908203125
0 0.3349609375 0.5546875 0.068359375 0.150390625
0 0.6923828125 0.5380859375 0.12109375 0.11328125
0 0.03564453125 0.58349609375 0.0712890625 0.0849609375
0 0.70654296875 0.37890625 0.1396484375 0.142578125
0 0.162109375 0.0654296875 0.150390625 0.12890625
0 0.35498046875 0.82470703125 0.0576171875 0.0478515625
0 0.42236328125 0.287109375 0.0927734375 0.150390625
0 0.6494140625 0.1298828125 0.080078125 0.060546875
0 0.759765625 0.7607421875 0.181640625 0.130859375
0 0.224609375 0.3720703125 0.162109375 0.107421875
0 0.18994140625 0.70654296875 0.0869140625 0.0751953125
0 0.0703125 0.13671875 0.041015625 0.142578125
0 0.30859375 0.32861328125 0.078125 0.0908203125
0 0.50634765625 0.49560546875 0.1279296875 0.1962890625
0 0.91357421875 0.16552734375 0.0498046875 0.1103515625
0 0.07080078125 0.23095703125 0.0712890625 0.0439453125
0 0.5078125 0.98583984375 0.07421875 0.0283203125
0 0.22509765625 0.970703125 0.0576171875 0.0546875
0 0.744140625 0.517578125 0.189453125 0.154296875
0 0.1337890625 0.5166015625 0.205078125 0.130859375
