0 0.58935546875 0.59912109375 0.0771484375 0.0732421875
0 0.1025390625 0.73193359375 0.06640625 0.0615234375
0 0.21240234375 0.8837890625 0.1044921875 0.109375
0 0.703125 0.2080078125 0.072265625 0.076171875
0 0.02392578125 0.24169921875 0.0478515625 0.0693359375
0 0.87841796875 0.857421875 0.0947265625 0.05859375
0 0.1728515625 0.32958984375 0.083984375 0.0927734375
0 0.34521484375 0.85791015625 0.1181640625 0.0791015625
0 0.61376953125 0.49560546875 0.0908203125 0.0576171875
0 0.7421875 0.89208984375 0.111328125 0.0908203125
0 0.19287109375 0.642578125 0.0439453125 0.05078125
0 0.07275390625 0.31103515625 0.0810546875 0.0693359375
0 0.6884765625 0.20849609375 0.0625 0.0654296875
0 0.779296875 0.10986328125 0.10546875 0.0771484375
0 0.8671875 0.92236328125 0.10546875 0.0595703125
0 0.13427734375 0.86669921875 0.0810546875 0.0830078125
0 0.23388671875 0.68896484375 0.0908203125 0.0849609375
0 0.45556640625 0.62353515625 0.0888671875 0.0966796875
0 0.689453125 0.73388671875 0.083984375 0.0771484375
0 0.28515625 0.5927734375 0.080078125 0.064453125
0 0.501953125 0.50634765625 0.109375 0.0947265625
0 0.46142578125 0.109375 0.0830078125 0.07421875
0 0.72998046875 0.48486328125 0.0986328125 0.0693359375
0 0.95068359375 0.44140625 0.0986328125 0.06640625
0 0.85595703125 0.2724609375 0.0947265625 0.076171875
0 0.265625 0.38232421875 0.080078125 0.1181640625
0 0.958984375 0.306640625 0.08203125 0.072265625
0 0.1767578125 0.15478515625 0.12890625 0.0849609375
0 0.23876953125 0.96484375 0.1044921875 0.0703125
0 0.05615234375 0.373046875 0.0771484375 0.078125
0 0.07568359375 0.5947265625 0.1181640625 0.0703125
0 0.50341796875 0.34326171875 0.0888671875 0.0478515625
0 0.900390625 0.7080078125 0.095703125 0.080078125
0 0.76123046875 0.26953125 0.0732421875 0.044921875
