0 0.7568359375 0.05419921875 0.060546875 0.0576171875
0 0.138671875 0.712890625 0.048828125 0.078125
0 0.08447265625 0.396484375 0.1064453125 0.056640625
0 0.271484375 0.5205078125 0.08203125 0.0703125
0 0.1455078125 0.46728515625 0.05078125 0.0771484375
0 0.7978515625 0.619140625 0.06640625 0.140625
0 0.28759765625 0.1611328125 0.0732421875 0.087890625
0 0.79150390625 0.5888671875 0.1123046875 0.091796875
0 0.62939453125 0.560546875 0.1044921875 0.056640625
0 0.779296875 0.81103515625 0.080078125 0.0693359375
0 0.05615234375 0.341796875 0.0712890625 0.078125
0 0.6875 0.212890625 0.048828125 0.04296875
0 0.2548828125 0.39404296875 0.056640625 0.0791015625
0 0.947265625 0.02490234375 0.07421875 0.0498046875
0 0.8935546875 0.21435546875 0.080078125 0.1181640625
0 0.900390625 0.7841796875 0.1953125 0.068359375
0 0.24462890625 0.82763671875 0.1845703125 0.1611328125
0 0.833984375 0.90185546875 0.0859375 0.1669921875
0 0.1923828125 0.609375 0.126953125 0.10546875
0 0.34521484375 0.22021484375 0.0478515625 0.0419921875
0 0.77490234375 0.71484375 0.0615234375 0.0625
0 0.78662109375 0.09912109375 0.0556640625 0.1513671875
0 0.95947265625 0.71044921875 0.0693359375 0.0927734375
0 0.2412109375 0.21826171875 0.072265625 0.1044921875
0 0.5244140625 0.14794921875 0.056640625 0.0869140625
0 0.08203125 0.3134765625 0.04296875 0.05078125
0 0.2431640625 0.69970703125 0.080078125 0.1669921875
0 0.06640625 0.9296875 0.076171875 0.08203125
0 0.06591796875 0.8056640625 0.1103515625 0.064453125
0 0.67724609375 0.8212890625 0.0498046875 0.05859375
0 0.021484375 0.033203125 0.04296875 0.044921875
0 0.404296875 0.63427734375 0.03515625 0.0751953125
0 0.3623046875 0.80908203125 0.095703125 0.0830078125
0 0.95556640625 0.458984375 0.0439453125 0.037109375
0 0.603515625 0.330078125 0.05078125 0.06640625
0 0.50244140625 0.580078125 0.0693359375 0.078125
0 0.83447265625 0.40673828125 0.0693359375 0.0595703125
0 0.70947265625 0.33447265625 0.0576171875 0.0595703125
0 0.6513671875 0.47509765625 0.056640625 0.0693359375
0 0.97412109375 0.89208984375 0.0517578125 0.0673828125
0 0.51611328125 0.28759765625 0.0693359375 0.0947265625
0 0.9443359375 0.85888671875 0.060546875 0.1162109375
0 0.63623046875 0.0244140625 0.0634765625 0.048828125
0 0.978515625 0.39453125 0.04296875 0.091796875
0 0.7197265625 0.61767578125 0.095703125 0.0830078125
0 0.7529296875 0.35595703125 0.06640625 0.1123046875
0 0.16796875 0.03857421875 0.078125 0.0576171875
0 0.33984375 0.63134765625 0.03515625 0.0654296875
0 0.45361328125 0.05029296875 0.0830078125 0.0869140625
0 0.59326171875 0.751953125 0.0556640625 0.044921875
0 0.541015625 0.3564453125 0.08984375 0.080078125
0 0.53759765625 0.861328125 0.0791015625 0.08984375
0 0.5859375 0.70166015625 0.115234375 0.0654296875
0 0.7265625 0.76220703125 0.087890625 0.0654296875
0 0.36572265625 0.09130859375 0.0458984375 0.0615234375
0 0.6845703125 0.8994140625 0.078125 0.0859375
0 0.66357421875 0.2890625 0.0908203125 0.115234375
0 0.31591796875 0.10205078125 0.0654296875 0.1005859375
0 0.9833984375 0.5205078125 0.033203125 0.056640625
0 0.478515625 0.35302734375 0.06640625 0.0673828125
0 0.92236328125 0.6904296875 0.0810546875 0.0625
0 0.4619140625 0.2861328125 0.03125 0.0859375
0 0.04443359375 0.71337890625 0.0673828125 0.1025390625
