0 0.2197265625 0.2080078125 0.076171875 0.080078125
0 0.1220703125 0.3330078125 0.083984375 0.091796875
0 0.185546875 0.2744140625 0.05859375 0.064453125
0 0.21875 0.3564453125 0.09765625 0.083984375
0 0.642578125 0.9931640625 0.0546875 0.013671875
0 0.8466796875 0.8779296875 0.150390625 0.162109375
0 0.3486328125 0.96484375 0.107421875 0.0703125
0 0.3154296875 0.7109375 0.072265625 0.13671875
0 0.28125 0.8486328125 0.140625 0.095703125
0 0.1240234375 0.8525390625 0.083984375 0.068359375
0 0.09375 0.970703125 0.0703125 0.05859375
0 0.046875 0.9833984375 0.07421875 0.033203125
0 0.158203125 0.9453125 0.08203125 0.109375
0 0.765625 0.7138671875 0.234375 0.099609375
0 0.6796875 0.6005859375 0.125 0.103515625
0 0.521484375 0.4677734375 0.1484375 0.099609375
0 0.666015625 0.3828125 0.08984375 0.1328125
0 0.6259765625 0.478515625 0.138671875 0.18359375
0 0.0400390625 0.55078125 0.080078125 0.078125
0 0.984375 0.4306640625 0.03125 0.072265625
0 0.951171875 0.5166015625 0.09765625 0.072265625
0 0.3603515625 0.0224609375 0.072265625 0.044921875
0 0.4130859375 0.24609375 0.076171875 0.078125
0 0.4462890625 0.1181640625 0.134765625 0.193359375
0 0.6689453125 0.1513671875 0.080078125 0.107421875
0 0.6142578125 0.2099609375 0.115234375 0.111328125
0 0.5986328125 0.28515625 0.111328125 0.0703125
0 0.9052734375 0.044921875 0.115234375 0.0859375
0 0.787109375 0.212890625 0.0703125 0.0859375
0 0.9150390625 0.265625 0.169921875 0.08984375
0 0.7939453125 0.0634765625 0.111328125 0.080078125
0 0.013671875 0.1845703125 0.02734375 0.072265625
0 0.0654296875 0.0703125 0.123046875 0.10546875
0 0.0537109375 0.0205078125 0.083984375 0.041015625
0 0.87890625 0.2080078125 0.19921875 0.248046875
