0 0.283203125 0.0185546875 0.078125 0.037109375
0 0.146484375 0.013671875 0.08203125 0.02734375
0 0.1396484375 0.2294921875 0.177734375 0.142578125
0 0.275390625 0.3857421875 0.14453125 0.107421875
0 0.48046875 0.2998046875 0.07421875 0.080078125
0 0.078125 0.4501953125 0.07421875 0.072265625
0 0.0126953125 0.4990234375 0.025390625 0.126953125
0 0.189453125 0.4931640625 0.078125 0.083984375
0 0.400390625 0.560546875 0.12890625 0.0859375
0 0.310546875 0.537109375 0.09375 0.10546875
0 0.2509765625 0.5966796875 0.115234375 0.166015625
0 0.1787109375 0.61328125 0.068359375 0.15234375
0 0.0341796875 0.6708984375 0.068359375 0.099609375
0 0.8681640625 0.111328125 0.158203125 0.15625
0 0.1875 0.806640625 0.10546875 0.07421875
0 0.2099609375 0.7392578125 0.189453125 0.103515625
0 0.1025390625 0.83984375 0.087890625 0.1171875
0 0.1201171875 0.8916015625 0.107421875 0.126953125
0 0.3076171875 0.779296875 0.103515625 0.14453125
0 0.9306640625 0.4287109375 0.111328125 0.173828125
0 0.861328125 0.421875 0.09765625 0.09765625
0 0.98828125 0.365234375 0.0234375 0.08203125
0 0.9375 0.423828125 0.125 0.125
0 0.8115234375 0.55859375 0.123046875 0.09765625
0 0.7177734375 0.748046875 0.083984375 0.12890625
0 0.90234375 0.8154296875 0.078125 0.224609375
0 0.7607421875 0.837890625 0.228515625 0.1328125
0 0.970703125 0.7734375 0.05859375 0.109375
0 0.3408203125 0.931640625 0.048828125 0.09765625
0 0.4140625 0.8671875 0.0859375 0.1640625
0 0.693359375 0.9609375 0.09375 0.078125
0 0.724609375 0.986328125 0.046875 0.02734375
0 0.85546875 0.912109375 0.0703125 0.17578125
0 0.9365234375 0.923828125 0.052734375 0.13671875
