0 0.11376953125 0.50927734375 0.0263671875 0.0302734375
0 0.54248046875 0.0791015625 0.0419921875 0.07421875
0 0.798828125 0.39404296875 0.08203125 0.0380859375
0 0.61376953125 0.248046875 0.0517578125 0.03125
0 0.240234375 0.85107421875 0.025390625 0.0361328125
0 0.89453125 0.94580078125 0.0546875 0.0478515625
0 0.20263671875 0.40234375 0.0634765625 0.07421875
0 0.29296875 0.63037109375 0.046875 0.0458984375
0 0.279296875 0.40283203125 0.0546875 0.0517578125
0 0.53759765625 0.5126953125 0.0673828125 0.060546875
0 0.2451171875 0.58203125 0.10546875 0.05078125
0 0.5 0.56982421875 0.05859375 0.0849609375
0 0.87548828125 0.51806640625 0.0908203125 0.0283203125
0 0.57080078125 0.08837890625 0.0556640625 0.0322265625
0 0.078125 0.58642578125 0.02734375 0.0419921875
0 0.93359375 0.30029296875 0.072265625 0.1162109375
0 0.80126953125 0.35205078125 0.0634765625 0.0283203125
0 0.9814453125 0.5048828125 0.037109375 0.037109375
0 0.8173828125 0.734375 0.044921875 0.05859375
0 0.31884765625 0.0244140625 0.0458984375 0.048828125
0 0.4794921875 0.48046875 0.046875 0.037109375
0 0.70166015625 0.84375 0.0830078125 0.056640625
0 0.31689453125 0.1923828125 0.0595703125 0.12109375
0 0.8212890625 0.5615234375 0.02734375 0.029296875
0 0.3779296875 0.67138671875 0.099609375 0.0380859375
0 0.2509765625 0.10693359375 0.08984375 0.1220703125
0 0.689453125 0.89501953125 0.0546875 0.0439453125
0 0.4541015625 0.01708984375 0.046875 0.0341796875
0 0.8642578125 0.17919921875 0.037109375 0.0341796875
0 0.61279296875 0.67724609375 0.0947265625 0.0791015625
0 0.54052734375 0.9794921875 0.0751953125 0.041015625
0 0.36474609375 0.87109375 0.0576171875 0.0546875
0 0.126953125 0.17919921875 0.087890625 0.0458984375
0 0.935546875 0.63623046875 0.0546875 0.0693359375
0 0.45556640625 0.365234375 0.0478515625 0.056640625
0 0.41552734375 0.07275390625 0.0380859375 0.0380859375
0 0.45068359375 0.16162109375 0.1005859375 0.0595703125
0 0.2646484375 0.955078125 0.0546875 0.076171875
0 0.201171875 0.74853515625 0.048828125 0.0634765625
0 0.80419921875 0.0185546875 0.0419921875 0.037109375
0 0.72265625 0.36376953125 0.05078125 0.1416015625
0 0.0390625 0.3603515625 0.076171875 0.046875
0 0.70751953125 0.79248046875 0.0947265625 0.0595703125
0 0.83642578125 0.15673828125 0.0380859375 0.0302734375
0 0.0419921875 0.0673828125 0.083984375 0.0625
0 0.4697265625 0.77099609375 0.05859375 0.1259765625
0 0.6201171875 0.20458984375 0.111328125 0.0419921875
0 0.96435546875 0.03466796875 0.0458984375 0.0556640625
0 0.37744140625 0.4580078125 0.0556640625 0.068359375
0 0.822265625 0.44873046875 0.048828125 0.0244140625
0 0.9150390625 0.04052734375 0.05859375 0.0673828125
0 0.03662109375 0.9287109375 0.0556640625 0.060546875
0 0.9677734375 0.5810546875 0.048828125 0.025390625
0 0.0478515625 0.689453125 0.0703125 0.130859375
0 0.16796875 0.9228515625 0.0546875 0.046875
0 0.36181640625 0.8037109375 0.0458984375 0.060546875
0 0.4423828125 0.85986328125 0.03125 0.0244140625
0 0.73046875 0.57177734375 0.041015625 0.0361328125
