0 0.16748046875 0.7470703125 0.0966796875 0.078125
0 0.861328125 0.4267578125 0.0546875 0.05859375
0 0.87744140625 0.193359375 0.1083984375 0.08203125
0 0.02197265625 0.3408203125 0.0400390625 0.107421875
0 0.06298828125 0.64697265625 0.0478515625 0.0810546875
0 0.10107421875 0.2021484375 0.0927734375 0.10546875
0 0.9013671875 0.0458984375 0.037109375 0.03515625
0 0.560546875 0.171875 0.09765625 0.109375
0 0.16259765625 0.2294921875 0.0341796875 0.0859375
0 0.76416015625 0.74365234375 0.0654296875 0.0712890625
0 0.56689453125 0.40771484375 0.1044921875 0.0927734375
0 0.83203125 0.9560546875 0.109375 0.087890625
0 0.154296875 0.03857421875 0.064453125 0.0771484375
0 0.53125 0.2431640625 0.060546875 0.056640625
0 0.67822265625 0.509765625 0.0771484375 0.107421875
0 0.908203125 0.6767578125 0.06640625 0.060546875
0 0.93896484375 0.34033203125 0.1083984375 0.1025390625
0 0.595703125 0.2626953125 0.068359375 0.07421875
0 0.8798828125 0.9033203125 0.0625 0.0703125
0 0.16162109375 0.37109375 0.0927734375 0.11328125
