0 0.1650390625 0.02685546875 0.0859375 0.0537109375
0 0.86328125 0.01513671875 0.05078125 0.0302734375
0 0.95654296875 0.95361328125 0.0654296875 0.0830078125
0 0.720703125 0.2451171875 0.068359375 0.103515625
0 0.7392578125 0.1298828125 0.080078125 0.068359375
0 0.7666015625 0.83837890625 0.080078125 0.0869140625
0 0.5927734375 0.63916015625 0.03515625 0.0361328125
0 0.3212890625 0.97900390625 0.056640625 0.0400390625
0 0.638671875 0.7568359375 0.046875 0.064453125
0 0.35791015625 0.30712890625 0.0791015625 0.0634765625
0 0.7138671875 0.6181640625 0.05859375 0.06640625
0 0.474609375 0.07763671875 0.046875 0.0478515625
0 0.08154296875 0.67431640625 0.0986328125 0.0791015625
0 0.7744140625 0.5771484375 0.046875 0.052734375
0 0.35693359375 0.74853515625 0.0576171875 0.0654296875
0 0.8046875 0.09130859375 0.080078125 0.0908203125
0 0.82666015625 0.56982421875 0.0634765625 0.1083984375
0 0.93896484375 0.02587890625 0.0791015625 0.0517578125
0 0.21630859375 0.2939453125 0.0830078125 0.08203125
0 0.255859375 0.966796875 0.0625 0.06640625
0 0.66015625 0.2197265625 0.05859375 0.056640625
0 0.2724609375 0.5634765625 0.080078125 0.078125
0 0.87451171875 0.71923828125 0.0712890625 0.1025390625
0 0.74609375 0.97119140625 0.080078125 0.0576171875
0 0.6787109375 0.08203125 0.060546875 0.072265625
0 0.73486328125 0.40185546875 0.0849609375 0.0888671875
0 0.64794921875 0.021484375 0.0771484375 0.04296875
0 0.33056640625 0.9033203125 0.0732421875 0.0625
0 0.966796875 0.77978515625 0.06640625 0.0771484375
0 0.48583984375 0.443359375 0.0693359375 0.083984375
0 0.14697265625 0.93603515625 0.0810546875 0.0810546875
0 0.3330078125 0.45751953125 0.09765625 0.0908203125
0 0.5966796875 0.08642578125 0.06640625 0.0712890625
0 0.71533203125 0.4892578125 0.0830078125 0.0625
0 0.24560546875 0.4619140625 0.0673828125 0.072265625
0 0.40673828125 0.5625 0.0654296875 0.072265625
0 0.30322265625 0.15234375 0.0673828125 0.072265625
0 0.16796875 0.56396484375 0.10546875 0.0810546875
0 0.35400390625 0.53857421875 0.0908203125 0.0751953125
0 0.62646484375 0.794921875 0.0341796875 0.029296875
0 0.6982421875 0.3994140625 0.0390625 0.048828125
0 0.24365234375 0.13818359375 0.0712890625 0.0751953125
0 0.96484375 0.4501953125 0.056640625 0.056640625
0 0.3447265625 0.24853515625 0.087890625 0.0869140625
0 0.5419921875 0.646484375 0.08984375 0.080078125
0 0.83251953125 0.94775390625 0.0771484375 0.0712890625
0 0.89697265625 0.5908203125 0.0654296875 0.0625
0 0.38623046875 0.2158203125 0.0595703125 0.060546875
0 0.10498046875 0.97265625 0.0634765625 0.0546875
0 0.044921875 0.0888671875 0.072265625 0.06640625
0 0.03173828125 0.03564453125 0.0478515625 0.0478515625
0 0.12451171875 0.53369140625 0.0654296875 0.0634765625
0 0.70263671875 0.66845703125 0.0712890625 0.0673828125
