0 0.69091796875 0.9130859375 0.0380859375 0.044921875
0 0.427734375 0.59423828125 0.1015625 0.0537109375
0 0.1640625 0.779296875 0.142578125 0.080078125
0 0.91259765625 0.6337890625 0.0439453125 0.0703125
0 0.56494140625 0.443359375 0.0576171875 0.091796875
0 0.64453125 0.205078125 0.029296875 0.07421875
0 0.22314453125 0.44970703125 0.0615234375 0.0869140625
0 0.92236328125 0.3662109375 0.0595703125 0.052734375
0 0.26611328125 0.8046875 0.0419921875 0.064453125
0 0.67333984375 0.48388671875 0.0400390625 0.0830078125
0 0.1162109375 0.513671875 0.05078125 0.07421875
0 0.34326171875 0.79638671875 0.0419921875 0.0693359375
0 0.5322265625 0.23095703125 0.060546875 0.0712890625
0 0.27685546875 0.34912109375 0.0498046875 0.0654296875
0 0.26513671875 0.53271484375 0.0830078125 0.0517578125
0 0.9267578125 0.4765625 0.046875 0.09375
0 0.7314453125 0.8671875 0.1015625 0.04296875
0 0.41064453125 0.8388671875 0.0517578125 0.048828125
0 0.412109375 0.19189453125 0.056640625 0.0869140625
0 0.51953125 0.97021484375 0.05078125 0.0595703125
0 0.53369140625 0.025390625 0.0517578125 0.05078125
0 0.33251953125 0.95751953125 0.0654296875 0.0849609375
0 0.1767578125 0.03271484375 0.109375 0.0634765625
0 0.166015625 0.93896484375 0.09375 0.0634765625
0 0.9501953125 0.1923828125 0.044921875 0.099609375
0 0.51025390625 0.88671875 0.0615234375 0.07421875
0 0.357421875 0.89208984375 0.08203125 0.0498046875
0 0.3759765625 0.2646484375 0.056640625 0.072265625
0 0.15087890625 0.4873046875 0.0517578125 0.07421875
0 0.92138671875 0.08837890625 0.0322265625 0.0673828125
0 0.35888671875 0.15576171875 0.0322265625 0.0986328125
0 0.7607421875 0.755859375 0.056640625 0.046875
0 0.673828125 0.80029296875 0.05859375 0.0712890625
0 0.32470703125 0.60888671875 0.0498046875 0.0439453125
0 0.0185546875 0.5419921875 0.037109375 0.05078125
0 0.7294921875 0.29443359375 0.048828125 0.0693359375
0 0.5654296875 0.61083984375 0.087890625 0.0439453125
0 0.1044921875 0.41455078125 0.044921875 0.0458984375
0 0.81982421875 0.24853515625 0.0517578125 0.0771484375
0 0.08740234375 0.2568359375 0.0751953125 0.05859375
0 0.71923828125 0.98486328125 0.0771484375 0.0302734375
0 0.5361328125 0.56298828125 0.060546875 0.0498046875
0 0.44873046875 0.9765625 0.0458984375 0.044921875
0 0.55224609375 0.88037109375 0.0302734375 0.0556640625
0 0.66357421875 0.5419921875 0.0615234375 0.05078125
0 0.0400390625 0.4296875 0.048828125 0.083984375
0 0.1318359375 0.6240234375 0.046875 0.033203125
0 0.14404296875 0.1572265625 0.0576171875 0.083984375
0 0.3994140625 0.51904296875 0.05859375 0.0693359375
0 0.9853515625 0.4638671875 0.025390625 0.083984375
0 0.982421875 0.95751953125 0.03515625 0.0419921875
0 0.052734375 0.84375 0.05859375 0.04296875
0 0.6279296875 0.48046875 0.029296875 0.08984375
