0 0.9580078125 0.9443359375 0.056640625 0.107421875
0 0.97119140625 0.919921875 0.0576171875 0.103515625
0 0.18359375 0.9638671875 0.13671875 0.072265625
0 0.56005859375 0.5185546875 0.0849609375 0.064453125
0 0.7275390625 0.61669921875 0.09375 0.0673828125
0 0.91552734375 0.203125 0.1513671875 0.064453125
0 0.60302734375 0.7294921875 0.0830078125 0.064453125
0 0.4619140625 0.96044921875 0.056640625 0.0712890625
0 0.953125 0.53857421875 0.07421875 0.1416015625
0 0.0947265625 0.08740234375 0.1015625 0.0810546875
0 0.1796875 0.66845703125 0.056640625 0.0517578125
0 0.81640625 0.75048828125 0.193359375 0.0986328125
0 0.49462890625 0.61572265625 0.0810546875 0.0654296875
0 0.32470703125 0.69384765625 0.1416015625 0.0712890625
