0 0.322265625 0.18212890625 0.080078125 0.1142578125
0 0.3671875 0.3447265625 0.06640625 0.08203125
0 0.09765625 0.23046875 0.041015625 0.056640625
0 0.8369140625 0.97021484375 0.103515625 0.0576171875
0 0.37060546875 0.0517578125 0.0771484375 0.099609375
0 0.8125 0.515625 0.046875 0.0546875
0 0.90966796875 0.29345703125 0.0654296875 0.0771484375
0 0.2294921875 0.1220703125 0.068359375 0.0625
0 0.4169921875 0.466796875 0.072265625 0.060546875
0 0.89697265625 0.8330078125 0.0693359375 0.0625
0 0.91064453125 0.5869140625 0.0556640625 0.048828125
0 0.1962890625 0.8544921875 0.05859375 0.0546875
0 0.45068359375 0.1162109375 0.0517578125 0.091796875
0 0.30126953125 0.97998046875 0.0732421875 0.0400390625
0 0.4453125 0.61865234375 0.072265625 0.0517578125
0 0.84423828125 0.173828125 0.0830078125 0.08203125
0 0.94482421875 0.7958984375 0.0947265625 0.078125
0 0.962890625 0.123046875 0.07421875 0.142578125
0 0.63037109375 0.56689453125 0.0673828125 0.0498046875
0 0.2158203125 0.49462890625 0.06640625 0.0595703125
0 0.12646484375 0.87451171875 0.0556640625 0.0419921875
0 0.220703125 0.3671875 0.06640625 0.08203125
0 0.31982421875 0.5283203125 0.0849609375 0.087890625
0 0.74462890625 0.4970703125 0.0771484375 0.06640625
0 0.068359375 0.2119140625 0.04296875 0.07421875
