0 0.05810546875 0.970703125 0.1162109375 0.05859375
0 0.0751953125 0.53759765625 0.09765625 0.0966796875
0 0.69189453125 0.61083984375 0.0654296875 0.0732421875
0 0.86181640625 0.83740234375 0.0732421875 0.0947265625
0 0.15673828125 0.39501953125 0.1357421875 0.1025390625
0 0.2939453125 0.05810546875 0.04296875 0.0419921875
0 0.255859375 0.0615234375 0.091796875 0.123046875
0 0.86376953125 0.4365234375 0.1103515625 0.064453125
0 0.5859375 0.91552734375 0.05859375 0.0712890625
0 0.97119140625 0.69873046875 0.0576171875 0.0419921875
0 0.044921875 0.26416015625 0.08984375 0.0791015625
0 0.82568359375 0.46875 0.0986328125 0.048828125
0 0.75732421875 0.6162109375 0.0654296875 0.05859375
0 0.05126953125 0.3564453125 0.1025390625 0.05078125
0 0.576171875 0.12841796875 0.123046875 0.0791015625
0 0.1494140625 0.55029296875 0.125 0.0830078125
0 0.11328125 0.65869140625 0.109375 0.1083984375
0 0.54736328125 0.630859375 0.0673828125 0.044921875
0 0.14306640625 0.88232421875 0.0712890625 0.1572265625
0 0.861328125 0.3642578125 0.10546875 0.05078125
0 0.8291015625 0.83740234375 0.07421875 0.0947265625
0 0.46142578125 0.6044921875 0.1064453125 0.060546875
0 0.75732421875 0.95947265625 0.0830078125 0.0654296875
0 0.34228515625 0.24853515625 0.0791015625 0.0595703125
0 0.2177734375 0.81396484375 0.111328125 0.1220703125
0 0.9599609375 0.46533203125 0.076171875 0.0419921875
0 0.47265625 0.3212890625 0.091796875 0.0625
0 0.15966796875 0.09912109375 0.1220703125 0.0556640625
0 0.2421875 0.64794921875 0.1015625 0.0751953125
0 0.42529296875 0.86669921875 0.0556640625 0.0966796875
0 0.27880859375 0.75830078125 0.0458984375 0.0732421875
0 0.216796875 0.90185546875 0.1015625 0.1005859375
0 0.8134765625 0.9228515625 0.0703125 0.078125
0 0.76318359375 0.744140625 0.0693359375 0.0546875
0 0.859375 0.099609375 0.09375 0.0390625
0 0.09423828125 0.27392578125 0.0986328125 0.1337890625
0 0.88623046875 0.74853515625 0.0419921875 0.0341796875
0 0.98193359375 0.287109375 0.0361328125 0.140625
0 0.03466796875 0.0205078125 0.0537109375 0.041015625
0 0.04931640625 0.587890625 0.0732421875 0.07421875
0 0.47216796875 0.361328125 0.1181640625 0.048828125
0 0.1953125 0.64306640625 0.11328125 0.0830078125
0 0.5283203125 0.654296875 0.048828125 0.0546875
0 0.70166015625 0.19775390625 0.0595703125 0.0595703125
0 0.0537109375 0.9306640625 0.10546875 0.064453125
0 0.78564453125 0.73095703125 0.0712890625 0.0380859375
0 0.1953125 0.33154296875 0.123046875 0.1162109375
0 0.7705078125 0.28173828125 0.126953125 0.1083984375
0 0.35986328125 0.37939453125 0.1064453125 0.1787109375
0 0.49755859375 0.7021484375 0.1259765625 0.060546875
0 0.87939453125 0.25439453125 0.0751953125 0.0986328125
0 0.6845703125 0.37939453125 0.0546875 0.0458984375
0 0.33837890625 0.3056640625 0.0888671875 0.091796875
0 0.64111328125 0.2314453125 0.0732421875 0.05859375
0 0.576171875 0.51953125 0.08984375 0.03125
0 0.80224609375 0.7236328125 0.0712890625 0.0390625
0 0.7392578125 0.3271484375 0.09375 0.048828125
0 0.37353515625 0.22802734375 0.1162109375 0.0673828125
0 0.35400390625 0.69677734375 0.1923828125 0.1572265625
0 0.6142578125 0.482421875 0.09375 0.044921875
0 0.46826171875 0.94677734375 0.1533203125 0.0439453125
0 0.85986328125 0.90869140625 0.1123046875 0.0869140625
0 0.22021484375 0.099609375 0.1416015625 0.146484375
0 0.26806640625 0.5830078125 0.1005859375 0.12109375
0 0.64013671875 0.7626953125 0.1005859375 0.041015625
0 0.58642578125 0.20361328125 0.0849609375 0.1142578125
0 0.96337890625 0.8544921875 0.0673828125 0.03125
0 0.8896484375 0.21484375 0.078125 0.10546875
0 0.39111328125 0.29736328125 0.0693359375 0.0712890625
