0 0.05712890625 0.10986328125 0.1142578125 0.2041015625
0 0.07666015625 0.1005859375 0.1533203125 0.201171875
0 0.2890625 0.212890625 0.3125 0.19921875
0 0.24853515625 0.21728515625 0.2705078125 0.3955078125
0 0.4990234375 0.06298828125 0.166015625 0.1259765625
0 0.61181640625 0.0439453125 0.1572265625 0.087890625
0 0.49560546875 0.0341796875 0.0830078125 0.068359375
0 0.8876953125 0.013671875 0.046875 0.02734375
0 0.7646484375 0.0498046875 0.333984375 0.099609375
0 0.98046875 0.05908203125 0.0390625 0.0478515625
0 0.7724609375 0.20703125 0.271484375 0.23828125
0 0.8984375 0.3203125 0.201171875 0.1015625
0 0.83056640625 0.40869140625 0.3369140625 0.0634765625
0 0.818359375 0.46728515625 0.2265625 0.0556640625
0 0.1064453125 0.291015625 0.091796875 0.078125
0 0.12890625 0.23681640625 0.05859375 0.1064453125
0 0.9765625 0.92041015625 0.046875 0.1572265625
0 0.82421875 0.94140625 0.052734375 0.1171875
0 0.83349609375 0.94140625 0.1025390625 0.1171875
0 0.70166015625 0.958984375 0.1416015625 0.080078125
0 0.15625 0.41064453125 0.3125 0.0947265625
0 0.4404296875 0.455078125 0.130859375 0.046875
0 0.51611328125 0.578125 0.0986328125 0.333984375
0 0.72021484375 0.6962890625 0.2353515625 0.1015625
0 0.6884765625 0.7646484375 0.125 0.099609375
0 0.7529296875 0.65478515625 0.236328125 0.0986328125
0 0.35693359375 0.611328125 0.0634765625 0.078125
0 0.39892578125 0.662109375 0.0830078125 0.0703125
0 0.4013671875 0.7529296875 0.052734375 0.111328125
0 0.4453125 0.810546875 0.1953125 0.12109375
0 0.17138671875 0.6259765625 0.0517578125 0.087890625
0 0.29736328125 0.697265625 0.0595703125 0.236328125
0 0.3505859375 0.978515625 0.05078125 0.04296875
0 0.21728515625 0.93359375 0.0439453125 0.1328125
0 0.0888671875 0.783203125 0.177734375 0.064453125
0 0.10546875 0.7890625 0.17578125 0.1171875
0 0.12353515625 0.86572265625 0.1572265625 0.1376953125
0 0.15234375 0.93994140625 0.044921875 0.1181640625
0 0.04150390625 0.974609375 0.0712890625 0.048828125
0 0.56689453125 0.9189453125 0.0322265625 0.0703125
0 0.5849609375 0.1513671875 0.150390625 0.052734375
0 0.2724609375 0.00830078125 0.037109375 0.0166015625
0 0.0625 0.87255859375 0.07421875 0.0712890625
0 0.21435546875 0.62841796875 0.1376953125 0.0908203125
0 0.5859375 0.5927734375 0.13671875 0.06640625
