0 0.8623046875 0.9287109375 0.091796875 0.072265625
0 0.6181640625 0.34423828125 0.080078125 0.0634765625
0 0.97119140625 0.373046875 0.0576171875 0.052734375
0 0.05322265625 0.67626953125 0.0751953125 0.0654296875
0 0.462890625 0.71728515625 0.09765625 0.0712890625
0 0.15869140625 0.51416015625 0.1416015625 0.0732421875
0 0.57470703125 0.65380859375 0.1494140625 0.0966796875
0 0.03271484375 0.03857421875 0.0654296875 0.0693359375
0 0.89892578125 0.76953125 0.0908203125 0.095703125
0 0.01904296875 0.18701171875 0.0361328125 0.0947265625
0 0.060546875 0.38916015625 0.05859375 0.0673828125
0 0.78076171875 0.17333984375 0.0830078125 0.0810546875
0 0.078125 0.8916015625 0.1015625 0.087890625
0 0.505859375 0.7861328125 0.1484375 0.048828125
0 0.42529296875 0.3232421875 0.0791015625 0.072265625
0 0.76416015625 0.591796875 0.1435546875 0.09765625
0 0.45703125 0.48828125 0.109375 0.091796875
0 0.54931640625 0.52490234375 0.0634765625 0.0673828125
0 0.2275390625 0.9609375 0.125 0.078125
0 0.2587890625 0.5390625 0.056640625 0.046875
0 0.28271484375 0.20849609375 0.0810546875 0.0732421875
0 0.57177734375 0.43212890625 0.0830078125 0.0712890625
0 0.95361328125 0.17138671875 0.0927734375 0.0830078125
0 0.66845703125 0.4345703125 0.0869140625 0.076171875
0 0.33056640625 0.76611328125 0.1318359375 0.0693359375
0 0.169921875 0.404296875 0.072265625 0.06640625
0 0.41796875 0.8515625 0.115234375 0.078125
0 0.8818359375 0.45751953125 0.1171875 0.0654296875
0 0.17578125 0.27880859375 0.099609375 0.1083984375
0 0.58935546875 0.19677734375 0.0830078125 0.1005859375
