0 0.9287109375 0.6201171875 0.13671875 0.091796875
0 0.85009765625 0.0517578125 0.2509765625 0.099609375
0 0.11572265625 0.3232421875 0.2294921875 0.14453125
0 0.4208984375 0.76611328125 0.177734375 0.1591796875
0 0.15380859375 0.8623046875 0.0732421875 0.0625
0 0.08642578125 0.68408203125 0.1552734375 0.1103515625
0 0.94140625 0.9541015625 0.1171875 0.0859375
0 0.56201171875 0.85791015625 0.1845703125 0.1123046875
0 0.91796875 0.2998046875 0.1640625 0.095703125
0 0.5537109375 0.369140625 0.201171875 0.166015625
0 0.77734375 0.45458984375 0.20703125 0.2216796875
0 0.9345703125 0.89404296875 0.1171875 0.1083984375
