0 0.58154296875 0.90966796875 0.0732421875 0.0869140625
0 0.80224609375 0.8837890625 0.0869140625 0.04296875
0 0.6171875 0.7822265625 0.099609375 0.060546875
0 0.6982421875 0.81298828125 0.14453125 0.0478515625
0 0.46533203125 0.81201171875 0.0888671875 0.0400390625
0 0.30322265625 0.89892578125 0.0654296875 0.1181640625
0 0.1748046875 0.93798828125 0.06640625 0.0458984375
0 0.18212890625 0.609375 0.0478515625 0.080078125
0 0.2890625 0.49560546875 0.052734375 0.0654296875
0 0.3779296875 0.58056640625 0.064453125 0.0341796875
0 0.3017578125 0.70166015625 0.138671875 0.0478515625
0 0.056640625 0.7900390625 0.072265625 0.037109375
0 0.05224609375 0.904296875 0.0693359375 0.115234375
0 0.107421875 0.53076171875 0.083984375 0.0693359375
0 0.39208984375 0.48681640625 0.0830078125 0.0712890625
0 0.3359375 0.3955078125 0.064453125 0.05078125
0 0.52099609375 0.095703125 0.1669921875 0.080078125
0 0.646484375 0.28564453125 0.072265625 0.0771484375
0 0.76904296875 0.17431640625 0.0869140625 0.1103515625
0 0.85791015625 0.0380859375 0.1162109375 0.076171875
0 0.73876953125 0.28369140625 0.0791015625 0.1005859375
0 0.6748046875 0.345703125 0.0625 0.064453125
0 0.81591796875 0.576171875 0.1103515625 0.05078125
0 0.89599609375 0.52392578125 0.0693359375 0.1064453125
0 0.49951171875 0.6806640625 0.0498046875 0.078125
0 0.4931640625 0.6015625 0.060546875 0.095703125
0 0.53466796875 0.5185546875 0.0849609375 0.150390625
0 0.2314453125 0.66064453125 0.138671875 0.0634765625
0 0.47607421875 0.27587890625 0.0517578125 0.0498046875
0 0.8193359375 0.31591796875 0.07421875 0.0732421875
0 0.86865234375 0.16796875 0.0615234375 0.0390625
0 0.9208984375 0.7412109375 0.0546875 0.080078125
0 0.81884765625 0.1572265625 0.0595703125 0.115234375
0 0.47802734375 0.3251953125 0.0634765625 0.0546875
0 0.53759765625 0.3525390625 0.0478515625 0.048828125
0 0.52734375 0.6337890625 0.044921875 0.03125
0 0.55712890625 0.751953125 0.0439453125 0.033203125
0 0.4130859375 0.947265625 0.08203125 0.01953125
0 0.0712890625 0.20458984375 0.107421875 0.0927734375
0 0.271484375 0.80126953125 0.056640625 0.0517578125
0 0.5107421875 0.849609375 0.037109375 0.029296875
0 0.642578125 0.919921875 0.056640625 0.05078125
0 0.90185546875 0.16357421875 0.0439453125 0.1279296875
0 0.93359375 0.302734375 0.033203125 0.0390625
0 0.3125 0.32080078125 0.03125 0.0322265625
0 0.75244140625 0.26416015625 0.1025390625 0.0654296875
0 0.76416015625 0.2861328125 0.0888671875 0.0390625
0 0.68505859375 0.39111328125 0.0205078125 0.0263671875
0 0.7900390625 0.646484375 0.064453125 0.041015625
0 0.5625 0.67431640625 0.021484375 0.0244140625
0 0.74169921875 0.94384765625 0.0302734375 0.0185546875
0 0.4970703125 0.74609375 0.048828125 0.03515625
0 0.35791015625 0.6337890625 0.0322265625 0.072265625
0 0.38671875 0.650390625 0.0234375 0.0234375
0 0.1513671875 0.63720703125 0.017578125 0.0244140625
0 0.14501953125 0.55517578125 0.0458984375 0.0576171875
