0 0.27783203125 0.4990234375 0.1259765625 0.208984375
0 0.24658203125 0.44384765625 0.1376953125 0.0986328125
0 0.021484375 0.4912109375 0.04296875 0.048828125
0 0.1142578125 0.5869140625 0.1796875 0.166015625
0 0.22900390625 0.7021484375 0.1064453125 0.12890625
0 0.1884765625 0.841796875 0.1875 0.07421875
0 0.5654296875 0.5791015625 0.173828125 0.130859375
0 0.5224609375 0.7490234375 0.064453125 0.197265625
0 0.14453125 0.64453125 0.154296875 0.1015625
0 0.33837890625 0.984375 0.0830078125 0.03125
0 0.55078125 0.8955078125 0.14453125 0.060546875
0 0.24365234375 0.95556640625 0.1416015625 0.0869140625
0 0.0380859375 0.853515625 0.076171875 0.08984375
0 0.12890625 0.775390625 0.12109375 0.173828125
0 0.705078125 0.767578125 0.078125 0.078125
0 0.673828125 0.693359375 0.173828125 0.048828125
0 0.658203125 0.693359375 0.150390625 0.109375
0 0.603515625 0.7900390625 0.08203125 0.037109375
0 0.70947265625 0.83740234375 0.1494140625 0.1494140625
0 0.74609375 0.91015625 0.068359375 0.0390625
0 0.97314453125 0.962890625 0.0517578125 0.072265625
0 0.83984375 0.986328125 0.1171875 0.025390625
0 0.6142578125 0.9423828125 0.146484375 0.048828125
0 0.62451171875 0.9609375 0.2001953125 0.078125
0 0.80712890625 0.953125 0.1494140625 0.0546875
0 0.791015625 0.6875 0.064453125 0.1484375
0 0.98828125 0.6484375 0.0234375 0.04296875
0 0.861328125 0.6123046875 0.1484375 0.17578125
0 0.98046875 0.533203125 0.0390625 0.025390625
0 0.94580078125 0.5048828125 0.1064453125 0.076171875
0 0.916015625 0.58447265625 0.0703125 0.1142578125
0 0.6494140625 0.50048828125 0.169921875 0.0478515625
0 0.47314453125 0.328125 0.1845703125 0.076171875
0 0.5126953125 0.39111328125 0.1328125 0.1455078125
0 0.345703125 0.34228515625 0.171875 0.1337890625
0 0.109375 0.20361328125 0.11328125 0.1572265625
0 0.0654296875 0.345703125 0.12890625 0.046875
0 0.05126953125 0.3671875 0.0986328125 0.240234375
0 0.32958984375 0.16845703125 0.0712890625 0.2626953125
0 0.28564453125 0.2373046875 0.2158203125 0.080078125
0 0.0234375 0.13818359375 0.046875 0.2431640625
0 0.3994140625 0.10595703125 0.064453125 0.0517578125
0 0.21533203125 0.03564453125 0.2431640625 0.0517578125
0 0.4951171875 0.087890625 0.064453125 0.046875
0 0.47265625 0.03173828125 0.15625 0.0517578125
0 0.98046875 0.2255859375 0.037109375 0.060546875
0 0.955078125 0.21533203125 0.087890625 0.1298828125
0 0.201171875 0.0908203125 0.08203125 0.046875
0 0.591796875 0.0810546875 0.125 0.162109375
0 0.98486328125 0.01220703125 0.0283203125 0.0244140625
0 0.681640625 0.1787109375 0.064453125 0.17578125
0 0.9404296875 0.2236328125 0.068359375 0.193359375
0 0.90087890625 0.29736328125 0.0791015625 0.1416015625
0 0.90478515625 0.2724609375 0.0712890625 0.15234375
0 0.3515625 0.796875 0.138671875 0.1796875
0 0.1142578125 0.1650390625 0.123046875 0.2109375
0 0.17578125 0.1259765625 0.171875 0.150390625
0 0.82470703125 0.369140625 0.1259765625 0.173828125
0 0.6826171875 0.36962890625 0.052734375 0.0400390625
0 0.6083984375 0.2734375 0.072265625 0.05859375
0 0.6455078125 0.375 0.095703125 0.15625
0 0.73095703125 0.36865234375 0.0595703125 0.1728515625
0 0.59326171875 0.359375 0.0439453125 0.060546875
0 0.6748046875 0.294921875 0.130859375 0.1015625
