0 0.52392578125 0.158203125 0.0908203125 0.072265625
0 0.87890625 0.9814453125 0.126953125 0.03515625
0 0.94873046875 0.6669921875 0.1025390625 0.07421875
0 0.0283203125 0.61181640625 0.056640625 0.0849609375
0 0.4375 0.35546875 0.080078125 0.0703125
0 0.63916015625 0.14990234375 0.0751953125 0.1298828125
0 0.86962890625 0.49560546875 0.0810546875 0.0830078125
0 0.5693359375 0.2958984375 0.0703125 0.091796875
0 0.49072265625 0.2431640625 0.0830078125 0.087890625
0 0.51025390625 0.68896484375 0.1181640625 0.0810546875
0 0.1962890625 0.45361328125 0.076171875 0.0888671875
0 0.31201171875 0.36083984375 0.0517578125 0.0986328125
0 0.0849609375 0.04052734375 0.0703125 0.0771484375
0 0.70654296875 0.6689453125 0.0771484375 0.08203125
0 0.025390625 0.27197265625 0.05078125 0.1396484375
0 0.11865234375 0.55078125 0.0458984375 0.0625
0 0.51611328125 0.70458984375 0.0771484375 0.0869140625
0 0.759765625 0.216796875 0.0546875 0.12890625
0 0.56103515625 0.033203125 0.1123046875 0.06640625
0 0.0361328125 0.3759765625 0.072265625 0.142578125
0 0.88330078125 0.5888671875 0.1103515625 0.048828125
0 0.11474609375 0.34814453125 0.1201171875 0.0830078125
0 0.251953125 0.12451171875 0.08984375 0.1044921875
0 0.42578125 0.13232421875 0.091796875 0.1396484375
0 0.89111328125 0.35498046875 0.2158203125 0.1982421875
0 0.6064453125 0.85546875 0.09375 0.0703125
0 0.845703125 0.2158203125 0.087890625 0.087890625
0 0.44921875 0.033203125 0.109375 0.0625
0 0.2314453125 0.9755859375 0.091796875 0.046875
0 0.9638671875 0.77001953125 0.05859375 0.0576171875
0 0.03759765625 0.1572265625 0.0693359375 0.080078125
0 0.4658203125 0.89306640625 0.09765625 0.1103515625
0 0.95751953125 0.4404296875 0.0830078125 0.04296875
0 0.70703125 0.9580078125 0.10546875 0.08203125
0 0.68701171875 0.29345703125 0.1357421875 0.1728515625
0 0.15576171875 0.6796875 0.0927734375 0.07421875
0 0.51171875 0.56201171875 0.138671875 0.0595703125
0 0.375 0.80322265625 0.076171875 0.1904296875
