0 0.72216796875 0.0341796875 0.0634765625 0.06640625
0 0.90185546875 0.013671875 0.0458984375 0.02734375
0 0.06689453125 0.5419921875 0.0556640625 0.095703125
0 0.97900390625 0.42333984375 0.0419921875 0.0302734375
0 0.21923828125 0.7568359375 0.0849609375 0.091796875
0 0.033203125 0.23583984375 0.06640625 0.0810546875
0 0.1875 0.84814453125 0.123046875 0.0537109375
0 0.97509765625 0.32080078125 0.0439453125 0.0498046875
0 0.07470703125 0.41943359375 0.0634765625 0.0654296875
0 0.30810546875 0.85888671875 0.1181640625 0.0751953125
0 0.7431640625 0.33203125 0.04296875 0.0546875
0 0.75732421875 0.23046875 0.0576171875 0.05859375
0 0.53466796875 0.3134765625 0.0810546875 0.0625
0 0.20703125 0.44384765625 0.087890625 0.0673828125
0 0.39892578125 0.119140625 0.0732421875 0.072265625
0 0.6650390625 0.177734375 0.05859375 0.0703125
0 0.92919921875 0.16162109375 0.1396484375 0.0830078125
0 0.5908203125 0.19140625 0.060546875 0.052734375
0 0.4873046875 0.04931640625 0.068359375 0.0966796875
0 0.4814453125 0.8095703125 0.087890625 0.08984375
0 0.6025390625 0.40576171875 0.08203125 0.1337890625
0 0.58251953125 0.11962890625 0.0537109375 0.0517578125
0 0.17822265625 0.0625 0.1298828125 0.0546875
0 0.0556640625 0.81640625 0.1015625 0.076171875
0 0.23486328125 0.30322265625 0.1201171875 0.0673828125
0 0.591796875 0.83642578125 0.048828125 0.1025390625
0 0.8505859375 0.9814453125 0.091796875 0.037109375
0 0.923828125 0.9541015625 0.0859375 0.091796875
0 0.87109375 0.7333984375 0.091796875 0.0625
0 0.478515625 0.94921875 0.0703125 0.09765625
0 0.96484375 0.595703125 0.0703125 0.046875
0 0.63818359375 0.58740234375 0.2119140625 0.0595703125
0 0.61962890625 0.5908203125 0.1318359375 0.11328125
0 0.255859375 0.14208984375 0.06640625 0.0986328125
0 0.265625 0.01953125 0.048828125 0.029296875
0 0.98486328125 0.90380859375 0.0302734375 0.0419921875
0 0.92822265625 0.599609375 0.0849609375 0.0546875
0 0.0380859375 0.58056640625 0.076171875 0.1181640625
0 0.38037109375 0.65234375 0.0791015625 0.109375
