0 0.1728515625 0.4169921875 0.044921875 0.060546875
0 0.7783203125 0.12890625 0.080078125 0.06640625
0 0.123046875 0.91162109375 0.091796875 0.0986328125
0 0.5322265625 0.23583984375 0.083984375 0.0439453125
0 0.6591796875 0.6328125 0.072265625 0.0546875
0 0.1005859375 0.97216796875 0.091796875 0.0556640625
0 0.75146484375 0.4736328125 0.0673828125 0.05859375
0 0.033203125 0.68408203125 0.06640625 0.0693359375
0 0.7939453125 0.42333984375 0.052734375 0.0556640625
0 0.95458984375 0.2421875 0.0908203125 0.046875
0 0.06005859375 0.44677734375 0.0966796875 0.0576171875
0 0.47802734375 0.54931640625 0.0712890625 0.0927734375
0 0.466796875 0.82470703125 0.06640625 0.0673828125
0 0.53125 0.4033203125 0.10546875 0.08984375
0 0.45458984375 0.9541015625 0.1357421875 0.0859375
0 0.04736328125 0.52099609375 0.0673828125 0.0673828125
0 0.2138671875 0.28466796875 0.056640625 0.0478515625
0 0.6357421875 0.826171875 0.111328125 0.080078125
0 0.90380859375 0.9853515625 0.0966796875 0.029296875
0 0.2236328125 0.318359375 0.056640625 0.06640625
0 0.98046875 0.46337890625 0.037109375 0.0732421875
0 0.9541015625 0.748046875 0.08984375 0.05859375
0 0.4931640625 0.716796875 0.115234375 0.07421875
0 0.5556640625 0.3017578125 0.078125 0.0625
0 0.21484375 0.63134765625 0.083984375 0.0830078125
0 0.39990234375 0.419921875 0.0751953125 0.072265625
0 0.08837890625 0.23193359375 0.1025390625 0.0888671875
0 0.669921875 0.291015625 0.09765625 0.064453125
0 0.841796875 0.94580078125 0.0859375 0.1025390625
