0 0.08056640625 0.716796875 0.1123046875 0.125
0 0.84765625 0.56884765625 0.091796875 0.0634765625
0 0.13720703125 0.11767578125 0.0751953125 0.0810546875
0 0.93798828125 0.72412109375 0.1181640625 0.0966796875
0 0.13232421875 0.3642578125 0.0791015625 0.109375
0 0.158203125 0.89306640625 0.08203125 0.0927734375
0 0.05322265625 0.50732421875 0.0654296875 0.0771484375
0 0.89306640625 0.57470703125 0.0751953125 0.0830078125
0 0.05859375 0.04150390625 0.095703125 0.0595703125
0 0.0263671875 0.12451171875 0.052734375 0.0673828125
0 0.2529296875 0.1630859375 0.078125 0.0546875
0 0.2080078125 0.02099609375 0.1015625 0.0419921875
0 0.767578125 0.73779296875 0.05078125 0.0830078125
0 0.19677734375 0.22705078125 0.0947265625 0.0751953125
0 0.0546875 0.78173828125 0.056640625 0.1201171875
0 0.14794921875 0.60107421875 0.0634765625 0.0556640625
0 0.94482421875 0.4609375 0.1103515625 0.068359375
0 0.03369140625 0.404296875 0.0673828125 0.0625
