0 0.40478515625 0.81005859375 0.0986328125 0.1884765625
0 0.9013671875 0.9755859375 0.078125 0.046875
0 0.60986328125 0.24365234375 0.1591796875 0.0537109375
0 0.46240234375 0.5849609375 0.0810546875 0.119140625
0 0.73974609375 0.69677734375 0.0908203125 0.0634765625
0 0.57666015625 0.3623046875 0.0517578125 0.056640625
0 0.08544921875 0.0576171875 0.0576171875 0.11328125
0 0.96630859375 0.36572265625 0.0654296875 0.1611328125
0 0.8076171875 0.58642578125 0.041015625 0.0380859375
0 0.5673828125 0.57666015625 0.05859375 0.0556640625
0 0.45654296875 0.7548828125 0.1201171875 0.125
0 0.81005859375 0.26953125 0.1708984375 0.0703125
0 0.982421875 0.81298828125 0.03515625 0.1044921875
0 0.85009765625 0.59765625 0.0751953125 0.076171875
0 0.29296875 0.10888671875 0.0859375 0.1083984375
0 0.77783203125 0.03662109375 0.0712890625 0.0732421875
0 0.6767578125 0.3955078125 0.150390625 0.060546875
0 0.8134765625 0.8408203125 0.12890625 0.1484375
0 0.27392578125 0.2490234375 0.0888671875 0.072265625
0 0.8916015625 0.74462890625 0.087890625 0.0712890625
0 0.94287109375 0.7001953125 0.0458984375 0.056640625
0 0.27099609375 0.525390625 0.0419921875 0.0234375
0 0.83154296875 0.96240234375 0.0791015625 0.0380859375
0 0.0634765625 0.6572265625 0.091796875 0.177734375
0 0.31298828125 0.0234375 0.1201171875 0.046875
0 0.919921875 0.32177734375 0.05859375 0.0654296875
0 0.076171875 0.25439453125 0.12109375 0.1376953125
0 0.1376953125 0.45703125 0.080078125 0.087890625
0 0.17919921875 0.26220703125 0.0830078125 0.1337890625
0 0.7412109375 0.56640625 0.078125 0.109375
0 0.22021484375 0.73681640625 0.0732421875 0.1513671875
0 0.7578125 0.14697265625 0.158203125 0.0947265625
0 0.6083984375 0.29638671875 0.05859375 0.0576171875
0 0.1328125 0.0400390625 0.0390625 0.080078125
0 0.88623046875 0.17041015625 0.0888671875 0.1103515625
0 0.4951171875 0.22412109375 0.10546875 0.0615234375
0 0.1865234375 0.5791015625 0.08984375 0.150390625
0 0.0693359375 0.3935546875 0.056640625 0.056640625
0 0.69091796875 0.6298828125 0.0693359375 0.140625
0 0.86083984375 0.39697265625 0.0634765625 0.1376953125
0 0.77783203125 0.9404296875 0.0361328125 0.0390625
0 0.66943359375 0.7841796875 0.0654296875 0.11328125
