0 0.7607421875 0.9658203125 0.046875 0.05078125
0 0.8642578125 0.9833984375 0.052734375 0.03125
0 0.939453125 0.9375 0.078125 0.060546875
0 0.86962890625 0.8359375 0.0615234375 0.046875
0 0.888671875 0.8740234375 0.07421875 0.044921875
0 0.9814453125 0.64306640625 0.037109375 0.0849609375
0 0.66455078125 0.63916015625 0.0458984375 0.0322265625
0 0.89111328125 0.533203125 0.0478515625 0.0625
0 0.8212890625 0.53662109375 0.060546875 0.0537109375
0 0.74365234375 0.615234375 0.0654296875 0.078125
0 0.74072265625 0.56201171875 0.0654296875 0.0673828125
0 0.76318359375 0.49462890625 0.0791015625 0.0810546875
0 0.83203125 0.4404296875 0.08984375 0.06640625
0 0.88330078125 0.3408203125 0.1064453125 0.064453125
0 0.7841796875 0.2548828125 0.08984375 0.107421875
0 0.63916015625 0.3095703125 0.0556640625 0.060546875
0 0.6953125 0.17578125 0.046875 0.044921875
0 0.98779296875 0.16455078125 0.0244140625 0.0537109375
0 0.9638671875 0.13916015625 0.072265625 0.0732421875
0 0.9580078125 0.05322265625 0.080078125 0.0966796875
0 0.8056640625 0.1376953125 0.08984375 0.08984375
0 0.8046875 0.025390625 0.064453125 0.05078125
0 0.8115234375 0.08203125 0.103515625 0.095703125
0 0.68896484375 0.875 0.0908203125 0.1484375
0 0.65673828125 0.78515625 0.1298828125 0.064453125
0 0.5009765625 0.97216796875 0.078125 0.0556640625
0 0.482421875 0.80224609375 0.0859375 0.0712890625
0 0.5615234375 0.748046875 0.099609375 0.115234375
0 0.36376953125 0.775390625 0.0791015625 0.072265625
0 0.3955078125 0.69970703125 0.1328125 0.0947265625
0 0.5205078125 0.56201171875 0.03125 0.0283203125
0 0.4423828125 0.583984375 0.041015625 0.056640625
0 0.38818359375 0.64599609375 0.0751953125 0.0517578125
0 0.35791015625 0.60693359375 0.0830078125 0.0478515625
0 0.36962890625 0.5517578125 0.0888671875 0.083984375
0 0.25048828125 0.55615234375 0.0908203125 0.0595703125
0 0.52685546875 0.46142578125 0.0771484375 0.0654296875
0 0.52978515625 0.33056640625 0.0517578125 0.0849609375
0 0.46533203125 0.359375 0.0791015625 0.115234375
0 0.39794921875 0.37109375 0.0810546875 0.0703125
0 0.34716796875 0.35693359375 0.0634765625 0.0771484375
0 0.47998046875 0.11279296875 0.0830078125 0.1220703125
0 0.3818359375 0.99267578125 0.048828125 0.0146484375
0 0.3017578125 0.9833984375 0.091796875 0.033203125
0 0.013671875 0.98046875 0.02734375 0.0390625
0 0.2021484375 0.9248046875 0.162109375 0.107421875
0 0.01025390625 0.08837890625 0.0205078125 0.0673828125
0 0.0908203125 0.0361328125 0.130859375 0.072265625
0 0.0673828125 0.91552734375 0.029296875 0.0263671875
