0 0.7666015625 0.978515625 0.046875 0.04296875
0 0.85546875 0.88037109375 0.103515625 0.0693359375
0 0.931640625 0.7890625 0.1328125 0.1171875
0 0.96435546875 0.115234375 0.0439453125 0.080078125
0 0.85791015625 0.5888671875 0.0791015625 0.080078125
0 0.67822265625 0.78369140625 0.0615234375 0.0576171875
0 0.705078125 0.72998046875 0.06640625 0.0517578125
0 0.6748046875 0.66357421875 0.02734375 0.0302734375
0 0.56591796875 0.71533203125 0.0830078125 0.0693359375
0 0.55517578125 0.60400390625 0.0771484375 0.0673828125
0 0.5107421875 0.66455078125 0.0859375 0.0791015625
0 0.54736328125 0.3095703125 0.0576171875 0.048828125
0 0.10693359375 0.82470703125 0.0595703125 0.0478515625
0 0.04443359375 0.70166015625 0.0888671875 0.0654296875
0 0.19384765625 0.64697265625 0.0654296875 0.0439453125
0 0.22265625 0.56982421875 0.05078125 0.0400390625
0 0.40283203125 0.61083984375 0.0810546875 0.0693359375
0 0.3427734375 0.57861328125 0.158203125 0.1181640625
0 0.06884765625 0.35546875 0.0576171875 0.046875
0 0.20556640625 0.31103515625 0.0537109375 0.0439453125
0 0.07470703125 0.044921875 0.0986328125 0.08984375
0 0.60205078125 0.23974609375 0.0361328125 0.0419921875
0 0.20751953125 0.03125 0.0361328125 0.056640625
0 0.22021484375 0.98828125 0.0322265625 0.0234375
0 0.52001953125 0.52978515625 0.0341796875 0.0478515625
0 0.19140625 0.3447265625 0.033203125 0.03515625
0 0.12353515625 0.1376953125 0.0615234375 0.060546875
0 0.10107421875 0.19873046875 0.0654296875 0.0830078125
0 0.03955078125 0.21875 0.0791015625 0.107421875
0 0.7001953125 0.13720703125 0.068359375 0.0595703125
0 0.7216796875 0.08642578125 0.046875 0.0498046875
0 0.6787109375 0.06640625 0.0625 0.130859375
0 0.72705078125 0.39599609375 0.0576171875 0.0654296875
0 0.6787109375 0.4375 0.06640625 0.05078125
0 0.61572265625 0.3583984375 0.0712890625 0.095703125
0 0.55322265625 0.3681640625 0.0537109375 0.046875
0 0.7060546875 0.513671875 0.0625 0.1328125
0 0.6953125 0.5078125 0.09765625 0.080078125
0 0.63330078125 0.56591796875 0.0810546875 0.0791015625
0 0.56591796875 0.49267578125 0.0595703125 0.1494140625
0 0.515625 0.48095703125 0.041015625 0.0498046875
0 0.55078125 0.88671875 0.07421875 0.1953125
0 0.43212890625 0.8798828125 0.1357421875 0.240234375
0 0.35888671875 0.92822265625 0.0869140625 0.1416015625
0 0.1484375 0.68505859375 0.0859375 0.0634765625
