0 0.0224609375 0.0263671875 0.0390625 0.052734375
0 0.12158203125 0.03759765625 0.1337890625 0.0751953125
0 0.11767578125 0.1611328125 0.1455078125 0.099609375
0 0.14794921875 0.18017578125 0.0986328125 0.1357421875
0 0.173828125 0.28173828125 0.05859375 0.0966796875
0 0.0537109375 0.341796875 0.060546875 0.052734375
0 0.453125 0.22216796875 0.052734375 0.0888671875
0 0.15087890625 0.43017578125 0.0498046875 0.0654296875
0 0.02392578125 0.46337890625 0.0458984375 0.0810546875
0 0.017578125 0.37353515625 0.03515625 0.0498046875
0 0.103515625 0.57568359375 0.103515625 0.0654296875
0 0.09716796875 0.650390625 0.0595703125 0.0546875
0 0.33154296875 0.39111328125 0.0380859375 0.0400390625
0 0.40673828125 0.6494140625 0.1103515625 0.052734375
0 0.4990234375 0.62744140625 0.064453125 0.0693359375
0 0.115234375 0.859375 0.078125 0.115234375
0 0.0517578125 0.88720703125 0.048828125 0.0498046875
0 0.0146484375 0.87548828125 0.029296875 0.0673828125
0 0.033203125 0.95361328125 0.05078125 0.0927734375
0 0.14599609375 0.919921875 0.0615234375 0.0546875
0 0.27197265625 0.9169921875 0.0595703125 0.041015625
0 0.4306640625 0.9072265625 0.1328125 0.1015625
0 0.42822265625 0.96630859375 0.0576171875 0.0673828125
0 0.47314453125 0.951171875 0.0791015625 0.0390625
0 0.017578125 0.94921875 0.03515625 0.046875
0 0.4375 0.6787109375 0.056640625 0.072265625
0 0.4921875 0.9580078125 0.11328125 0.03515625
0 0.521484375 0.982421875 0.10546875 0.03515625
0 0.6572265625 0.9111328125 0.10546875 0.080078125
0 0.63037109375 0.9765625 0.0908203125 0.046875
0 0.78857421875 0.9765625 0.0439453125 0.046875
0 0.712890625 0.59375 0.072265625 0.134765625
0 0.900390625 0.732421875 0.15625 0.09765625
0 0.6552734375 0.40576171875 0.044921875 0.1435546875
0 0.81591796875 0.63720703125 0.0302734375 0.0361328125
0 0.92626953125 0.36865234375 0.0771484375 0.1220703125
0 0.947265625 0.80615234375 0.07421875 0.0576171875
0 0.86376953125 0.88330078125 0.0654296875 0.0732421875
0 0.91064453125 0.85791015625 0.0478515625 0.0576171875
0 0.96435546875 0.8291015625 0.0556640625 0.080078125
0 0.97900390625 0.8720703125 0.0400390625 0.029296875
0 0.78955078125 0.90771484375 0.0244140625 0.0263671875
0 0.97998046875 0.4541015625 0.0400390625 0.076171875
0 0.88671875 0.47412109375 0.06640625 0.0634765625
0 0.9345703125 0.44482421875 0.05078125 0.0927734375
0 0.7900390625 0.34521484375 0.056640625 0.0634765625
0 0.82470703125 0.44921875 0.0341796875 0.056640625
0 0.53515625 0.47802734375 0.056640625 0.0615234375
0 0.509765625 0.43408203125 0.052734375 0.0908203125
0 0.4599609375 0.40625 0.05078125 0.08203125
0 0.51123046875 0.3798828125 0.0517578125 0.044921875
0 0.43212890625 0.36279296875 0.0654296875 0.0751953125
0 0.4052734375 0.37158203125 0.03125 0.0576171875
0 0.4150390625 0.42822265625 0.044921875 0.0498046875
0 0.4345703125 0.48193359375 0.033203125 0.0322265625
0 0.685546875 0.26513671875 0.04296875 0.1123046875
0 0.8505859375 0.2294921875 0.064453125 0.08203125
0 0.8818359375 0.26806640625 0.12890625 0.1240234375
0 0.95751953125 0.14404296875 0.0849609375 0.1162109375
0 0.74072265625 0.1416015625 0.1083984375 0.091796875
0 0.75830078125 0.19921875 0.0712890625 0.064453125
0 0.78369140625 0.13671875 0.0654296875 0.064453125
0 0.33935546875 0.14892578125 0.0556640625 0.0458984375
0 0.40087890625 0.0830078125 0.0634765625 0.091796875
0 0.8056640625 0.02685546875 0.072265625 0.0537109375
0 0.494140625 0.0634765625 0.083984375 0.126953125
0 0.5439453125 0.0537109375 0.046875 0.0625
0 0.30615234375 0.06103515625 0.0693359375 0.0966796875
0 0.37939453125 0.0283203125 0.0673828125 0.056640625
0 0.431640625 0.01904296875 0.03515625 0.0361328125
0 0.939453125 0.61767578125 0.033203125 0.0419921875
0 0.43603515625 0.736328125 0.0361328125 0.033203125
0 0.521484375 0.73828125 0.0546875 0.05078125
0 0.1162109375 0.40576171875 0.04296875 0.0380859375
0 0.296875 0.11376953125 0.064453125 0.0419921875
0 0.85986328125 0.30322265625 0.1064453125 0.0556640625
0 0.77978515625 0.2421875 0.0478515625 0.0546875
0 0.7333984375 0.416015625 0.03125 0.03125
0 0.994140625 0.62890625 0.01171875 0.03515625
0 0.48193359375 0.7197265625 0.0322265625 0.029296875
0 0.8974609375 0.994140625 0.044921875 0.01171875
0 0.39306640625 0.95556640625 0.0341796875 0.0302734375
0 0.45263671875 0.84423828125 0.0341796875 0.0244140625
0 0.2666015625 0.93115234375 0.05859375 0.0283203125
0 0.12158203125 0.9697265625 0.0693359375 0.060546875
0 0.08544921875 0.97314453125 0.0439453125 0.0517578125
0 0.13720703125 0.8896484375 0.0224609375 0.033203125
0 0.783203125 0.40478515625 0.05078125 0.0478515625
0 0.66796875 0.927734375 0.0703125 0.056640625
0 0.13916015625 0.88623046875 0.0283203125 0.0400390625
