0 0.74853515625 0.34912109375 0.1123046875 0.1865234375
0 0.52587890625 0.69384765625 0.1103515625 0.0615234375
0 0.97412109375 0.470703125 0.0517578125 0.109375
0 0.71435546875 0.67626953125 0.0888671875 0.0908203125
0 0.9248046875 0.4072265625 0.150390625 0.099609375
0 0.47900390625 0.91845703125 0.0751953125 0.1201171875
0 0.7998046875 0.83740234375 0.138671875 0.1787109375
0 0.181640625 0.904296875 0.15625 0.140625
0 0.4814453125 0.77294921875 0.095703125 0.1474609375
0 0.41748046875 0.93994140625 0.0888671875 0.1201171875
0 0.8896484375 0.05517578125 0.1484375 0.1083984375
0 0.515625 0.8828125 0.07421875 0.234375
