0 0.22216796875 0.71826171875 0.1943359375 0.1474609375
0 0.943359375 0.5634765625 0.11328125 0.091796875
0 0.70166015625 0.6943359375 0.1240234375 0.083984375
0 0.6005859375 0.4453125 0.099609375 0.080078125
0 0.65625 0.76220703125 0.107421875 0.0771484375
0 0.224609375 0.947265625 0.08203125 0.072265625
0 0.09228515625 0.556640625 0.1064453125 0.11328125
0 0.1025390625 0.32568359375 0.078125 0.1142578125
0 0.05419921875 0.9658203125 0.0849609375 0.0625
0 0.80810546875 0.96044921875 0.1943359375 0.0791015625
0 0.4892578125 0.9111328125 0.1953125 0.177734375
0 0.1796875 0.34326171875 0.080078125 0.0849609375
0 0.4208984375 0.1455078125 0.146484375 0.087890625
0 0.296875 0.671875 0.080078125 0.08984375
0 0.7021484375 0.9345703125 0.1640625 0.1171875
0 0.5419921875 0.1484375 0.10546875 0.126953125
0 0.162109375 0.42724609375 0.140625 0.1044921875
0 0.5986328125 0.59716796875 0.09765625 0.0947265625
0 0.1796875 0.34228515625 0.080078125 0.0849609375
