0 0.9140625 0.65771484375 0.080078125 0.0654296875
0 0.96630859375 0.6025390625 0.0283203125 0.048828125
0 0.96240234375 0.546875 0.0361328125 0.052734375
0 0.9072265625 0.5673828125 0.048828125 0.09375
0 0.96875 0.369140625 0.0234375 0.041015625
0 0.90673828125 0.3828125 0.0400390625 0.04296875
0 0.75537109375 0.5927734375 0.0419921875 0.05078125
0 0.82666015625 0.90185546875 0.0830078125 0.0810546875
0 0.7099609375 0.8681640625 0.052734375 0.05078125
0 0.61767578125 0.8212890625 0.0380859375 0.0546875
0 0.560546875 0.79296875 0.072265625 0.052734375
0 0.44287109375 0.8291015625 0.0830078125 0.091796875
0 0.4873046875 0.7568359375 0.0703125 0.03125
0 0.45654296875 0.7158203125 0.1181640625 0.05078125
0 0.53076171875 0.65869140625 0.0673828125 0.0419921875
0 0.32763671875 0.892578125 0.0849609375 0.06640625
0 0.22216796875 0.84716796875 0.0615234375 0.0927734375
0 0.27294921875 0.64794921875 0.0869140625 0.0419921875
0 0.18310546875 0.646484375 0.0634765625 0.048828125
0 0.2041015625 0.58349609375 0.076171875 0.0654296875
0 0.3232421875 0.568359375 0.10546875 0.044921875
0 0.07958984375 0.5830078125 0.0927734375 0.052734375
0 0.11474609375 0.49072265625 0.0576171875 0.0380859375
0 0.17578125 0.45703125 0.048828125 0.076171875
0 0.08154296875 0.41064453125 0.0712890625 0.0673828125
0 0.361328125 0.46142578125 0.083984375 0.0419921875
0 0.45263671875 0.45947265625 0.1064453125 0.0888671875
0 0.38134765625 0.40234375 0.0947265625 0.076171875
0 0.251953125 0.35009765625 0.048828125 0.0439453125
0 0.3349609375 0.2939453125 0.103515625 0.033203125
0 0.3134765625 0.23779296875 0.07421875 0.0537109375
0 0.4970703125 0.31494140625 0.072265625 0.0419921875
0 0.59423828125 0.3388671875 0.0634765625 0.05078125
0 0.6474609375 0.37353515625 0.0546875 0.0361328125
0 0.736328125 0.380859375 0.068359375 0.04296875
0 0.185546875 0.2197265625 0.068359375 0.076171875
0 0.09130859375 0.22216796875 0.0693359375 0.1103515625
0 0.3603515625 0.06396484375 0.052734375 0.0322265625
0 0.462890625 0.1552734375 0.046875 0.041015625
0 0.65576171875 0.27197265625 0.0634765625 0.0322265625
0 0.64306640625 0.171875 0.0380859375 0.048828125
0 0.74658203125 0.21630859375 0.0634765625 0.0400390625
0 0.7490234375 0.1435546875 0.0546875 0.080078125
0 0.826171875 0.2822265625 0.052734375 0.02734375
0 0.84423828125 0.24560546875 0.0380859375 0.0341796875
0 0.90283203125 0.1455078125 0.0830078125 0.0546875
0 0.90185546875 0.27490234375 0.0634765625 0.0419921875
0 0.6875 0.06298828125 0.046875 0.0380859375
0 0.49609375 0.580078125 0.07421875 0.04296875
0 0.81884765625 0.0859375 0.0458984375 0.05078125
0 0.2587890625 0.1455078125 0.07421875 0.072265625
0 0.55517578125 0.08544921875 0.1044921875 0.0830078125
0 0.28271484375 0.7685546875 0.0927734375 0.04296875
0 0.93017578125 0.33203125 0.0478515625 0.046875
0 0.23193359375 0.8173828125 0.0341796875 0.029296875
0 0.71435546875 0.595703125 0.0400390625 0.044921875
