0 0.70849609375 0.3955078125 0.0849609375 0.064453125
0 0.72314453125 0.0546875 0.0869140625 0.080078125
0 0.90185546875 0.40185546875 0.1103515625 0.0654296875
0 0.8759765625 0.0703125 0.09765625 0.0625
0 0.95751953125 0.5830078125 0.0849609375 0.046875
0 0.849609375 0.03076171875 0.064453125 0.0576171875
0 0.89794921875 0.52587890625 0.1142578125 0.0712890625
0 0.7861328125 0.1708984375 0.107421875 0.087890625
0 0.9619140625 0.29150390625 0.0546875 0.0498046875
0 0.95068359375 0.12841796875 0.0830078125 0.0830078125
0 0.75244140625 0.091796875 0.0849609375 0.0703125
0 0.80078125 0.4130859375 0.1015625 0.087890625
0 0.64990234375 0.2607421875 0.0576171875 0.0390625
0 0.74951171875 0.70849609375 0.1591796875 0.0771484375
0 0.07080078125 0.10693359375 0.1318359375 0.0849609375
0 0.89111328125 0.2958984375 0.0791015625 0.056640625
0 0.955078125 0.4609375 0.0859375 0.037109375
0 0.67041015625 0.44140625 0.0771484375 0.0546875
0 0.77685546875 0.4931640625 0.1201171875 0.072265625
0 0.0380859375 0.0380859375 0.076171875 0.0546875
0 0.91943359375 0.4384765625 0.1298828125 0.052734375
