0 0.5986328125 0.2890625 0.044921875 0.060546875
0 0.876953125 0.71142578125 0.03125 0.0341796875
0 0.787109375 0.92578125 0.03125 0.03125
0 0.95654296875 0.03955078125 0.0732421875 0.0771484375
0 0.46728515625 0.455078125 0.0537109375 0.05859375
0 0.80810546875 0.79052734375 0.0791015625 0.1240234375
0 0.6806640625 0.666015625 0.05078125 0.08203125
0 0.05859375 0.0205078125 0.0703125 0.041015625
0 0.45556640625 0.94482421875 0.0458984375 0.0947265625
0 0.16064453125 0.62158203125 0.0400390625 0.0849609375
0 0.9375 0.78173828125 0.0625 0.0478515625
0 0.833984375 0.34619140625 0.029296875 0.0380859375
0 0.07080078125 0.533203125 0.1376953125 0.181640625
0 0.041015625 0.7158203125 0.08203125 0.041015625
0 0.80712890625 0.69677734375 0.0322265625 0.0380859375
0 0.716796875 0.51513671875 0.0390625 0.0517578125
0 0.2939453125 0.26416015625 0.060546875 0.0439453125
0 0.435546875 0.72607421875 0.076171875 0.0458984375
0 0.1591796875 0.130859375 0.046875 0.109375
0 0.9765625 0.17626953125 0.044921875 0.0693359375
0 0.4609375 0.3544921875 0.09375 0.048828125
0 0.931640625 0.37548828125 0.0390625 0.0400390625
0 0.0849609375 0.6201171875 0.037109375 0.04296875
0 0.2939453125 0.35205078125 0.033203125 0.0361328125
0 0.658203125 0.3564453125 0.048828125 0.048828125
0 0.93505859375 0.3837890625 0.0517578125 0.06640625
0 0.75439453125 0.93505859375 0.0908203125 0.0712890625
0 0.31787109375 0.51318359375 0.0732421875 0.0595703125
0 0.83544921875 0.6884765625 0.0263671875 0.02734375
0 0.8251953125 0.6650390625 0.021484375 0.021484375
0 0.65283203125 0.26708984375 0.0419921875 0.0498046875
0 0.36865234375 0.72802734375 0.0576171875 0.0419921875
0 0.0947265625 0.7333984375 0.095703125 0.091796875
0 0.6865234375 0.7294921875 0.06640625 0.056640625
0 0.310546875 0.88671875 0.0703125 0.05078125
0 0.38427734375 0.4267578125 0.1220703125 0.05859375
0 0.11181640625 0.3388671875 0.0517578125 0.046875
0 0.28173828125 0.6298828125 0.0537109375 0.134765625
0 0.50341796875 0.56298828125 0.1005859375 0.0517578125
0 0.8056640625 0.255859375 0.05859375 0.05859375
0 0.8759765625 0.97314453125 0.0546875 0.0517578125
0 0.63818359375 0.4423828125 0.0439453125 0.05078125
0 0.07666015625 0.841796875 0.0458984375 0.138671875
0 0.671875 0.62109375 0.04296875 0.044921875
0 0.953125 0.28125 0.05078125 0.06640625
0 0.7880859375 0.86962890625 0.0390625 0.0439453125
0 0.38427734375 0.5166015625 0.0654296875 0.080078125
0 0.03369140625 0.671875 0.0673828125 0.060546875
0 0.82958984375 0.56787109375 0.0693359375 0.0966796875
0 0.369140625 0.6953125 0.0390625 0.02734375
0 0.1435546875 0.40185546875 0.0546875 0.0361328125
0 0.02001953125 0.81591796875 0.0400390625 0.0615234375
0 0.19091796875 0.42822265625 0.0595703125 0.0537109375
