0 0.36376953125 0.3232421875 0.0830078125 0.0625
0 0.40625 0.146484375 0.05078125 0.05078125
0 0.40087890625 0.83203125 0.0732421875 0.080078125
0 0.97119140625 0.6162109375 0.0556640625 0.060546875
0 0.4423828125 0.9755859375 0.091796875 0.048828125
0 0.1630859375 0.4658203125 0.08203125 0.09765625
0 0.27685546875 0.48681640625 0.1005859375 0.0712890625
0 0.4267578125 0.55908203125 0.12890625 0.0751953125
0 0.0302734375 0.36669921875 0.05859375 0.0537109375
0 0.23046875 0.62353515625 0.0859375 0.0771484375
0 0.4267578125 0.20654296875 0.125 0.0732421875
0 0.78955078125 0.8095703125 0.0751953125 0.0546875
0 0.134765625 0.18408203125 0.080078125 0.0830078125
0 0.79150390625 0.77197265625 0.0771484375 0.0439453125
