0 0.83837890625 0.912109375 0.1279296875 0.03515625
0 0.68212890625 0.724609375 0.0869140625 0.041015625
0 0.93115234375 0.43017578125 0.1376953125 0.0771484375
0 0.94970703125 0.79443359375 0.1005859375 0.0556640625
0 0.728515625 0.32568359375 0.083984375 0.0888671875
0 0.66943359375 0.1572265625 0.1396484375 0.064453125
0 0.83447265625 0.0546875 0.1689453125 0.107421875
0 0.71044921875 0.9248046875 0.1123046875 0.099609375
0 0.6884765625 0.04052734375 0.083984375 0.0810546875
0 0.82470703125 0.96044921875 0.0751953125 0.0654296875
0 0.826171875 0.51220703125 0.15234375 0.0595703125
0 0.759765625 0.5595703125 0.08984375 0.095703125
0 0.56884765625 0.70654296875 0.0537109375 0.0419921875
0 0.79833984375 0.3759765625 0.1572265625 0.072265625
0 0.69482421875 0.6083984375 0.0947265625 0.0625
0 0.923828125 0.138671875 0.15234375 0.044921875
0 0.533203125 0.5458984375 0.123046875 0.0625
0 0.96435546875 0.90576171875 0.0654296875 0.0517578125
0 0.57177734375 0.9521484375 0.1103515625 0.095703125
0 0.61083984375 0.48193359375 0.0927734375 0.0693359375
0 0.6591796875 0.3349609375 0.099609375 0.0703125
0 0.693359375 0.8193359375 0.171875 0.10546875
0 0.943359375 0.6494140625 0.10546875 0.0625
0 0.751953125 0.1748046875 0.189453125 0.134765625
0 0.888671875 0.7294921875 0.125 0.064453125
0 0.57373046875 0.66357421875 0.1767578125 0.0615234375
0 0.90087890625 0.86328125 0.1318359375 0.056640625
0 0.95166015625 0.2314453125 0.0966796875 0.0625
0 0.95166015625 0.47216796875 0.0966796875 0.0556640625
0 0.92138671875 0.697265625 0.1572265625 0.064453125
0 0.88330078125 0.9541015625 0.0927734375 0.05078125
0 0.45458984375 0.6455078125 0.1494140625 0.072265625
0 0.4267578125 0.86767578125 0.064453125 0.0419921875
0 0.0322265625 0.58203125 0.064453125 0.064453125
0 0.9375 0.33154296875 0.123046875 0.1123046875
0 0.9384765625 0.03369140625 0.123046875 0.0634765625
