0 0.77099609375 0.0693359375 0.0576171875 0.099609375
0 0.8134765625 0.1484375 0.099609375 0.1015625
0 0.6748046875 0.1748046875 0.068359375 0.080078125
0 0.93896484375 0.33935546875 0.1162109375 0.1005859375
0 0.63818359375 0.423828125 0.0751953125 0.078125
0 0.51611328125 0.3994140625 0.0693359375 0.109375
0 0.3671875 0.2734375 0.052734375 0.052734375
0 0.28125 0.26708984375 0.046875 0.0751953125
0 0.38232421875 0.22119140625 0.0771484375 0.0615234375
0 0.4306640625 0.18408203125 0.0625 0.0869140625
0 0.55419921875 0.5712890625 0.0615234375 0.064453125
0 0.64697265625 0.52001953125 0.0712890625 0.0595703125
0 0.92138671875 0.56494140625 0.0771484375 0.0634765625
0 0.81298828125 0.7060546875 0.0966796875 0.08203125
0 0.7578125 0.755859375 0.068359375 0.0703125
0 0.84521484375 0.767578125 0.0732421875 0.05078125
0 0.890625 0.77197265625 0.08984375 0.0712890625
0 0.76318359375 0.833984375 0.0654296875 0.068359375
0 0.69189453125 0.79736328125 0.0673828125 0.0439453125
0 0.70654296875 0.84326171875 0.0634765625 0.0576171875
0 0.7080078125 0.966796875 0.09765625 0.06640625
0 0.81005859375 0.9130859375 0.0771484375 0.052734375
0 0.9384765625 0.98046875 0.08984375 0.0390625
0 0.8740234375 0.9716796875 0.087890625 0.056640625
0 0.8076171875 0.96044921875 0.0625 0.0791015625
0 0.46142578125 0.98193359375 0.0322265625 0.0361328125
0 0.40234375 0.95849609375 0.080078125 0.0517578125
0 0.45556640625 0.86328125 0.0380859375 0.0546875
0 0.40185546875 0.873046875 0.0419921875 0.0546875
0 0.34814453125 0.89599609375 0.0634765625 0.0576171875
0 0.23486328125 0.9365234375 0.0673828125 0.06640625
0 0.158203125 0.93701171875 0.08984375 0.1201171875
0 0.1591796875 0.85302734375 0.044921875 0.1259765625
0 0.0771484375 0.88818359375 0.080078125 0.0751953125
0 0.21923828125 0.7861328125 0.0595703125 0.025390625
0 0.24755859375 0.75 0.0712890625 0.0625
0 0.3466796875 0.787109375 0.091796875 0.14453125
0 0.31103515625 0.7958984375 0.0595703125 0.05078125
0 0.4423828125 0.7802734375 0.08984375 0.078125
0 0.3837890625 0.75439453125 0.06640625 0.1259765625
0 0.3203125 0.69287109375 0.06640625 0.0576171875
0 0.296875 0.65185546875 0.056640625 0.0517578125
0 0.20849609375 0.66455078125 0.0712890625 0.0595703125
0 0.01318359375 0.689453125 0.0263671875 0.044921875
0 0.03564453125 0.64111328125 0.0576171875 0.0751953125
0 0.17724609375 0.55615234375 0.1572265625 0.0810546875
0 0.0703125 0.44921875 0.140625 0.078125
0 0.05517578125 0.28759765625 0.0849609375 0.0810546875
0 0.05517578125 0.177734375 0.1005859375 0.169921875
0 0.02734375 0.013671875 0.046875 0.02734375
0 0.4833984375 0.8876953125 0.056640625 0.072265625
0 0.68798828125 0.49609375 0.0498046875 0.068359375
0 0.93994140625 0.85546875 0.0888671875 0.072265625
0 0.0595703125 0.02587890625 0.056640625 0.0517578125
0 0.13330078125 0.005859375 0.0302734375 0.01171875
0 0.21484375 0.6025390625 0.078125 0.068359375
0 0.28271484375 0.60693359375 0.0693359375 0.0673828125
0 0.99072265625 0.96484375 0.0185546875 0.052734375
0 0.05029296875 0.04296875 0.0419921875 0.0546875
0 0.36279296875 0.759765625 0.0537109375 0.07421875
