0 0.31884765625 0.60009765625 0.0751953125 0.0537109375
0 0.87109375 0.099609375 0.04296875 0.046875
0 0.69677734375 0.87890625 0.0673828125 0.072265625
0 0.8232421875 0.71044921875 0.072265625 0.0849609375
0 0.3193359375 0.54248046875 0.0546875 0.0615234375
0 0.19580078125 0.361328125 0.0595703125 0.0625
0 0.232421875 0.17041015625 0.0390625 0.0556640625
0 0.33447265625 0.40576171875 0.0673828125 0.0517578125
0 0.8720703125 0.40478515625 0.04296875 0.0380859375
0 0.67919921875 0.02978515625 0.0673828125 0.0595703125
0 0.77197265625 0.6240234375 0.0673828125 0.056640625
0 0.87939453125 0.29736328125 0.0947265625 0.0947265625
0 0.08056640625 0.18212890625 0.0693359375 0.0849609375
0 0.63232421875 0.76611328125 0.0361328125 0.0634765625
0 0.86328125 0.55322265625 0.078125 0.0615234375
0 0.7724609375 0.05224609375 0.05859375 0.0478515625
0 0.7666015625 0.1142578125 0.048828125 0.03515625
0 0.75537109375 0.970703125 0.0712890625 0.056640625
0 0.11279296875 0.361328125 0.0322265625 0.046875
0 0.9794921875 0.173828125 0.041015625 0.068359375
0 0.33203125 0.037109375 0.064453125 0.0703125
0 0.91943359375 0.71923828125 0.0927734375 0.0908203125
0 0.17626953125 0.13818359375 0.0439453125 0.0537109375
