0 0.10791015625 0.38232421875 0.0830078125 0.1005859375
0 0.69091796875 0.42529296875 0.1044921875 0.0634765625
0 0.0703125 0.716796875 0.076171875 0.103515625
0 0.89892578125 0.60693359375 0.0849609375 0.0908203125
0 0.4765625 0.84912109375 0.060546875 0.0693359375
0 0.1142578125 0.16357421875 0.068359375 0.0634765625
0 0.40283203125 0.36279296875 0.0693359375 0.1044921875
0 0.33935546875 0.20263671875 0.1103515625 0.0947265625
0 0.7021484375 0.20654296875 0.06640625 0.0693359375
0 0.34521484375 0.68115234375 0.0986328125 0.0810546875
0 0.6103515625 0.95166015625 0.078125 0.0966796875
0 0.66357421875 0.03466796875 0.1025390625 0.0673828125
0 0.7890625 0.6376953125 0.1171875 0.0546875
0 0.49072265625 0.908203125 0.0751953125 0.0859375
0 0.55810546875 0.3984375 0.0927734375 0.11328125
0 0.75146484375 0.41552734375 0.0947265625 0.1220703125
0 0.71484375 0.33544921875 0.07421875 0.0791015625
0 0.453125 0.1240234375 0.078125 0.072265625
0 0.1298828125 0.9111328125 0.08203125 0.095703125
0 0.65380859375 0.66748046875 0.1298828125 0.0869140625
0 0.8525390625 0.78564453125 0.099609375 0.1103515625
0 0.80029296875 0.2587890625 0.1044921875 0.048828125
0 0.26220703125 0.71875 0.0673828125 0.095703125
0 0.76611328125 0.919921875 0.0654296875 0.087890625
0 0.48388671875 0.74560546875 0.0634765625 0.0830078125
0 0.15869140625 0.65087890625 0.0634765625 0.0869140625
0 0.85693359375 0.2958984375 0.0947265625 0.130859375
0 0.96484375 0.197265625 0.068359375 0.044921875
0 0.94677734375 0.74853515625 0.0634765625 0.0732421875
0 0.46142578125 0.2783203125 0.1142578125 0.060546875
0 0.71630859375 0.794921875 0.1044921875 0.08203125
0 0.1748046875 0.765625 0.064453125 0.0859375
0 0.30517578125 0.611328125 0.0732421875 0.060546875
0 0.064453125 0.2783203125 0.0703125 0.078125
0 0.0625 0.9677734375 0.0703125 0.064453125
