0 0.294921875 0.173828125 0.07421875 0.05859375
0 0.330078125 0.21142578125 0.037109375 0.0380859375
0 0.091796875 0.01806640625 0.08203125 0.0361328125
0 0.96142578125 0.82080078125 0.0771484375 0.1103515625
0 0.25390625 0.09130859375 0.06640625 0.0927734375
0 0.32958984375 0.25244140625 0.0615234375 0.0615234375
0 0.4677734375 0.94873046875 0.0703125 0.0986328125
0 0.93359375 0.6259765625 0.125 0.130859375
0 0.037109375 0.22021484375 0.07421875 0.1025390625
0 0.26513671875 0.50244140625 0.0927734375 0.0947265625
0 0.47607421875 0.6171875 0.0869140625 0.068359375
0 0.7333984375 0.33203125 0.046875 0.0625
0 0.7822265625 0.49755859375 0.07421875 0.1083984375
0 0.70458984375 0.205078125 0.0576171875 0.060546875
0 0.5771484375 0.2109375 0.09765625 0.08984375
0 0.7880859375 0.31982421875 0.0859375 0.1005859375
0 0.68017578125 0.4521484375 0.1845703125 0.056640625
0 0.03369140625 0.60302734375 0.0673828125 0.1083984375
0 0.494140625 0.53857421875 0.064453125 0.0771484375
0 0.3955078125 0.56396484375 0.1640625 0.0654296875
0 0.09326171875 0.54248046875 0.0791015625 0.0498046875
0 0.02783203125 0.70751953125 0.0556640625 0.0693359375
0 0.0673828125 0.23779296875 0.08984375 0.1748046875
0 0.029296875 0.16357421875 0.0546875 0.0556640625
0 0.7119140625 0.966796875 0.068359375 0.06640625
0 0.87451171875 0.92138671875 0.0791015625 0.1552734375
0 0.6591796875 0.96044921875 0.126953125 0.0654296875
0 0.884765625 0.25244140625 0.052734375 0.0634765625
0 0.6640625 0.8203125 0.154296875 0.16015625
0 0.0830078125 0.06689453125 0.125 0.0634765625
0 0.06591796875 0.8857421875 0.1318359375 0.08203125
0 0.44580078125 0.138671875 0.0673828125 0.046875
0 0.96337890625 0.15087890625 0.0673828125 0.0712890625
0 0.865234375 0.2978515625 0.072265625 0.068359375
0 0.9296875 0.533203125 0.111328125 0.0546875
0 0.47607421875 0.0322265625 0.0966796875 0.064453125
0 0.1171875 0.2880859375 0.0625 0.083984375
0 0.94677734375 0.58642578125 0.0732421875 0.0732421875
0 0.2626953125 0.25927734375 0.083984375 0.0537109375
0 0.73583984375 0.6455078125 0.0966796875 0.06640625
0 0.44873046875 0.0859375 0.1396484375 0.095703125
0 0.37451171875 0.3154296875 0.0927734375 0.05078125
0 0.900390625 0.7021484375 0.13671875 0.169921875
0 0.83056640625 0.19677734375 0.0966796875 0.0732421875
0 0.703125 0.14892578125 0.052734375 0.0634765625
0 0.2958984375 0.228515625 0.078125 0.05859375
0 0.92431640625 0.1064453125 0.0654296875 0.095703125
0 0.525390625 0.7548828125 0.0546875 0.103515625
0 0.88134765625 0.4990234375 0.0908203125 0.041015625
0 0.1015625 0.59228515625 0.095703125 0.0693359375
0 0.1064453125 0.35302734375 0.0703125 0.0654296875
0 0.37548828125 0.361328125 0.1552734375 0.06640625
0 0.6875 0.5146484375 0.0625 0.09375
