0 0.68603515625 0.03759765625 0.0537109375 0.0654296875
0 0.96142578125 0.5859375 0.0693359375 0.09375
0 0.96630859375 0.31396484375 0.0673828125 0.0849609375
0 0.5712890625 0.4912109375 0.0703125 0.072265625
0 0.13671875 0.29345703125 0.068359375 0.0458984375
0 0.16015625 0.58056640625 0.10546875 0.0693359375
0 0.52783203125 0.34619140625 0.0712890625 0.0751953125
0 0.765625 0.06005859375 0.0859375 0.0869140625
0 0.03271484375 0.80029296875 0.0654296875 0.0673828125
0 0.07421875 0.703125 0.083984375 0.0703125
0 0.24755859375 0.61669921875 0.0810546875 0.0654296875
0 0.49169921875 0.7197265625 0.0849609375 0.08203125
0 0.8564453125 0.20263671875 0.060546875 0.0634765625
0 0.25 0.1044921875 0.048828125 0.123046875
0 0.93310546875 0.95556640625 0.1123046875 0.0888671875
0 0.658203125 0.66357421875 0.09375 0.0830078125
0 0.86181640625 0.6396484375 0.1123046875 0.099609375
0 0.11572265625 0.64208984375 0.0986328125 0.0751953125
0 0.4111328125 0.31103515625 0.126953125 0.0732421875
0 0.40966796875 0.22509765625 0.0830078125 0.0869140625
0 0.73583984375 0.498046875 0.0712890625 0.09765625
0 0.0380859375 0.91357421875 0.076171875 0.0634765625
0 0.4296875 0.91455078125 0.09375 0.0458984375
0 0.099609375 0.23291015625 0.072265625 0.0751953125
0 0.3076171875 0.63232421875 0.087890625 0.0556640625
0 0.39599609375 0.54736328125 0.0654296875 0.0810546875
0 0.31884765625 0.07568359375 0.0771484375 0.0830078125
0 0.5439453125 0.7998046875 0.111328125 0.072265625
0 0.61962890625 0.05810546875 0.1025390625 0.1025390625
0 0.44384765625 0.966796875 0.0849609375 0.06640625
0 0.42236328125 0.083984375 0.0732421875 0.068359375
0 0.25732421875 0.8583984375 0.0810546875 0.064453125
0 0.966796875 0.66748046875 0.06640625 0.0595703125
0 0.09716796875 0.8330078125 0.1298828125 0.072265625
0 0.2490234375 0.24072265625 0.13671875 0.0908203125
0 0.16455078125 0.11669921875 0.0888671875 0.0693359375
0 0.455078125 0.52587890625 0.060546875 0.0595703125
0 0.92919921875 0.75048828125 0.1044921875 0.0732421875
0 0.81103515625 0.56298828125 0.0673828125 0.0732421875
0 0.0380859375 0.5546875 0.076171875 0.0546875
0 0.7880859375 0.31201171875 0.0546875 0.0634765625
0 0.11669921875 0.162109375 0.0888671875 0.0625
0 0.02734375 0.24072265625 0.0546875 0.0615234375
0 0.7294921875 0.9052734375 0.07421875 0.123046875
0 0.73876953125 0.65869140625 0.0517578125 0.0771484375
0 0.515625 0.25244140625 0.08984375 0.0634765625
0 0.3056640625 0.3896484375 0.05859375 0.048828125
0 0.8310546875 0.91455078125 0.08203125 0.0693359375
0 0.7607421875 0.78955078125 0.087890625 0.0556640625
0 0.52880859375 0.16796875 0.0634765625 0.072265625
0 0.24853515625 0.3583984375 0.0654296875 0.04296875
0 0.6611328125 0.30908203125 0.068359375 0.0693359375
0 0.96533203125 0.42822265625 0.0693359375 0.0615234375
0 0.97119140625 0.42919921875 0.0556640625 0.0380859375
0 0.87158203125 0.0771484375 0.0732421875 0.1015625
0 0.11962890625 0.39697265625 0.0830078125 0.0869140625
