0 0.73193359375 0.68212890625 0.0517578125 0.0341796875
0 0.02099609375 0.03662109375 0.0419921875 0.0498046875
0 0.96875 0.912109375 0.0625 0.0703125
0 0.07666015625 0.52685546875 0.0869140625 0.0693359375
0 0.94775390625 0.73291015625 0.1025390625 0.0771484375
0 0.05859375 0.97265625 0.072265625 0.05078125
0 0.947265625 0.26611328125 0.05859375 0.0302734375
0 0.02001953125 0.58740234375 0.0400390625 0.0419921875
0 0.08642578125 0.7666015625 0.0927734375 0.091796875
0 0.9638671875 0.60205078125 0.0703125 0.0458984375
0 0.10888671875 0.474609375 0.1083984375 0.04296875
0 0.13232421875 0.560546875 0.0771484375 0.072265625
0 0.04443359375 0.287109375 0.0654296875 0.119140625
0 0.10986328125 0.55029296875 0.0595703125 0.0615234375
0 0.01708984375 0.7275390625 0.0341796875 0.078125
0 0.0302734375 0.91455078125 0.060546875 0.0537109375
0 0.029296875 0.82666015625 0.05859375 0.0517578125
0 0.14892578125 0.48486328125 0.0908203125 0.0419921875
0 0.03564453125 0.61474609375 0.0712890625 0.0712890625
