0 0.6083984375 0.9794921875 0.087890625 0.041015625
0 0.5390625 0.72900390625 0.099609375 0.1259765625
0 0.748046875 0.88427734375 0.142578125 0.0927734375
0 0.439453125 0.91650390625 0.1328125 0.1025390625
0 0.31298828125 0.76611328125 0.0634765625 0.0419921875
0 0.6025390625 0.373046875 0.08984375 0.07421875
0 0.55029296875 0.423828125 0.0986328125 0.05859375
0 0.66796875 0.564453125 0.12890625 0.18359375
0 0.77587890625 0.93798828125 0.1767578125 0.1044921875
0 0.5615234375 0.67919921875 0.125 0.0634765625
0 0.77880859375 0.6201171875 0.1689453125 0.103515625
0 0.4873046875 0.3486328125 0.083984375 0.095703125
0 0.60595703125 0.85498046875 0.1005859375 0.0927734375
0 0.71240234375 0.3486328125 0.1201171875 0.099609375
0 0.80859375 0.29541015625 0.130859375 0.1201171875
