0 0.5625 0.97119140625 0.06640625 0.0556640625
0 0.88134765625 0.52099609375 0.0556640625 0.0634765625
0 0.81005859375 0.02685546875 0.0419921875 0.0537109375
0 0.5947265625 0.14306640625 0.048828125 0.1005859375
0 0.83837890625 0.794921875 0.0693359375 0.05859375
0 0.7822265625 0.81689453125 0.037109375 0.0439453125
0 0.96142578125 0.05029296875 0.0771484375 0.0947265625
0 0.34765625 0.15380859375 0.083984375 0.1240234375
0 0.69189453125 0.5595703125 0.0556640625 0.078125
0 0.8798828125 0.7109375 0.05859375 0.076171875
0 0.65771484375 0.9462890625 0.0517578125 0.064453125
0 0.6416015625 0.8330078125 0.048828125 0.0703125
0 0.58349609375 0.845703125 0.0517578125 0.0546875
0 0.4599609375 0.83154296875 0.103515625 0.0849609375
0 0.6005859375 0.43212890625 0.08203125 0.1201171875
0 0.4541015625 0.525390625 0.06640625 0.078125
0 0.93701171875 0.8525390625 0.0673828125 0.083984375
0 0.951171875 0.36572265625 0.09765625 0.0771484375
0 0.56201171875 0.0419921875 0.0498046875 0.080078125
0 0.5068359375 0.125 0.037109375 0.111328125
0 0.966796875 0.91162109375 0.06640625 0.0595703125
0 0.50732421875 0.02880859375 0.0439453125 0.0576171875
0 0.83056640625 0.50244140625 0.0380859375 0.0673828125
0 0.5263671875 0.484375 0.03515625 0.080078125
0 0.73486328125 0.07568359375 0.0654296875 0.1298828125
0 0.5341796875 0.4423828125 0.05078125 0.10546875
0 0.59375 0.62109375 0.060546875 0.09375
0 0.70166015625 0.833984375 0.0458984375 0.09765625
0 0.85205078125 0.3935546875 0.0693359375 0.1171875
0 0.7099609375 0.734375 0.056640625 0.0546875
0 0.69677734375 0.21923828125 0.0869140625 0.1494140625
0 0.70849609375 0.45751953125 0.0517578125 0.0673828125
0 0.802734375 0.59912109375 0.060546875 0.0751953125
0 0.66943359375 0.03271484375 0.0322265625 0.0615234375
