0 0.7548828125 0.0673828125 0.083984375 0.056640625
0 0.9814453125 0.0498046875 0.037109375 0.056640625
0 0.7568359375 0.34375 0.123046875 0.08203125
0 0.681640625 0.4775390625 0.2109375 0.142578125
0 0.9033203125 0.3837890625 0.154296875 0.087890625
0 0.4375 0.2548828125 0.10546875 0.072265625
0 0.2724609375 0.0400390625 0.072265625 0.052734375
0 0.0859375 0.0498046875 0.171875 0.076171875
0 0.1650390625 0.015625 0.091796875 0.03125
0 0.0517578125 0.1279296875 0.103515625 0.072265625
0 0.0712890625 0.244140625 0.142578125 0.08203125
0 0.2705078125 0.380859375 0.064453125 0.1171875
0 0.4775390625 0.384765625 0.060546875 0.0859375
0 0.5205078125 0.4775390625 0.076171875 0.103515625
0 0.1923828125 0.5224609375 0.099609375 0.162109375
0 0.2529296875 0.5546875 0.083984375 0.125
0 0.591796875 0.6298828125 0.08984375 0.142578125
0 0.7216796875 0.5830078125 0.099609375 0.119140625
0 0.8095703125 0.623046875 0.130859375 0.11328125
0 0.0849609375 0.6123046875 0.115234375 0.083984375
0 0.4560546875 0.8154296875 0.138671875 0.052734375
0 0.8291015625 0.8798828125 0.056640625 0.095703125
0 0.4052734375 0.9482421875 0.119140625 0.103515625
0 0.3134765625 0.810546875 0.072265625 0.14453125
0 0.2373046875 0.8544921875 0.111328125 0.177734375
0 0.1826171875 0.7470703125 0.162109375 0.142578125
0 0.0439453125 0.75 0.072265625 0.15234375
0 0.0888671875 0.958984375 0.107421875 0.08203125
0 0.55859375 0.9833984375 0.05078125 0.033203125
0 0.6259765625 0.9833984375 0.048828125 0.033203125
0 0.88671875 0.982421875 0.05859375 0.03515625
0 0.234375 0.642578125 0.0859375 0.11328125
0 0.7255859375 0.41015625 0.103515625 0.08203125
0 0.79296875 0.166015625 0.234375 0.1015625
