0 0.72705078125 0.048828125 0.0634765625 0.09765625
0 0.4267578125 0.29638671875 0.0859375 0.0634765625
0 0.60546875 0.66357421875 0.080078125 0.0498046875
0 0.55810546875 0.20703125 0.0673828125 0.05859375
0 0.03466796875 0.9814453125 0.0693359375 0.037109375
0 0.63671875 0.55908203125 0.060546875 0.0439453125
0 0.89453125 0.63671875 0.060546875 0.0703125
0 0.01953125 0.79833984375 0.0390625 0.0595703125
0 0.8291015625 0.1484375 0.0625 0.07421875
0 0.3310546875 0.49609375 0.1171875 0.07421875
0 0.6240234375 0.90771484375 0.072265625 0.0595703125
0 0.2509765625 0.2900390625 0.05859375 0.078125
0 0.7939453125 0.6201171875 0.05859375 0.056640625
0 0.2763671875 0.97265625 0.080078125 0.041015625
0 0.42578125 0.57470703125 0.095703125 0.0458984375
0 0.0849609375 0.27734375 0.03515625 0.033203125
0 0.92041015625 0.06494140625 0.0537109375 0.0869140625
0 0.4892578125 0.662109375 0.080078125 0.0546875
0 0.12646484375 0.451171875 0.0654296875 0.048828125
0 0.7353515625 0.5234375 0.048828125 0.060546875
0 0.486328125 0.466796875 0.048828125 0.048828125
0 0.81103515625 0.05615234375 0.0751953125 0.1123046875
0 0.2060546875 0.619140625 0.078125 0.06640625
0 0.67138671875 0.42529296875 0.0498046875 0.0556640625
0 0.30859375 0.5849609375 0.080078125 0.0703125
0 0.4228515625 0.4150390625 0.0859375 0.115234375
0 0.61376953125 0.76611328125 0.0732421875 0.0576171875
0 0.1396484375 0.5869140625 0.07421875 0.09765625
0 0.0966796875 0.74169921875 0.0703125 0.0556640625
0 0.74658203125 0.9111328125 0.0478515625 0.0625
0 0.10791015625 0.48828125 0.0478515625 0.06640625
0 0.0185546875 0.5712890625 0.03515625 0.05859375
0 0.5361328125 0.11328125 0.078125 0.064453125
0 0.8408203125 0.90673828125 0.0625 0.0673828125
0 0.7509765625 0.70458984375 0.044921875 0.0615234375
0 0.396484375 0.9033203125 0.05078125 0.046875
0 0.38671875 0.025390625 0.076171875 0.05078125
0 0.7490234375 0.1650390625 0.0703125 0.05859375
0 0.4873046875 0.599609375 0.041015625 0.0546875
0 0.19189453125 0.9248046875 0.0771484375 0.056640625
0 0.1533203125 0.9775390625 0.087890625 0.044921875
0 0.33349609375 0.43115234375 0.0751953125 0.0654296875
0 0.19580078125 0.341796875 0.0888671875 0.078125
0 0.1005859375 0.923828125 0.087890625 0.05859375
0 0.98095703125 0.07470703125 0.0380859375 0.0537109375
0 0.49267578125 0.75390625 0.0712890625 0.056640625
0 0.103515625 0.85546875 0.068359375 0.046875
0 0.7373046875 0.6123046875 0.072265625 0.072265625
0 0.51220703125 0.3896484375 0.0595703125 0.064453125
0 0.55810546875 0.73681640625 0.0517578125 0.0673828125
0 0.66650390625 0.37353515625 0.0615234375 0.0400390625
0 0.82373046875 0.44677734375 0.0439453125 0.0556640625
0 0.9208984375 0.98095703125 0.0390625 0.0361328125
0 0.65283203125 0.32666015625 0.0498046875 0.0478515625
0 0.77587890625 0.53271484375 0.0478515625 0.0498046875
0 0.6171875 0.396484375 0.05078125 0.046875
0 0.22607421875 0.435546875 0.0947265625 0.05078125
0 0.20703125 0.6650390625 0.09375 0.0625
0 0.0546875 0.52490234375 0.109375 0.0498046875
0 0.29052734375 0.6669921875 0.0615234375 0.056640625
0 0.056640625 0.07080078125 0.107421875 0.0732421875
0 0.60595703125 0.45166015625 0.0576171875 0.0595703125
0 0.34130859375 0.80859375 0.0673828125 0.080078125
0 0.89208984375 0.55322265625 0.0556640625 0.0556640625
0 0.95263671875 0.64697265625 0.0576171875 0.0693359375
