0 0.68310546875 0.42431640625 0.0419921875 0.0439453125
0 0.79931640625 0.93408203125 0.0888671875 0.0498046875
0 0.87255859375 0.98779296875 0.0830078125 0.0244140625
0 0.0751953125 0.65869140625 0.091796875 0.0634765625
0 0.5771484375 0.36572265625 0.150390625 0.0615234375
0 0.35595703125 0.8681640625 0.1494140625 0.171875
0 0.1259765625 0.7978515625 0.107421875 0.05859375
0 0.24462890625 0.59228515625 0.1142578125 0.0537109375
0 0.67578125 0.8818359375 0.12890625 0.080078125
0 0.611328125 0.431640625 0.126953125 0.080078125
0 0.6572265625 0.22216796875 0.125 0.0654296875
0 0.25244140625 0.84228515625 0.1220703125 0.0634765625
0 0.40869140625 0.3994140625 0.1826171875 0.060546875
0 0.28955078125 0.04443359375 0.1181640625 0.0419921875
0 0.6396484375 0.283203125 0.125 0.052734375
0 0.36279296875 0.9638671875 0.1005859375 0.0703125
0 0.4267578125 0.04541015625 0.078125 0.0517578125
0 0.32080078125 0.11376953125 0.1435546875 0.1376953125
0 0.87939453125 0.38720703125 0.1650390625 0.0751953125
0 0.53125 0.203125 0.169921875 0.064453125
0 0.52197265625 0.302734375 0.1259765625 0.080078125
0 0.6796875 0.525390625 0.1171875 0.064453125
0 0.39990234375 0.3037109375 0.1572265625 0.07421875
0 0.9375 0.9658203125 0.068359375 0.068359375
0 0.44287109375 0.14794921875 0.1201171875 0.0771484375
0 0.36279296875 0.24462890625 0.1416015625 0.0654296875
0 0.02783203125 0.16162109375 0.0556640625 0.1064453125
0 0.97021484375 0.5810546875 0.0595703125 0.05859375
0 0.02880859375 0.93505859375 0.0576171875 0.0595703125
0 0.05322265625 0.01513671875 0.0908203125 0.0302734375
0 0.103515625 0.5107421875 0.0625 0.056640625
0 0.416015625 0.97314453125 0.056640625 0.0517578125
0 0.32177734375 0.01513671875 0.0947265625 0.0302734375
0 0.56982421875 0.09521484375 0.1435546875 0.0654296875
0 0.33056640625 0.48046875 0.1318359375 0.056640625
0 0.0654296875 0.287109375 0.068359375 0.107421875
0 0.8115234375 0.14892578125 0.13671875 0.1318359375
0 0.96533203125 0.08154296875 0.0673828125 0.0654296875
0 0.5546875 0.97900390625 0.12109375 0.0400390625
0 0.57763671875 0.93701171875 0.1162109375 0.0634765625
0 0.02099609375 0.384765625 0.0419921875 0.0625
0 0.03662109375 0.21240234375 0.0732421875 0.0576171875
0 0.7138671875 0.11279296875 0.19921875 0.0693359375
0 0.87158203125 0.93603515625 0.1220703125 0.0966796875
0 0.85791015625 0.70458984375 0.1806640625 0.0654296875
0 0.31884765625 0.4599609375 0.0947265625 0.04296875
0 0.1787109375 0.71875 0.177734375 0.064453125
0 0.59033203125 0.1494140625 0.1650390625 0.076171875
0 0.78955078125 0.57275390625 0.1142578125 0.0537109375
