0 0.880859375 0.087890625 0.09375 0.17578125
0 0.791015625 0.080078125 0.3671875 0.080078125
0 0.650390625 0.0302734375 0.087890625 0.060546875
0 0.6025390625 0.2216796875 0.126953125 0.251953125
0 0.59375 0.306640625 0.24609375 0.11328125
0 0.40771484375 0.3720703125 0.1337890625 0.2109375
0 0.52685546875 0.14892578125 0.1845703125 0.2978515625
0 0.1767578125 0.1630859375 0.345703125 0.044921875
0 0.3515625 0.041015625 0.26953125 0.08203125
0 0.40576171875 0.0771484375 0.1845703125 0.154296875
0 0.3203125 0.10009765625 0.1640625 0.0947265625
0 0.3134765625 0.24365234375 0.205078125 0.3447265625
0 0.3173828125 0.359375 0.0703125 0.177734375
0 0.328125 0.4453125 0.08984375 0.1640625
0 0.19580078125 0.3359375 0.2861328125 0.25
0 0.17724609375 0.01416015625 0.0400390625 0.0283203125
0 0.05126953125 0.0498046875 0.1025390625 0.099609375
0 0.0595703125 0.35888671875 0.119140625 0.0595703125
0 0.1513671875 0.576171875 0.150390625 0.080078125
0 0.1650390625 0.5615234375 0.138671875 0.244140625
0 0.466796875 0.4716796875 0.189453125 0.291015625
0 0.56396484375 0.5576171875 0.0478515625 0.13671875
0 0.52880859375 0.48046875 0.2275390625 0.349609375
0 0.6865234375 0.3564453125 0.123046875 0.150390625
0 0.990234375 0.18603515625 0.017578125 0.0126953125
0 0.951171875 0.2529296875 0.095703125 0.13671875
0 0.91015625 0.47509765625 0.177734375 0.1650390625
0 0.84033203125 0.59375 0.1064453125 0.1171875
0 0.79541015625 0.66455078125 0.3095703125 0.1064453125
0 0.857421875 0.7509765625 0.267578125 0.072265625
0 0.72705078125 0.861328125 0.1533203125 0.046875
0 0.7548828125 0.830078125 0.134765625 0.09765625
0 0.83056640625 0.873046875 0.0439453125 0.181640625
0 0.82421875 0.95947265625 0.12109375 0.0791015625
0 0.8935546875 0.943359375 0.087890625 0.08203125
0 0.93359375 0.986328125 0.1328125 0.02734375
0 0.68603515625 0.9453125 0.0400390625 0.109375
0 0.572265625 0.96875 0.08984375 0.060546875
0 0.98046875 0.6435546875 0.037109375 0.169921875
0 0.6171875 0.6123046875 0.26171875 0.29296875
0 0.318359375 0.767578125 0.11328125 0.236328125
0 0.74462890625 0.97265625 0.0478515625 0.052734375
0 0.54150390625 0.875 0.3251953125 0.248046875
0 0.3837890625 0.984375 0.0625 0.029296875
0 0.43212890625 0.98486328125 0.0283203125 0.0283203125
0 0.1435546875 0.9453125 0.287109375 0.107421875
0 0.06103515625 0.96533203125 0.0439453125 0.0673828125
0 0.037109375 0.78759765625 0.0703125 0.3173828125
0 0.7548828125 0.2236328125 0.09375 0.123046875
0 0.947265625 0.78759765625 0.10546875 0.0361328125
0 0.94189453125 0.962890625 0.0478515625 0.041015625
0 0.12353515625 0.1416015625 0.1025390625 0.029296875
0 0.0166015625 0.439453125 0.033203125 0.02734375
