0 0.35888671875 0.79052734375 0.0419921875 0.0419921875
0 0.244140625 0.55419921875 0.0546875 0.0830078125
0 0.7314453125 0.3330078125 0.048828125 0.044921875
0 0.9248046875 0.2685546875 0.083984375 0.05859375
0 0.0517578125 0.61376953125 0.068359375 0.0400390625
0 0.2861328125 0.2412109375 0.044921875 0.072265625
0 0.591796875 0.95556640625 0.068359375 0.0712890625
0 0.46533203125 0.287109375 0.0693359375 0.064453125
0 0.32861328125 0.5732421875 0.0810546875 0.072265625
0 0.84033203125 0.97314453125 0.0615234375 0.0537109375
0 0.78369140625 0.2470703125 0.0458984375 0.0625
0 0.41796875 0.296875 0.052734375 0.04296875
0 0.4111328125 0.591796875 0.048828125 0.0390625
0 0.8359375 0.47412109375 0.080078125 0.1044921875
0 0.2470703125 0.72705078125 0.1171875 0.0556640625
0 0.1162109375 0.69287109375 0.109375 0.0478515625
0 0.81982421875 0.13037109375 0.0634765625 0.0966796875
0 0.630859375 0.28125 0.111328125 0.05859375
0 0.31494140625 0.67431640625 0.0615234375 0.0673828125
0 0.92138671875 0.59716796875 0.0654296875 0.0869140625
0 0.20068359375 0.20068359375 0.0595703125 0.0556640625
0 0.08935546875 0.50634765625 0.0615234375 0.0849609375
0 0.46875 0.068359375 0.048828125 0.078125
0 0.15771484375 0.34033203125 0.0673828125 0.0439453125
0 0.798828125 0.5537109375 0.07421875 0.115234375
0 0.59814453125 0.3798828125 0.0732421875 0.05859375
0 0.583984375 0.65625 0.0625 0.060546875
0 0.98095703125 0.15869140625 0.0380859375 0.0927734375
0 0.0302734375 0.85009765625 0.060546875 0.1162109375
0 0.97998046875 0.50732421875 0.0400390625 0.1142578125
0 0.49853515625 0.23486328125 0.0537109375 0.0673828125
0 0.2724609375 0.64208984375 0.06640625 0.0791015625
0 0.3935546875 0.97412109375 0.060546875 0.0517578125
0 0.1494140625 0.0849609375 0.091796875 0.08984375
0 0.68017578125 0.0283203125 0.0751953125 0.056640625
0 0.9130859375 0.21630859375 0.068359375 0.0751953125
0 0.11962890625 0.6015625 0.0576171875 0.072265625
0 0.546875 0.22998046875 0.0546875 0.0634765625
0 0.58837890625 0.1337890625 0.0595703125 0.064453125
0 0.2119140625 0.0615234375 0.12109375 0.087890625
0 0.087890625 0.1630859375 0.05078125 0.1015625
0 0.361328125 0.49267578125 0.091796875 0.0732421875
0 0.634765625 0.97509765625 0.083984375 0.0498046875
0 0.96240234375 0.6552734375 0.0732421875 0.138671875
0 0.30126953125 0.98486328125 0.0361328125 0.0302734375
0 0.08251953125 0.240234375 0.0693359375 0.064453125
0 0.61376953125 0.2080078125 0.0732421875 0.05859375
0 0.38232421875 0.7685546875 0.0517578125 0.0546875
0 0.330078125 0.31982421875 0.0546875 0.0615234375
0 0.16162109375 0.43994140625 0.0830078125 0.1142578125
0 0.1572265625 0.53564453125 0.0546875 0.0732421875
0 0.0849609375 0.93017578125 0.076171875 0.1396484375
0 0.95166015625 0.36279296875 0.0947265625 0.1201171875
0 0.46533203125 0.775390625 0.1513671875 0.1015625
0 0.8642578125 0.6875 0.078125 0.09375
