0 0.23681640625 0.02978515625 0.0947265625 0.0595703125
0 0.38623046875 0.29248046875 0.0869140625 0.1318359375
0 0.3837890625 0.23876953125 0.10546875 0.1396484375
0 0.240234375 0.31005859375 0.056640625 0.0615234375
0 0.10009765625 0.28857421875 0.1455078125 0.0751953125
0 0.0322265625 0.2529296875 0.05859375 0.0703125
0 0.0234375 0.35107421875 0.046875 0.0849609375
0 0.0361328125 0.4697265625 0.064453125 0.07421875
0 0.4443359375 0.42724609375 0.09375 0.1025390625
0 0.392578125 0.4736328125 0.052734375 0.048828125
0 0.3125 0.5185546875 0.1015625 0.1171875
0 0.47509765625 0.74951171875 0.0849609375 0.1826171875
0 0.4140625 0.78857421875 0.05859375 0.1728515625
0 0.43310546875 0.63623046875 0.0537109375 0.1123046875
0 0.3828125 0.615234375 0.08203125 0.0703125
0 0.4423828125 0.97802734375 0.05859375 0.0439453125
0 0.39111328125 0.931640625 0.0615234375 0.13671875
0 0.353515625 0.85107421875 0.05859375 0.0595703125
0 0.28125 0.876953125 0.0703125 0.076171875
0 0.1162109375 0.8642578125 0.0625 0.06640625
0 0.02587890625 0.81494140625 0.0517578125 0.0654296875
0 0.26904296875 0.96142578125 0.1083984375 0.0595703125
0 0.33642578125 0.91845703125 0.0810546875 0.0791015625
0 0.333984375 0.9814453125 0.06640625 0.037109375
0 0.69873046875 0.8720703125 0.0400390625 0.029296875
0 0.91015625 0.93408203125 0.056640625 0.0537109375
0 0.7900390625 0.7666015625 0.0546875 0.0546875
0 0.76416015625 0.5888671875 0.0498046875 0.060546875
0 0.87109375 0.75048828125 0.111328125 0.0927734375
0 0.970703125 0.705078125 0.05859375 0.09375
0 0.8984375 0.6142578125 0.099609375 0.0703125
0 0.91064453125 0.54248046875 0.0732421875 0.0693359375
0 0.83203125 0.478515625 0.0703125 0.0703125
0 0.83349609375 0.140625 0.0576171875 0.076171875
0 0.85302734375 0.2421875 0.0673828125 0.080078125
0 0.90234375 0.16259765625 0.072265625 0.1279296875
0 0.86572265625 0.376953125 0.0537109375 0.083984375
0 0.9599609375 0.189453125 0.080078125 0.080078125
0 0.65966796875 0.0537109375 0.0439453125 0.037109375
0 0.580078125 0.01513671875 0.0703125 0.0302734375
0 0.4677734375 0.0087890625 0.05859375 0.017578125
0 0.849609375 0.703125 0.05078125 0.056640625
0 0.97509765625 0.99462890625 0.0322265625 0.0107421875
0 0.89697265625 0.99267578125 0.0712890625 0.0146484375
0 0.2509765625 0.99072265625 0.037109375 0.0185546875
0 0.0107421875 0.8916015625 0.021484375 0.0546875
0 0.38720703125 0.76806640625 0.0341796875 0.0498046875
0 0.46240234375 0.5751953125 0.0458984375 0.05078125
0 0.93505859375 0.294921875 0.0849609375 0.087890625
0 0.93408203125 0.2578125 0.0927734375 0.068359375
0 0.37255859375 0.74072265625 0.0302734375 0.0263671875
0 0.89306640625 0.33642578125 0.0595703125 0.0615234375
