0 0.04296875 0.48681640625 0.0859375 0.1064453125
0 0.7236328125 0.927734375 0.130859375 0.060546875
0 0.1611328125 0.517578125 0.115234375 0.0703125
0 0.0234375 0.7333984375 0.046875 0.169921875
0 0.4560546875 0.2919921875 0.12109375 0.10546875
0 0.77734375 0.607421875 0.109375 0.07421875
0 0.85791015625 0.828125 0.0966796875 0.048828125
0 0.92431640625 0.412109375 0.1064453125 0.052734375
0 0.24658203125 0.98193359375 0.0634765625 0.0302734375
0 0.28662109375 0.134765625 0.2197265625 0.130859375
0 0.17724609375 0.17919921875 0.1005859375 0.0634765625
0 0.60009765625 0.51708984375 0.0869140625 0.0712890625
0 0.9765625 0.49755859375 0.046875 0.0517578125
0 0.806640625 0.35693359375 0.12890625 0.1083984375
0 0.82763671875 0.0615234375 0.0849609375 0.109375
0 0.46533203125 0.9326171875 0.0693359375 0.1328125
0 0.08837890625 0.138671875 0.0615234375 0.10546875
0 0.23779296875 0.3154296875 0.1123046875 0.064453125
0 0.8779296875 0.716796875 0.111328125 0.076171875
0 0.87158203125 0.25927734375 0.1767578125 0.1474609375
0 0.2568359375 0.63037109375 0.060546875 0.0419921875
0 0.296875 0.8056640625 0.189453125 0.091796875
0 0.12109375 0.97509765625 0.078125 0.0439453125
0 0.02685546875 0.9501953125 0.0537109375 0.09375
0 0.67236328125 0.60205078125 0.0576171875 0.0400390625
0 0.95361328125 0.8876953125 0.0556640625 0.08203125
0 0.94580078125 0.18115234375 0.0908203125 0.0517578125
0 0.76220703125 0.49365234375 0.1142578125 0.0517578125
0 0.55615234375 0.0595703125 0.1005859375 0.0625
0 0.59716796875 0.42724609375 0.0869140625 0.0830078125
0 0.521484375 0.52587890625 0.109375 0.1162109375
0 0.10302734375 0.611328125 0.0595703125 0.087890625
0 0.2060546875 0.8916015625 0.099609375 0.048828125
