0 0.03515625 0.9462890625 0.068359375 0.107421875
0 0.9541015625 0.94384765625 0.083984375 0.0888671875
0 0.578125 0.02880859375 0.08203125 0.0576171875
0 0.66796875 0.9287109375 0.06640625 0.0703125
0 0.3466796875 0.966796875 0.072265625 0.06640625
0 0.142578125 0.3251953125 0.109375 0.056640625
0 0.6826171875 0.82568359375 0.072265625 0.0634765625
0 0.5732421875 0.41845703125 0.080078125 0.0673828125
0 0.04736328125 0.81201171875 0.0947265625 0.0673828125
0 0.81494140625 0.0634765625 0.0888671875 0.076171875
0 0.4541015625 0.7177734375 0.076171875 0.083984375
0 0.92578125 0.7568359375 0.08203125 0.076171875
0 0.79638671875 0.3271484375 0.0693359375 0.076171875
0 0.70849609375 0.974609375 0.0810546875 0.05078125
0 0.71533203125 0.87890625 0.0732421875 0.05078125
0 0.126953125 0.8037109375 0.0859375 0.12109375
0 0.22265625 0.9169921875 0.076171875 0.0703125
0 0.84326171875 0.9580078125 0.0693359375 0.083984375
0 0.775390625 0.70556640625 0.091796875 0.0927734375
0 0.53466796875 0.818359375 0.0771484375 0.068359375
0 0.802734375 0.48779296875 0.078125 0.0849609375
0 0.04541015625 0.234375 0.0888671875 0.07421875
0 0.8974609375 0.580078125 0.083984375 0.115234375
0 0.4833984375 0.36767578125 0.0546875 0.0791015625
0 0.80126953125 0.1708984375 0.1279296875 0.0859375
0 0.85693359375 0.2666015625 0.0380859375 0.064453125
0 0.28173828125 0.57275390625 0.0791015625 0.1025390625
0 0.216796875 0.033203125 0.0859375 0.06640625
0 0.5244140625 0.2177734375 0.095703125 0.111328125
0 0.5341796875 0.54833984375 0.09375 0.1142578125
0 0.14990234375 0.69970703125 0.0693359375 0.0732421875
0 0.44873046875 0.978515625 0.0712890625 0.04296875
0 0.517578125 0.95947265625 0.08984375 0.0791015625
0 0.8408203125 0.6884765625 0.056640625 0.091796875
