0 0.17041015625 0.0693359375 0.1923828125 0.138671875
0 0.36181640625 0.03125 0.1962890625 0.0625
0 0.35888671875 0.3310546875 0.1220703125 0.048828125
0 0.51708984375 0.2236328125 0.1650390625 0.126953125
0 0.099609375 0.46728515625 0.166015625 0.0751953125
0 0.017578125 0.46533203125 0.03515625 0.0986328125
0 0.0732421875 0.328125 0.146484375 0.1640625
0 0.09423828125 0.2900390625 0.1142578125 0.048828125
0 0.1201171875 0.2744140625 0.189453125 0.1328125
0 0.013671875 0.1806640625 0.02734375 0.140625
0 0.10546875 0.8330078125 0.0703125 0.203125
0 0.1455078125 0.92578125 0.052734375 0.1484375
0 0.0595703125 0.96728515625 0.119140625 0.0634765625
0 0.0361328125 0.7177734375 0.072265625 0.08203125
0 0.01806640625 0.8681640625 0.0361328125 0.076171875
0 0.36572265625 0.83447265625 0.2041015625 0.0673828125
0 0.3720703125 0.943359375 0.158203125 0.111328125
0 0.3046875 0.986328125 0.046875 0.02734375
0 0.60595703125 0.90625 0.1337890625 0.185546875
0 0.677734375 0.861328125 0.19140625 0.27734375
0 0.5654296875 0.7841796875 0.162109375 0.208984375
0 0.544921875 0.7001953125 0.05078125 0.091796875
0 0.724609375 0.771484375 0.322265625 0.095703125
0 0.763671875 0.8369140625 0.087890625 0.181640625
0 0.6806640625 0.69140625 0.041015625 0.068359375
0 0.615234375 0.63916015625 0.041015625 0.0830078125
0 0.5986328125 0.5361328125 0.103515625 0.2109375
0 0.7109375 0.4404296875 0.162109375 0.044921875
0 0.63525390625 0.37939453125 0.1845703125 0.0439453125
0 0.66796875 0.32421875 0.25390625 0.068359375
0 0.580078125 0.3525390625 0.041015625 0.0234375
0 0.783203125 0.14453125 0.072265625 0.091796875
0 0.8466796875 0.06884765625 0.07421875 0.1376953125
0 0.6904296875 0.12890625 0.16015625 0.2578125
0 0.7138671875 0.083984375 0.064453125 0.16796875
0 0.5556640625 0.0498046875 0.078125 0.099609375
0 0.9521484375 0.97900390625 0.03515625 0.0400390625
0 0.939453125 0.91796875 0.1171875 0.10546875
0 0.943359375 0.8408203125 0.111328125 0.083984375
0 0.85888671875 0.58349609375 0.2705078125 0.1962890625
0 0.955078125 0.5927734375 0.087890625 0.060546875
0 0.99462890625 0.0927734375 0.0087890625 0.05859375
0 0.70068359375 0.21484375 0.1103515625 0.091796875
0 0.63623046875 0.2509765625 0.0517578125 0.060546875
0 0.7919921875 0.69140625 0.111328125 0.08203125
0 0.76416015625 0.70556640625 0.1533203125 0.0986328125
0 0.6708984375 0.52880859375 0.05078125 0.0634765625
