0 0.07568359375 0.0380859375 0.0947265625 0.07421875
0 0.1328125 0.0068359375 0.03125 0.013671875
0 0.1455078125 0.060546875 0.078125 0.0859375
0 0.42724609375 0.1337890625 0.0361328125 0.052734375
0 0.36181640625 0.107421875 0.1201171875 0.060546875
0 0.423828125 0.0087890625 0.037109375 0.017578125
0 0.462890625 0.01953125 0.041015625 0.0390625
0 0.501953125 0.03271484375 0.0390625 0.0654296875
0 0.56787109375 0.02783203125 0.0400390625 0.0263671875
0 0.56689453125 0.0087890625 0.0419921875 0.017578125
0 0.77490234375 0.0126953125 0.0498046875 0.025390625
0 0.8173828125 0.0302734375 0.05859375 0.060546875
0 0.771484375 0.0751953125 0.056640625 0.095703125
0 0.7841796875 0.14404296875 0.046875 0.0498046875
0 0.8349609375 0.1435546875 0.048828125 0.078125
0 0.923828125 0.0341796875 0.05859375 0.068359375
0 0.97705078125 0.0693359375 0.0458984375 0.0625
0 0.9296875 0.1171875 0.064453125 0.091796875
0 0.875 0.22705078125 0.0625 0.0537109375
0 0.93115234375 0.34814453125 0.0498046875 0.0556640625
0 0.7890625 0.3046875 0.048828125 0.0703125
0 0.59326171875 0.2783203125 0.0361328125 0.0703125
0 0.5830078125 0.14501953125 0.0546875 0.0439453125
0 0.53173828125 0.177734375 0.0419921875 0.0546875
0 0.5537109375 0.22509765625 0.05859375 0.0361328125
0 0.578125 0.18603515625 0.046875 0.0400390625
0 0.49169921875 0.24365234375 0.0244140625 0.0322265625
0 0.453125 0.248046875 0.046875 0.0390625
0 0.53173828125 0.25634765625 0.0400390625 0.0341796875
0 0.4638671875 0.3046875 0.056640625 0.060546875
0 0.3779296875 0.30322265625 0.064453125 0.0478515625
0 0.28759765625 0.20361328125 0.0791015625 0.0849609375
0 0.18994140625 0.2099609375 0.0400390625 0.041015625
0 0.21337890625 0.193359375 0.0517578125 0.0390625
0 0.22412109375 0.26513671875 0.0380859375 0.0498046875
0 0.29248046875 0.33203125 0.0634765625 0.03125
0 0.14892578125 0.30517578125 0.0439453125 0.0966796875
0 0.17724609375 0.365234375 0.0283203125 0.044921875
0 0.06494140625 0.3544921875 0.0830078125 0.091796875
0 0.0947265625 0.3359375 0.064453125 0.103515625
0 0.1279296875 0.5078125 0.064453125 0.041015625
0 0.49951171875 0.42431640625 0.0322265625 0.0302734375
0 0.5283203125 0.4443359375 0.04296875 0.041015625
0 0.49755859375 0.46826171875 0.0595703125 0.0576171875
0 0.53857421875 0.49072265625 0.0537109375 0.0400390625
0 0.869140625 0.49755859375 0.046875 0.0400390625
0 0.8291015625 0.4853515625 0.041015625 0.060546875
0 0.7900390625 0.46630859375 0.04296875 0.0419921875
0 0.69384765625 0.50634765625 0.0283203125 0.0361328125
0 0.7705078125 0.5087890625 0.052734375 0.044921875
0 0.85693359375 0.63671875 0.0419921875 0.0390625
0 0.69580078125 0.69140625 0.0380859375 0.048828125
0 0.82666015625 0.72412109375 0.0576171875 0.0400390625
0 0.91357421875 0.69970703125 0.0576171875 0.0439453125
0 0.89599609375 0.734375 0.0283203125 0.0234375
0 0.927734375 0.7275390625 0.0546875 0.01953125
0 0.9716796875 0.71337890625 0.056640625 0.0537109375
0 0.9169921875 0.78466796875 0.068359375 0.0654296875
0 0.7763671875 0.78564453125 0.03515625 0.0283203125
0 0.8330078125 0.81103515625 0.078125 0.0751953125
0 0.81494140625 0.84326171875 0.0419921875 0.0322265625
0 0.78125 0.984375 0.064453125 0.03125
0 0.98828125 0.9775390625 0.0234375 0.041015625
0 0.4013671875 0.98095703125 0.056640625 0.0380859375
0 0.44775390625 0.763671875 0.0419921875 0.037109375
0 0.4609375 0.8125 0.048828125 0.037109375
0 0.49365234375 0.7216796875 0.0439453125 0.044921875
0 0.5068359375 0.7353515625 0.029296875 0.03515625
0 0.15771484375 0.76611328125 0.0322265625 0.0263671875
0 0.0732421875 0.71533203125 0.060546875 0.0458984375
0 0.1259765625 0.673828125 0.05078125 0.05078125
0 0.033203125 0.833984375 0.048828125 0.03125
0 0.03955078125 0.90380859375 0.0595703125 0.0595703125
0 0.0361328125 0.9541015625 0.048828125 0.03515625
0 0.01220703125 0.96875 0.0244140625 0.0625
0 0.04638671875 0.98681640625 0.0458984375 0.0263671875
0 0.0810546875 0.97900390625 0.044921875 0.0380859375
0 0.12353515625 0.98095703125 0.0439453125 0.0380859375
0 0.1044921875 0.9091796875 0.04296875 0.04296875
0 0.0849609375 0.580078125 0.060546875 0.056640625
0 0.1455078125 0.61669921875 0.04296875 0.0458984375
0 0.1640625 0.53662109375 0.037109375 0.0283203125
0 0.1640625 0.1201171875 0.02734375 0.03515625
0 0.9833984375 0.99267578125 0.033203125 0.0146484375
0 0.80810546875 0.98974609375 0.0322265625 0.0205078125
0 0.560546875 0.65576171875 0.03515625 0.0283203125
0 0.91064453125 0.18603515625 0.0458984375 0.0478515625
0 0.78466796875 0.9521484375 0.0498046875 0.03125
0 0.919921875 0.33544921875 0.04296875 0.0595703125
0 0.8984375 0.3154296875 0.0390625 0.0390625
