0 0.32080078125 0.39599609375 0.0517578125 0.0673828125
0 0.2890625 0.12548828125 0.041015625 0.0673828125
0 0.43310546875 0.30078125 0.0673828125 0.087890625
0 0.16845703125 0.3896484375 0.0537109375 0.078125
0 0.259765625 0.7919921875 0.08984375 0.064453125
0 0.46533203125 0.84326171875 0.1025390625 0.0771484375
0 0.462890625 0.41015625 0.072265625 0.1015625
0 0.39794921875 0.4033203125 0.1025390625 0.091796875
0 0.40478515625 0.79248046875 0.0732421875 0.0537109375
0 0.8427734375 0.35546875 0.052734375 0.05859375
0 0.44873046875 0.10791015625 0.0791015625 0.1201171875
0 0.52392578125 0.85498046875 0.1123046875 0.0654296875
0 0.3837890625 0.6796875 0.05078125 0.076171875
0 0.36181640625 0.2783203125 0.0947265625 0.142578125
0 0.10400390625 0.0498046875 0.0908203125 0.099609375
0 0.9814453125 0.70556640625 0.037109375 0.0771484375
0 0.5556640625 0.0517578125 0.0703125 0.095703125
0 0.458984375 0.61669921875 0.068359375 0.0927734375
0 0.9697265625 0.8369140625 0.056640625 0.080078125
0 0.037109375 0.1142578125 0.07421875 0.16015625
0 0.90087890625 0.455078125 0.0654296875 0.060546875
0 0.58251953125 0.1572265625 0.0576171875 0.07421875
0 0.53515625 0.33349609375 0.05859375 0.0830078125
0 0.2509765625 0.4111328125 0.03125 0.048828125
0 0.91455078125 0.0849609375 0.1005859375 0.068359375
