0 0.0693359375 0.962890625 0.0625 0.0625
0 0.49853515625 0.0517578125 0.0478515625 0.099609375
0 0.12939453125 0.85205078125 0.0751953125 0.0791015625
0 0.5732421875 0.201171875 0.068359375 0.18359375
0 0.095703125 0.60546875 0.087890625 0.09375
0 0.087890625 0.86328125 0.107421875 0.107421875
0 0.81201171875 0.6328125 0.0791015625 0.068359375
0 0.82421875 0.20361328125 0.0703125 0.1123046875
0 0.5390625 0.44677734375 0.07421875 0.1396484375
0 0.83984375 0.0361328125 0.072265625 0.0703125
0 0.77734375 0.8671875 0.056640625 0.111328125
0 0.27392578125 0.970703125 0.0478515625 0.05859375
0 0.15966796875 0.74951171875 0.0595703125 0.0751953125
0 0.84521484375 0.5234375 0.0673828125 0.091796875
0 0.61181640625 0.74951171875 0.0751953125 0.1591796875
0 0.80322265625 0.16357421875 0.0478515625 0.1025390625
0 0.51416015625 0.6328125 0.0654296875 0.091796875
0 0.2158203125 0.708984375 0.107421875 0.072265625
0 0.8046875 0.43994140625 0.0703125 0.0732421875
0 0.7509765625 0.32373046875 0.052734375 0.1083984375
0 0.56201171875 0.5361328125 0.0634765625 0.08984375
0 0.2734375 0.14501953125 0.07421875 0.0673828125
0 0.88916015625 0.94775390625 0.0751953125 0.1044921875
