0 0.89794921875 0.970703125 0.0810546875 0.056640625
0 0.77001953125 0.28955078125 0.0673828125 0.0947265625
0 0.0771484375 0.49169921875 0.056640625 0.0693359375
0 0.673828125 0.58984375 0.0546875 0.072265625
0 0.720703125 0.203125 0.052734375 0.134765625
0 0.9072265625 0.4580078125 0.052734375 0.080078125
0 0.0361328125 0.42041015625 0.033203125 0.0888671875
0 0.03076171875 0.76123046875 0.0576171875 0.1142578125
0 0.75390625 0.4111328125 0.037109375 0.044921875
0 0.72412109375 0.54833984375 0.0654296875 0.1044921875
0 0.18798828125 0.201171875 0.0380859375 0.046875
0 0.05615234375 0.9326171875 0.0712890625 0.072265625
0 0.18408203125 0.09521484375 0.0537109375 0.1064453125
0 0.0859375 0.43603515625 0.06640625 0.0830078125
0 0.58935546875 0.11279296875 0.0517578125 0.0732421875
0 0.11328125 0.22607421875 0.064453125 0.0556640625
0 0.966796875 0.91064453125 0.06640625 0.0654296875
0 0.03662109375 0.58447265625 0.0556640625 0.0634765625
0 0.71826171875 0.068359375 0.0517578125 0.1328125
