0 0.140625 0.1630859375 0.03515625 0.04296875
0 0.12939453125 0.025390625 0.0341796875 0.03515625
0 0.6728515625 0.68408203125 0.021484375 0.0185546875
0 0.04833984375 0.8671875 0.0302734375 0.064453125
0 0.6650390625 0.43408203125 0.03125 0.0576171875
0 0.33642578125 0.98681640625 0.0322265625 0.0263671875
0 0.3466796875 0.06396484375 0.0234375 0.0263671875
0 0.4189453125 0.6689453125 0.03125 0.01953125
0 0.96435546875 0.2998046875 0.0380859375 0.033203125
0 0.7734375 0.2197265625 0.044921875 0.0234375
0 0.23828125 0.1396484375 0.029296875 0.037109375
0 0.740234375 0.99169921875 0.0390625 0.0146484375
0 0.384765625 0.97509765625 0.044921875 0.0400390625
0 0.11181640625 0.96142578125 0.0244140625 0.0341796875
0 0.73095703125 0.63525390625 0.0361328125 0.0302734375
0 0.07373046875 0.88427734375 0.0341796875 0.0458984375
0 0.41064453125 0.1142578125 0.0302734375 0.03515625
0 0.03515625 0.98828125 0.0234375 0.021484375
0 0.5263671875 0.37060546875 0.052734375 0.1025390625
0 0.58837890625 0.14013671875 0.0517578125 0.0498046875
0 0.08935546875 0.40673828125 0.0263671875 0.0419921875
0 0.15234375 0.6015625 0.021484375 0.029296875
0 0.82763671875 0.20654296875 0.0185546875 0.0439453125
0 0.19384765625 0.2822265625 0.0341796875 0.02734375
0 0.26953125 0.65576171875 0.01953125 0.0224609375
0 0.66552734375 0.083984375 0.0244140625 0.0390625
0 0.16845703125 0.90185546875 0.0419921875 0.0380859375
0 0.9580078125 0.5009765625 0.05859375 0.048828125
0 0.9658203125 0.12109375 0.029296875 0.029296875
0 0.30126953125 0.46728515625 0.0205078125 0.0458984375
0 0.4599609375 0.45361328125 0.03515625 0.0380859375
0 0.5341796875 0.2392578125 0.0234375 0.03125
0 0.51220703125 0.73095703125 0.0380859375 0.0244140625
