0 0.669921875 0.45849609375 0.04296875 0.0634765625
0 0.8779296875 0.29248046875 0.056640625 0.0576171875
0 0.5146484375 0.48974609375 0.05859375 0.0517578125
0 0.61669921875 0.5810546875 0.0419921875 0.080078125
0 0.7490234375 0.10205078125 0.044921875 0.0771484375
0 0.7763671875 0.5283203125 0.046875 0.052734375
0 0.6904296875 0.0302734375 0.044921875 0.060546875
0 0.82763671875 0.130859375 0.0810546875 0.083984375
0 0.95263671875 0.2890625 0.0419921875 0.052734375
0 0.76416015625 0.3984375 0.0419921875 0.048828125
0 0.6962890625 0.96875 0.0625 0.060546875
0 0.6015625 0.6396484375 0.037109375 0.041015625
0 0.48828125 0.390625 0.04296875 0.08203125
