0 0.75341796875 0.82177734375 0.1083984375 0.1103515625
0 0.8916015625 0.86669921875 0.076171875 0.0498046875
0 0.86181640625 0.82666015625 0.0576171875 0.1123046875
0 0.94775390625 0.77490234375 0.0654296875 0.0986328125
0 0.92919921875 0.55517578125 0.0615234375 0.0517578125
0 0.7861328125 0.54833984375 0.056640625 0.0576171875
0 0.77685546875 0.61669921875 0.0771484375 0.0947265625
0 0.59130859375 0.58935546875 0.0751953125 0.0693359375
0 0.6025390625 0.72412109375 0.1328125 0.1220703125
0 0.43505859375 0.6240234375 0.0869140625 0.1015625
0 0.5029296875 0.78857421875 0.078125 0.1259765625
0 0.20361328125 0.76708984375 0.0615234375 0.0615234375
0 0.26953125 0.69677734375 0.056640625 0.0732421875
0 0.3056640625 0.7822265625 0.056640625 0.126953125
0 0.34130859375 0.6953125 0.0556640625 0.09765625
0 0.37255859375 0.7236328125 0.0673828125 0.033203125
0 0.3134765625 0.9384765625 0.091796875 0.123046875
0 0.09765625 0.95361328125 0.09375 0.0927734375
0 0.1484375 0.923828125 0.05078125 0.060546875
0 0.1015625 0.61669921875 0.177734375 0.0498046875
0 0.07177734375 0.36181640625 0.1181640625 0.1533203125
0 0.154296875 0.24755859375 0.04296875 0.0654296875
0 0.43505859375 0.126953125 0.0322265625 0.140625
0 0.20947265625 0.0166015625 0.1669921875 0.033203125
0 0.625 0.1953125 0.10546875 0.099609375
0 0.75390625 0.23779296875 0.046875 0.0615234375
0 0.79833984375 0.33154296875 0.1572265625 0.0517578125
0 0.8056640625 0.41796875 0.060546875 0.03515625
0 0.89892578125 0.421875 0.0361328125 0.048828125
0 0.95654296875 0.20068359375 0.0615234375 0.1064453125
0 0.640625 0.068359375 0.05078125 0.07421875
0 0.64599609375 0.115234375 0.1259765625 0.033203125
0 0.7841796875 0.064453125 0.076171875 0.048828125
0 0.8857421875 0.07568359375 0.0390625 0.0615234375
0 0.53662109375 0.03271484375 0.0732421875 0.0322265625
0 0.40771484375 0.037109375 0.1630859375 0.05078125
0 0.39453125 0.462890625 0.09375 0.10546875
0 0.580078125 0.8974609375 0.16015625 0.072265625
0 0.712890625 0.2041015625 0.05078125 0.05078125
0 0.37158203125 0.5087890625 0.0615234375 0.072265625
0 0.28955078125 0.51318359375 0.0361328125 0.0322265625
0 0.22607421875 0.81689453125 0.0419921875 0.0712890625
0 0.03515625 0.591796875 0.044921875 0.037109375
0 0.19873046875 0.5546875 0.0810546875 0.04296875
0 0.52001953125 0.59326171875 0.0458984375 0.0537109375
0 0.3349609375 0.091796875 0.0703125 0.029296875
0 0.3544921875 0.94140625 0.0703125 0.0546875
0 0.94140625 0.451171875 0.03125 0.05859375
0 0.6728515625 0.36572265625 0.072265625 0.0595703125
0 0.23486328125 0.48388671875 0.0283203125 0.0869140625
0 0.0810546875 0.78173828125 0.056640625 0.0380859375
0 0.06005859375 0.82958984375 0.0947265625 0.0322265625
0 0.7744140625 0.27490234375 0.04296875 0.0595703125
0 0.62890625 0.0478515625 0.076171875 0.03515625
0 0.7421875 0.05712890625 0.04296875 0.0478515625
0 0.62451171875 0.1171875 0.0341796875 0.052734375
0 0.6689453125 0.4853515625 0.029296875 0.025390625
0 0.94482421875 0.61962890625 0.0302734375 0.0458984375
0 0.16796875 0.25048828125 0.02734375 0.1044921875
0 0.24609375 0.728515625 0.05078125 0.09765625
0 0.30419921875 0.69873046875 0.0224609375 0.0263671875
0 0.85693359375 0.564453125 0.0400390625 0.046875
0 0.353515625 0.064453125 0.09375 0.0234375
0 0.08154296875 0.54248046875 0.1376953125 0.0615234375
