0 0.46875 0.60546875 0.064453125 0.072265625
0 0.61474609375 0.58251953125 0.0400390625 0.0439453125
0 0.80224609375 0.61474609375 0.0498046875 0.0341796875
0 0.96923828125 0.3154296875 0.0341796875 0.033203125
0 0.224609375 0.62939453125 0.048828125 0.0380859375
0 0.4306640625 0.80859375 0.076171875 0.0625
0 0.22509765625 0.81787109375 0.0673828125 0.0712890625
0 0.6357421875 0.61767578125 0.044921875 0.0556640625
0 0.421875 0.08447265625 0.037109375 0.0283203125
0 0.5322265625 0.02978515625 0.03125 0.0595703125
0 0.02734375 0.587890625 0.046875 0.05078125
0 0.5146484375 0.08056640625 0.01953125 0.0380859375
0 0.46923828125 0.849609375 0.0283203125 0.04296875
0 0.525390625 0.73046875 0.046875 0.048828125
0 0.6279296875 0.38037109375 0.046875 0.0576171875
0 0.92822265625 0.49755859375 0.0361328125 0.0302734375
0 0.9658203125 0.3515625 0.03515625 0.05078125
0 0.6591796875 0.4638671875 0.078125 0.0390625
0 0.3369140625 0.3544921875 0.091796875 0.056640625
0 0.6806640625 0.40576171875 0.046875 0.0458984375
0 0.2373046875 0.5107421875 0.037109375 0.02734375
0 0.84033203125 0.32080078125 0.0830078125 0.0439453125
0 0.08349609375 0.74658203125 0.0419921875 0.0302734375
0 0.32080078125 0.68408203125 0.1416015625 0.0537109375
0 0.189453125 0.74658203125 0.056640625 0.0712890625
0 0.0615234375 0.6630859375 0.04296875 0.03515625
0 0.6123046875 0.67919921875 0.06640625 0.0595703125
0 0.58544921875 0.390625 0.0458984375 0.04296875
0 0.19580078125 0.1142578125 0.0322265625 0.029296875
0 0.67529296875 0.1865234375 0.0576171875 0.046875
0 0.55322265625 0.662109375 0.0537109375 0.05078125
0 0.451171875 0.255859375 0.0625 0.080078125
0 0.92041015625 0.8681640625 0.0966796875 0.0703125
0 0.24560546875 0.56201171875 0.0654296875 0.0537109375
0 0.5625 0.81591796875 0.06640625 0.0498046875
0 0.80908203125 0.853515625 0.0556640625 0.0546875
0 0.1220703125 0.29345703125 0.04296875 0.0576171875
0 0.3994140625 0.11279296875 0.0625 0.0322265625
0 0.36962890625 0.17041015625 0.0947265625 0.1005859375
0 0.10205078125 0.80419921875 0.0458984375 0.0322265625
0 0.56787109375 0.5654296875 0.0595703125 0.064453125
0 0.0439453125 0.52978515625 0.083984375 0.0517578125
0 0.50439453125 0.0166015625 0.0244140625 0.021484375
0 0.98583984375 0.0654296875 0.0263671875 0.033203125
0 0.3408203125 0.9599609375 0.04296875 0.04296875
0 0.2392578125 0.0830078125 0.02734375 0.037109375
0 0.03662109375 0.20263671875 0.0576171875 0.0654296875
0 0.83154296875 0.9326171875 0.0654296875 0.0703125
0 0.95458984375 0.92138671875 0.0478515625 0.0361328125
0 0.111328125 0.61865234375 0.041015625 0.0380859375
0 0.24365234375 0.11376953125 0.0478515625 0.0380859375
0 0.8779296875 0.42333984375 0.1015625 0.0576171875
0 0.82275390625 0.37841796875 0.0556640625 0.0400390625
0 0.71630859375 0.50927734375 0.0712890625 0.0341796875
0 0.20166015625 0.52734375 0.0673828125 0.044921875
0 0.4609375 0.947265625 0.03515625 0.03515625
0 0.6181640625 0.83544921875 0.029296875 0.0341796875
0 0.3837890625 0.42724609375 0.046875 0.0810546875
0 0.16064453125 0.00537109375 0.0732421875 0.0107421875
0 0.29150390625 0.833984375 0.0517578125 0.029296875
0 0.7353515625 0.56689453125 0.1171875 0.0439453125
0 0.9755859375 0.0185546875 0.048828125 0.03515625
0 0.02587890625 0.45751953125 0.0517578125 0.0556640625
0 0.412109375 0.71923828125 0.033203125 0.0400390625
0 0.56494140625 0.90234375 0.0615234375 0.041015625
0 0.18701171875 0.2978515625 0.0751953125 0.07421875
0 0.3935546875 0.63134765625 0.06640625 0.0595703125
0 0.240234375 0.41455078125 0.056640625 0.0478515625
0 0.08056640625 0.88818359375 0.0595703125 0.0576171875
0 0.4921875 0.1943359375 0.080078125 0.099609375
0 0.41064453125 0.46630859375 0.0439453125 0.0478515625
0 0.3115234375 0.56689453125 0.060546875 0.0458984375
0 0.10107421875 0.3583984375 0.0712890625 0.048828125
0 0.17724609375 0.41552734375 0.0595703125 0.0830078125
0 0.63037109375 0.94091796875 0.0498046875 0.0615234375
