0 0.2451171875 0.02294921875 0.123046875 0.0458984375
0 0.0087890625 0.07470703125 0.017578125 0.0400390625
0 0.98779296875 0.0556640625 0.0224609375 0.05078125
0 0.99267578125 0.220703125 0.0146484375 0.033203125
0 0.9794921875 0.935546875 0.0390625 0.087890625
0 0.56103515625 0.9755859375 0.0439453125 0.048828125
0 0.220703125 0.9873046875 0.0390625 0.025390625
0 0.12890625 0.9775390625 0.05859375 0.033203125
0 0.0380859375 0.82373046875 0.076171875 0.0576171875
0 0.0595703125 0.14990234375 0.119140625 0.0771484375
0 0.10595703125 0.16650390625 0.0322265625 0.0302734375
0 0.294921875 0.142578125 0.048828125 0.046875
0 0.24462890625 0.1806640625 0.0458984375 0.041015625
0 0.28173828125 0.1923828125 0.0244140625 0.0546875
0 0.31689453125 0.25341796875 0.0419921875 0.0400390625
0 0.2431640625 0.345703125 0.021484375 0.03515625
0 0.22216796875 0.36376953125 0.0341796875 0.0283203125
0 0.04833984375 0.51025390625 0.0966796875 0.0576171875
0 0.63671875 0.10888671875 0.0390625 0.0419921875
0 0.59912109375 0.2392578125 0.0283203125 0.056640625
0 0.63134765625 0.24365234375 0.0322265625 0.0498046875
0 0.724609375 0.265625 0.046875 0.041015625
0 0.6416015625 0.29736328125 0.029296875 0.0302734375
0 0.67578125 0.28515625 0.02734375 0.03125
0 0.66455078125 0.3291015625 0.0224609375 0.0234375
0 0.7529296875 0.16015625 0.048828125 0.056640625
0 0.73046875 0.35205078125 0.03125 0.0400390625
0 0.6640625 0.42333984375 0.05078125 0.0654296875
0 0.67626953125 0.4970703125 0.0361328125 0.041015625
0 0.7119140625 0.412109375 0.033203125 0.037109375
0 0.74951171875 0.38818359375 0.0380859375 0.0322265625
0 0.75537109375 0.42041015625 0.0478515625 0.0302734375
0 0.70263671875 0.44970703125 0.0400390625 0.0419921875
0 0.27685546875 0.08203125 0.0439453125 0.046875
0 0.30859375 0.04833984375 0.041015625 0.0380859375
0 0.31591796875 0.08544921875 0.0322265625 0.0380859375
0 0.6630859375 0.05224609375 0.0546875 0.0517578125
0 0.82568359375 0.19921875 0.0458984375 0.142578125
0 0.8291015625 0.35595703125 0.048828125 0.0341796875
0 0.9267578125 0.3115234375 0.01953125 0.025390625
0 0.92333984375 0.2802734375 0.0244140625 0.02734375
0 0.90283203125 0.25048828125 0.0263671875 0.0263671875
0 0.39453125 0.58349609375 0.044921875 0.1025390625
0 0.28955078125 0.54541015625 0.0458984375 0.0439453125
0 0.22412109375 0.546875 0.0341796875 0.044921875
0 0.1630859375 0.57080078125 0.048828125 0.0439453125
0 0.2080078125 0.59326171875 0.041015625 0.0498046875
0 0.23876953125 0.5869140625 0.0283203125 0.033203125
0 0.267578125 0.6416015625 0.046875 0.033203125
0 0.1875 0.6884765625 0.06640625 0.07421875
0 0.26953125 0.7490234375 0.05859375 0.052734375
0 0.67333984375 0.54296875 0.0556640625 0.046875
0 0.73779296875 0.48779296875 0.0869140625 0.0595703125
0 0.73388671875 0.54150390625 0.0654296875 0.0615234375
0 0.14892578125 0.890625 0.0556640625 0.05859375
0 0.19091796875 0.802734375 0.0498046875 0.044921875
0 0.2314453125 0.8388671875 0.03125 0.0625
0 0.40966796875 0.8828125 0.0498046875 0.0625
0 0.50244140625 0.892578125 0.0322265625 0.0390625
0 0.69384765625 0.955078125 0.0556640625 0.064453125
0 0.60888671875 0.9658203125 0.0478515625 0.06640625
0 0.1904296875 0.96337890625 0.041015625 0.0419921875
0 0.11083984375 0.95556640625 0.0380859375 0.0224609375
0 0.701171875 0.75439453125 0.056640625 0.0576171875
0 0.61328125 0.6201171875 0.02734375 0.029296875
0 0.587890625 0.60498046875 0.017578125 0.0224609375
0 0.6923828125 0.61328125 0.080078125 0.068359375
0 0.7177734375 0.64990234375 0.056640625 0.0380859375
0 0.626953125 0.68603515625 0.072265625 0.0595703125
0 0.9755859375 0.83447265625 0.03515625 0.0322265625
0 0.95947265625 0.67138671875 0.0517578125 0.0537109375
0 0.97314453125 0.6083984375 0.0537109375 0.0546875
0 0.9814453125 0.48486328125 0.03515625 0.0556640625
0 0.9912109375 0.43994140625 0.015625 0.0283203125
0 0.91015625 0.5732421875 0.021484375 0.01953125
0 0.97021484375 0.3798828125 0.0361328125 0.033203125
0 0.9912109375 0.28369140625 0.017578125 0.0166015625
0 0.98828125 0.32470703125 0.0234375 0.0107421875
0 0.9853515625 0.30859375 0.02734375 0.02734375
0 0.95166015625 0.06884765625 0.0517578125 0.0595703125
0 0.98876953125 0.15869140625 0.0224609375 0.0341796875
0 0.96484375 0.13232421875 0.021484375 0.0322265625
0 0.57568359375 0.2001953125 0.0185546875 0.025390625
