0 0.45947265625 0.10595703125 0.1845703125 0.1728515625
0 0.4755859375 0.65087890625 0.123046875 0.0732421875
0 0.9736328125 0.2119140625 0.044921875 0.064453125
0 0.86572265625 0.95458984375 0.0966796875 0.0908203125
0 0.4736328125 0.52197265625 0.12109375 0.1494140625
0 0.32177734375 0.7724609375 0.2353515625 0.125
0 0.830078125 0.80029296875 0.18359375 0.0634765625
0 0.28955078125 0.2197265625 0.1357421875 0.23046875
0 0.74462890625 0.03759765625 0.0791015625 0.0615234375
0 0.2626953125 0.90625 0.125 0.115234375
0 0.66455078125 0.52880859375 0.1181640625 0.0947265625
0 0.57958984375 0.35888671875 0.0751953125 0.1162109375
0 0.93017578125 0.11572265625 0.1357421875 0.1201171875
