0 0.54638671875 0.26171875 0.0634765625 0.064453125
0 0.8671875 0.7333984375 0.072265625 0.078125
0 0.35400390625 0.92041015625 0.0791015625 0.0712890625
0 0.36181640625 0.12060546875 0.0634765625 0.1123046875
0 0.5 0.470703125 0.1171875 0.123046875
0 0.05615234375 0.37451171875 0.1123046875 0.0751953125
0 0.6142578125 0.76220703125 0.134765625 0.1455078125
0 0.78759765625 0.47119140625 0.0556640625 0.0673828125
0 0.47802734375 0.908203125 0.0751953125 0.06640625
0 0.76171875 0.60400390625 0.048828125 0.0322265625
0 0.919921875 0.53271484375 0.052734375 0.0458984375
0 0.6279296875 0.587890625 0.1015625 0.0703125
0 0.75 0.025390625 0.09375 0.05078125
0 0.49072265625 0.10009765625 0.0517578125 0.0966796875
0 0.54345703125 0.0859375 0.0537109375 0.087890625
0 0.3125 0.34423828125 0.05859375 0.1044921875
0 0.431640625 0.02587890625 0.05859375 0.0517578125
0 0.21337890625 0.02685546875 0.0576171875 0.0537109375
0 0.63232421875 0.0732421875 0.1201171875 0.11328125
0 0.255859375 0.564453125 0.08203125 0.072265625
0 0.369140625 0.55029296875 0.076171875 0.1162109375
0 0.9736328125 0.255859375 0.052734375 0.091796875
