0 0.4072265625 0.02783203125 0.15625 0.0556640625
0 0.65478515625 0.16064453125 0.0849609375 0.0869140625
0 0.4345703125 0.2333984375 0.099609375 0.123046875
0 0.4091796875 0.759765625 0.12890625 0.205078125
0 0.34375 0.94384765625 0.146484375 0.1123046875
0 0.67041015625 0.08349609375 0.1025390625 0.0673828125
0 0.32080078125 0.1845703125 0.1474609375 0.115234375
0 0.318359375 0.68603515625 0.15234375 0.1279296875
0 0.94873046875 0.8623046875 0.0927734375 0.095703125
0 0.94384765625 0.25732421875 0.0947265625 0.1396484375
0 0.51953125 0.4365234375 0.10546875 0.091796875
0 0.44287109375 0.9736328125 0.0654296875 0.046875
0 0.9560546875 0.52490234375 0.087890625 0.1298828125
0 0.59228515625 0.11083984375 0.0849609375 0.0869140625
