0 0.27734375 0.9677734375 0.0859375 0.0625
0 0.8125 0.0498046875 0.05078125 0.099609375
0 0.771484375 0.44775390625 0.119140625 0.0869140625
0 0.26953125 0.83056640625 0.041015625 0.0400390625
0 0.1689453125 0.69287109375 0.037109375 0.0322265625
0 0.8671875 0.01611328125 0.037109375 0.0322265625
0 0.60595703125 0.0654296875 0.0556640625 0.091796875
0 0.21533203125 0.666015625 0.0478515625 0.04296875
0 0.85888671875 0.228515625 0.0419921875 0.052734375
0 0.82177734375 0.81591796875 0.0498046875 0.0517578125
0 0.7822265625 0.1044921875 0.052734375 0.05859375
0 0.45556640625 0.58154296875 0.1025390625 0.0869140625
0 0.2158203125 0.7353515625 0.056640625 0.052734375
0 0.67138671875 0.74267578125 0.0751953125 0.0673828125
0 0.75634765625 0.14111328125 0.0556640625 0.0595703125
0 0.552734375 0.15185546875 0.060546875 0.0712890625
0 0.60693359375 0.85400390625 0.0419921875 0.0478515625
0 0.85546875 0.60595703125 0.064453125 0.0791015625
0 0.5107421875 0.0576171875 0.0625 0.07421875
0 0.896484375 0.802734375 0.068359375 0.0546875
0 0.93310546875 0.69384765625 0.1337890625 0.0830078125
0 0.158203125 0.28173828125 0.15625 0.0869140625
0 0.2861328125 0.76953125 0.048828125 0.056640625
0 0.8916015625 0.0576171875 0.0625 0.115234375
0 0.275390625 0.88525390625 0.0625 0.0908203125
0 0.9833984375 0.59814453125 0.033203125 0.1083984375
0 0.08251953125 0.115234375 0.0517578125 0.056640625
0 0.93798828125 0.54736328125 0.0576171875 0.0595703125
0 0.5634765625 0.82275390625 0.044921875 0.0380859375
0 0.4658203125 0.96240234375 0.05078125 0.0732421875
0 0.2666015625 0.9755859375 0.18359375 0.048828125
0 0.36669921875 0.73486328125 0.0712890625 0.0419921875
