0 0.125 0.02001953125 0.05859375 0.0400390625
0 0.0205078125 0.02392578125 0.041015625 0.0478515625
0 0.0126953125 0.10791015625 0.025390625 0.0634765625
0 0.3408203125 0.119140625 0.048828125 0.0703125
0 0.240234375 0.18115234375 0.19921875 0.1181640625
0 0.05810546875 0.21484375 0.1064453125 0.076171875
0 0.13330078125 0.392578125 0.0439453125 0.09765625
0 0.2548828125 0.4052734375 0.064453125 0.240234375
0 0.2294921875 0.4150390625 0.017578125 0.064453125
0 0.0166015625 0.51806640625 0.033203125 0.0439453125
0 0.115234375 0.564453125 0.1328125 0.111328125
0 0.06689453125 0.5517578125 0.1337890625 0.115234375
0 0.23583984375 0.6767578125 0.1806640625 0.134765625
0 0.013671875 0.640625 0.02734375 0.0703125
0 0.076171875 0.7001953125 0.15234375 0.197265625
0 0.015625 0.72216796875 0.03125 0.0517578125
0 0.12451171875 0.8076171875 0.1298828125 0.14453125
0 0.107421875 0.806640625 0.212890625 0.064453125
0 0.0205078125 0.8720703125 0.041015625 0.056640625
0 0.12890625 0.955078125 0.0703125 0.087890625
0 0.529296875 0.02587890625 0.11328125 0.0517578125
0 0.62109375 0.08251953125 0.1875 0.0986328125
0 0.697265625 0.033203125 0.220703125 0.06640625
0 0.7802734375 0.11474609375 0.052734375 0.1103515625
0 0.71923828125 0.22998046875 0.1845703125 0.1376953125
0 0.7294921875 0.1611328125 0.056640625 0.1015625
0 0.86083984375 0.18408203125 0.0478515625 0.0478515625
0 0.88671875 0.30712890625 0.130859375 0.2236328125
0 0.91845703125 0.330078125 0.1611328125 0.064453125
0 0.87353515625 0.12890625 0.1376953125 0.083984375
0 0.95751953125 0.095703125 0.0830078125 0.17578125
0 0.443359375 0.314453125 0.15234375 0.13671875
0 0.81884765625 0.40283203125 0.0478515625 0.1728515625
0 0.68408203125 0.5498046875 0.2119140625 0.177734375
0 0.52783203125 0.6298828125 0.1494140625 0.115234375
0 0.443359375 0.5595703125 0.16796875 0.150390625
0 0.30078125 0.54931640625 0.1015625 0.2197265625
0 0.41845703125 0.81640625 0.0478515625 0.1328125
0 0.3837890625 0.7607421875 0.0625 0.26953125
0 0.521484375 0.767578125 0.119140625 0.17578125
0 0.4658203125 0.8955078125 0.240234375 0.099609375
0 0.4453125 0.8896484375 0.09765625 0.193359375
0 0.978515625 0.494140625 0.04296875 0.0546875
0 0.962890625 0.59619140625 0.07421875 0.1220703125
0 0.9443359375 0.5703125 0.05859375 0.076171875
0 0.96923828125 0.6982421875 0.0478515625 0.12890625
0 0.77734375 0.77294921875 0.07421875 0.2314453125
0 0.87353515625 0.787109375 0.0830078125 0.0546875
0 0.94921875 0.8759765625 0.1015625 0.138671875
0 0.91259765625 0.966796875 0.0791015625 0.064453125
0 0.50390625 0.966796875 0.044921875 0.06640625
0 0.654296875 0.98828125 0.05859375 0.0234375
0 0.39794921875 0.982421875 0.0830078125 0.03515625
0 0.57080078125 0.97900390625 0.0986328125 0.0400390625
0 0.697265625 0.9375 0.20703125 0.076171875
0 0.55908203125 0.93505859375 0.1025390625 0.0634765625
