0 0.529296875 0.49951171875 0.095703125 0.0400390625
0 0.6298828125 0.81201171875 0.03125 0.0283203125
0 0.27685546875 0.97802734375 0.0947265625 0.0419921875
0 0.88623046875 0.56494140625 0.0556640625 0.0439453125
0 0.56787109375 0.02392578125 0.0849609375 0.0302734375
0 0.3486328125 0.49462890625 0.072265625 0.0400390625
0 0.9736328125 0.08349609375 0.033203125 0.0322265625
0 0.642578125 0.5166015625 0.08203125 0.03125
0 0.96875 0.60400390625 0.0546875 0.0419921875
0 0.9111328125 0.9365234375 0.080078125 0.037109375
0 0.65576171875 0.1767578125 0.0537109375 0.03515625
0 0.16015625 0.07763671875 0.072265625 0.0341796875
0 0.02587890625 0.06103515625 0.0517578125 0.0322265625
0 0.74462890625 0.53466796875 0.1123046875 0.0556640625
0 0.76123046875 0.10009765625 0.0693359375 0.0380859375
0 0.7744140625 0.92724609375 0.078125 0.0556640625
0 0.04833984375 0.77783203125 0.0791015625 0.0302734375
0 0.22314453125 0.0380859375 0.0830078125 0.044921875
0 0.0498046875 0.98681640625 0.064453125 0.0244140625
0 0.53662109375 0.97705078125 0.1103515625 0.0458984375
0 0.021484375 0.0078125 0.04296875 0.015625
0 0.0927734375 0.451171875 0.09375 0.03125
0 0.4267578125 0.97705078125 0.056640625 0.0322265625
0 0.5078125 0.9482421875 0.072265625 0.029296875
0 0.42333984375 0.52001953125 0.0771484375 0.0419921875
0 0.19970703125 0.7685546875 0.0712890625 0.0390625
0 0.1259765625 0.36669921875 0.052734375 0.0595703125
0 0.67626953125 0.97021484375 0.0927734375 0.0595703125
0 0.58544921875 0.4716796875 0.0830078125 0.06640625
0 0.43505859375 0.11474609375 0.1240234375 0.0439453125
0 0.806640625 0.93212890625 0.0625 0.0458984375
0 0.21630859375 0.54541015625 0.1337890625 0.0478515625
0 0.03857421875 0.58837890625 0.0771484375 0.0498046875
0 0.85791015625 0.20458984375 0.0791015625 0.0341796875
0 0.9208984375 0.5869140625 0.064453125 0.03515625
0 0.20166015625 0.13671875 0.0810546875 0.03125
0 0.357421875 0.419921875 0.080078125 0.04296875
0 0.2490234375 0.6357421875 0.14453125 0.080078125
0 0.32666015625 0.25439453125 0.0810546875 0.0341796875
0 0.05126953125 0.88916015625 0.0966796875 0.0224609375
0 0.49658203125 0.39599609375 0.1083984375 0.0380859375
0 0.08837890625 0.82470703125 0.0634765625 0.0380859375
0 0.9775390625 0.1435546875 0.044921875 0.0390625
0 0.29638671875 0.435546875 0.0830078125 0.033203125
0 0.0283203125 0.8740234375 0.0546875 0.01953125
0 0.44970703125 0.8935546875 0.0537109375 0.025390625
0 0.71337890625 0.02734375 0.0771484375 0.05078125
0 0.591796875 0.83154296875 0.044921875 0.0302734375
0 0.3359375 0.0322265625 0.04296875 0.0234375
0 0.46826171875 0.0517578125 0.0615234375 0.02734375
0 0.05810546875 0.9111328125 0.1044921875 0.03515625
0 0.03369140625 0.318359375 0.0673828125 0.0546875
