0 0.19873046875 0.1572265625 0.0478515625 0.0625
0 0.22607421875 0.89013671875 0.0693359375 0.0888671875
0 0.55078125 0.58544921875 0.064453125 0.0517578125
0 0.46630859375 0.08935546875 0.0732421875 0.0556640625
0 0.890625 0.14453125 0.060546875 0.056640625
0 0.82666015625 0.330078125 0.0673828125 0.048828125
0 0.9140625 0.43798828125 0.044921875 0.0576171875
0 0.52001953125 0.9580078125 0.0595703125 0.048828125
0 0.0712890625 0.7451171875 0.07421875 0.06640625
0 0.31884765625 0.33251953125 0.0634765625 0.0400390625
0 0.9326171875 0.70068359375 0.064453125 0.0537109375
0 0.07080078125 0.32666015625 0.0458984375 0.0517578125
0 0.267578125 0.615234375 0.037109375 0.037109375
0 0.33447265625 0.2314453125 0.0810546875 0.0625
0 0.5029296875 0.73291015625 0.076171875 0.0498046875
0 0.36962890625 0.55322265625 0.0927734375 0.0537109375
0 0.69140625 0.31201171875 0.0546875 0.0322265625
0 0.9775390625 0.53759765625 0.044921875 0.0673828125
0 0.79931640625 0.8994140625 0.0478515625 0.048828125
0 0.380859375 0.1025390625 0.0546875 0.0546875
0 0.4189453125 0.64453125 0.0546875 0.0546875
0 0.72265625 0.4814453125 0.05859375 0.046875
0 0.60009765625 0.2275390625 0.0419921875 0.0390625
0 0.19970703125 0.693359375 0.0595703125 0.080078125
0 0.982421875 0.2587890625 0.03515625 0.056640625
0 0.86328125 0.04736328125 0.048828125 0.0576171875
0 0.2265625 0.0517578125 0.05859375 0.05859375
0 0.9609375 0.33642578125 0.052734375 0.0517578125
0 0.93994140625 0.9736328125 0.0673828125 0.048828125
0 0.12841796875 0.98291015625 0.0634765625 0.0341796875
0 0.0693359375 0.20849609375 0.05078125 0.0361328125
0 0.34619140625 0.64306640625 0.0361328125 0.0322265625
0 0.75537109375 0.67041015625 0.0712890625 0.0810546875
0 0.806640625 0.48974609375 0.0546875 0.0576171875
0 0.34814453125 0.392578125 0.0986328125 0.0546875
0 0.1279296875 0.33740234375 0.083984375 0.0654296875
0 0.5009765625 0.423828125 0.064453125 0.052734375
0 0.72265625 0.25634765625 0.087890625 0.0634765625
0 0.8935546875 0.56982421875 0.056640625 0.0537109375
0 0.03369140625 0.96923828125 0.0537109375 0.0517578125
0 0.794921875 0.13037109375 0.052734375 0.0478515625
0 0.08740234375 0.1767578125 0.0869140625 0.048828125
0 0.41357421875 0.58544921875 0.0556640625 0.0419921875
0 0.30908203125 0.62890625 0.0361328125 0.029296875
0 0.2373046875 0.11181640625 0.04296875 0.0478515625
0 0.22900390625 0.50341796875 0.0634765625 0.0595703125
0 0.79931640625 0.9775390625 0.0830078125 0.044921875
0 0.90283203125 0.28369140625 0.0400390625 0.0498046875
0 0.4990234375 0.2861328125 0.0625 0.0390625
0 0.56396484375 0.63671875 0.0380859375 0.048828125
0 0.099609375 0.61767578125 0.08203125 0.0712890625
0 0.2275390625 0.42431640625 0.0546875 0.0615234375
