0 0.111328125 0.10888671875 0.119140625 0.0595703125
0 0.048828125 0.06298828125 0.09765625 0.1259765625
0 0.0205078125 0.03759765625 0.041015625 0.0751953125
0 0.1923828125 0.0712890625 0.103515625 0.142578125
0 0.0380859375 0.18896484375 0.076171875 0.0712890625
0 0.2314453125 0.1474609375 0.1953125 0.12109375
0 0.3515625 0.22119140625 0.060546875 0.1181640625
0 0.00830078125 0.33203125 0.0166015625 0.185546875
0 0.1669921875 0.37890625 0.056640625 0.0546875
0 0.1171875 0.4658203125 0.2265625 0.15625
0 0.0341796875 0.35107421875 0.06640625 0.0908203125
0 0.0673828125 0.62451171875 0.134765625 0.1455078125
0 0.205078125 0.56298828125 0.259765625 0.0869140625
0 0.07421875 0.53515625 0.1484375 0.0703125
0 0.177734375 0.62255859375 0.078125 0.0712890625
0 0.4892578125 0.25244140625 0.2109375 0.0634765625
0 0.521484375 0.0771484375 0.126953125 0.154296875
0 0.28515625 0.32861328125 0.1640625 0.1142578125
0 0.28515625 0.431640625 0.09375 0.2109375
0 0.375 0.43603515625 0.060546875 0.1845703125
0 0.1103515625 0.73388671875 0.150390625 0.1533203125
0 0.0234375 0.78564453125 0.046875 0.2314453125
0 0.2119140625 0.7763671875 0.056640625 0.03515625
0 0.26953125 0.744140625 0.091796875 0.236328125
0 0.33251953125 0.689453125 0.1181640625 0.1796875
0 0.27392578125 0.98828125 0.0595703125 0.0234375
0 0.3642578125 0.92724609375 0.1328125 0.1337890625
0 0.3427734375 0.87353515625 0.041015625 0.0439453125
0 0.48046875 0.94384765625 0.16796875 0.1103515625
0 0.4921875 0.986328125 0.03515625 0.025390625
0 0.69140625 0.931640625 0.109375 0.13671875
0 0.76220703125 0.8896484375 0.0673828125 0.201171875
0 0.90234375 0.94384765625 0.1953125 0.1103515625
0 0.98486328125 0.984375 0.0283203125 0.03125
0 0.89697265625 0.84765625 0.2041015625 0.076171875
0 0.93359375 0.85107421875 0.052734375 0.1064453125
0 0.6123046875 0.658203125 0.08984375 0.140625
0 0.4833984375 0.650390625 0.181640625 0.1171875
0 0.51708984375 0.65087890625 0.1728515625 0.1611328125
0 0.3271484375 0.47314453125 0.05859375 0.0478515625
0 0.9296875 0.7080078125 0.140625 0.09375
0 0.69189453125 0.5703125 0.0673828125 0.20703125
0 0.87939453125 0.5810546875 0.0595703125 0.18359375
0 0.95166015625 0.5380859375 0.0947265625 0.056640625
0 0.65625 0.44970703125 0.05859375 0.0830078125
0 0.654296875 0.41015625 0.1796875 0.060546875
0 0.6640625 0.2890625 0.05859375 0.0703125
0 0.57373046875 0.23193359375 0.1533203125 0.1416015625
0 0.62109375 0.177734375 0.060546875 0.22265625
0 0.5068359375 0.03173828125 0.056640625 0.0634765625
0 0.71533203125 0.0361328125 0.2392578125 0.072265625
0 0.69140625 0.119140625 0.05859375 0.119140625
0 0.953125 0.12744140625 0.091796875 0.0517578125
0 0.82666015625 0.2333984375 0.1611328125 0.138671875
0 0.974609375 0.28515625 0.048828125 0.052734375
0 0.958984375 0.3427734375 0.080078125 0.05078125
0 0.92626953125 0.3916015625 0.1455078125 0.177734375
0 0.83935546875 0.3916015625 0.0830078125 0.220703125
0 0.01171875 0.98681640625 0.0234375 0.0244140625
