0 0.333984375 0.296875 0.044921875 0.056640625
0 0.93603515625 0.46044921875 0.0986328125 0.0458984375
0 0.5439453125 0.32080078125 0.04296875 0.0380859375
0 0.962890625 0.93603515625 0.07421875 0.0849609375
0 0.8291015625 0.82666015625 0.08984375 0.0517578125
0 0.8681640625 0.02001953125 0.060546875 0.0400390625
0 0.06689453125 0.1494140625 0.1318359375 0.068359375
0 0.13818359375 0.01513671875 0.0634765625 0.0302734375
0 0.03173828125 0.96240234375 0.0615234375 0.0439453125
0 0.13525390625 0.4169921875 0.1123046875 0.09375
0 0.5966796875 0.2685546875 0.056640625 0.060546875
0 0.7529296875 0.89990234375 0.072265625 0.0771484375
0 0.20068359375 0.78369140625 0.0771484375 0.1240234375
0 0.86376953125 0.1748046875 0.1279296875 0.091796875
0 0.892578125 0.29296875 0.087890625 0.095703125
0 0.298828125 0.861328125 0.068359375 0.04296875
0 0.58251953125 0.36962890625 0.0537109375 0.0478515625
0 0.708984375 0.07080078125 0.078125 0.1416015625
0 0.5439453125 0.39599609375 0.068359375 0.1162109375
0 0.556640625 0.6162109375 0.107421875 0.09375
0 0.64501953125 0.88232421875 0.0830078125 0.0732421875
0 0.8759765625 0.13916015625 0.0703125 0.0654296875
0 0.9111328125 0.9375 0.060546875 0.05078125
0 0.97314453125 0.38720703125 0.0537109375 0.0478515625
0 0.65380859375 0.94189453125 0.0478515625 0.0595703125
0 0.86767578125 0.94287109375 0.0478515625 0.0380859375
0 0.8359375 0.75048828125 0.08203125 0.1083984375
0 0.86865234375 0.97900390625 0.0771484375 0.0400390625
0 0.81298828125 0.90673828125 0.0537109375 0.0654296875
0 0.75927734375 0.55615234375 0.0634765625 0.0556640625
0 0.2451171875 0.9521484375 0.177734375 0.068359375
0 0.34423828125 0.40625 0.0615234375 0.068359375
0 0.97119140625 0.271484375 0.0576171875 0.103515625
0 0.12548828125 0.34765625 0.1103515625 0.052734375
0 0.63232421875 0.2109375 0.1513671875 0.080078125
0 0.7109375 0.736328125 0.041015625 0.046875
0 0.78271484375 0.3740234375 0.0791015625 0.060546875
0 0.076171875 0.8349609375 0.15234375 0.064453125
0 0.5537109375 0.98779296875 0.0859375 0.0244140625
0 0.8115234375 0.330078125 0.05078125 0.0546875
0 0.56005859375 0.20166015625 0.0654296875 0.1044921875
0 0.74462890625 0.04833984375 0.0556640625 0.0966796875
0 0.92041015625 0.07275390625 0.0458984375 0.0673828125
0 0.82177734375 0.26171875 0.0830078125 0.04296875
0 0.791015625 0.72802734375 0.052734375 0.0791015625
0 0.9306640625 0.1298828125 0.06640625 0.048828125
0 0.85693359375 0.36572265625 0.0751953125 0.0908203125
0 0.75439453125 0.31884765625 0.0908203125 0.0556640625
0 0.92578125 0.3408203125 0.08203125 0.048828125
0 0.6337890625 0.2470703125 0.083984375 0.111328125
0 0.58056640625 0.93408203125 0.0615234375 0.0537109375
0 0.177734375 0.265625 0.1171875 0.0625
