0 0.705078125 0.02587890625 0.107421875 0.0517578125
0 0.87890625 0.072265625 0.1328125 0.052734375
0 0.86572265625 0.181640625 0.0478515625 0.064453125
0 0.91943359375 0.25732421875 0.0400390625 0.2001953125
0 0.947265625 0.578125 0.08984375 0.1015625
0 0.900390625 0.68310546875 0.064453125 0.0751953125
0 0.84619140625 0.84423828125 0.1884765625 0.1767578125
0 0.5634765625 0.9775390625 0.056640625 0.044921875
0 0.7861328125 0.53955078125 0.087890625 0.0810546875
0 0.85693359375 0.4794921875 0.2001953125 0.0859375
0 0.7236328125 0.41943359375 0.1015625 0.1005859375
0 0.685546875 0.294921875 0.1015625 0.072265625
0 0.771484375 0.17138671875 0.04296875 0.1025390625
0 0.67138671875 0.1796875 0.1416015625 0.095703125
0 0.5224609375 0.04443359375 0.107421875 0.0439453125
0 0.431640625 0.11962890625 0.201171875 0.0693359375
0 0.49853515625 0.19580078125 0.1533203125 0.0732421875
0 0.580078125 0.32763671875 0.06640625 0.0654296875
0 0.5693359375 0.3740234375 0.08984375 0.046875
0 0.580078125 0.47802734375 0.072265625 0.0556640625
0 0.6748046875 0.43701171875 0.115234375 0.1591796875
0 0.650390625 0.880859375 0.173828125 0.0625
0 0.6328125 0.80029296875 0.12109375 0.1240234375
0 0.67236328125 0.9423828125 0.0595703125 0.064453125
0 0.708984375 0.7802734375 0.046875 0.1171875
0 0.95947265625 0.80810546875 0.0810546875 0.0458984375
0 0.94091796875 0.90185546875 0.0712890625 0.0498046875
0 0.923828125 0.85498046875 0.068359375 0.0498046875
0 0.97119140625 0.85986328125 0.0576171875 0.0576171875
0 0.47509765625 0.85205078125 0.0947265625 0.0810546875
0 0.5263671875 0.9130859375 0.0859375 0.064453125
0 0.353515625 0.875 0.123046875 0.125
0 0.4326171875 0.91796875 0.03515625 0.048828125
0 0.27685546875 0.73779296875 0.1025390625 0.1923828125
0 0.26953125 0.73974609375 0.12109375 0.0927734375
0 0.31103515625 0.76171875 0.0712890625 0.05078125
0 0.19140625 0.7568359375 0.078125 0.044921875
0 0.173828125 0.505859375 0.09375 0.083984375
0 0.2421875 0.49169921875 0.099609375 0.0615234375
0 0.26611328125 0.57763671875 0.1513671875 0.0400390625
0 0.39697265625 0.5107421875 0.1025390625 0.05859375
0 0.37060546875 0.5751953125 0.0751953125 0.068359375
0 0.138671875 0.9453125 0.09375 0.0703125
0 0.04296875 0.91357421875 0.0859375 0.0849609375
0 0.20751953125 0.92822265625 0.1083984375 0.0419921875
0 0.01171875 0.751953125 0.0234375 0.115234375
0 0.0615234375 0.72998046875 0.03515625 0.0634765625
0 0.0283203125 0.986328125 0.056640625 0.02734375
0 0.36328125 0.44091796875 0.09765625 0.0810546875
0 0.48095703125 0.34765625 0.0322265625 0.0625
0 0.21435546875 0.37646484375 0.0947265625 0.0595703125
0 0.31103515625 0.34521484375 0.0712890625 0.0615234375
0 0.25 0.29736328125 0.1015625 0.0791015625
0 0.25439453125 0.23779296875 0.0927734375 0.0595703125
0 0.3544921875 0.2431640625 0.125 0.109375
0 0.30810546875 0.17724609375 0.0712890625 0.0634765625
0 0.28173828125 0.1259765625 0.0830078125 0.087890625
0 0.21875 0.10693359375 0.05078125 0.0693359375
0 0.1787109375 0.02197265625 0.05859375 0.0439453125
0 0.02880859375 0.10791015625 0.0576171875 0.1943359375
0 0.2900390625 0.0439453125 0.173828125 0.087890625
0 0.04248046875 0.22802734375 0.0419921875 0.0634765625
0 0.46875 0.015625 0.056640625 0.03125
0 0.951171875 0.02978515625 0.056640625 0.0595703125
0 0.31005859375 0.6181640625 0.0576171875 0.046875
0 0.0732421875 0.16455078125 0.04296875 0.0634765625
0 0.3671875 0.03173828125 0.08984375 0.0634765625
0 0.51025390625 0.3974609375 0.0380859375 0.037109375
0 0.572265625 0.26318359375 0.060546875 0.0673828125
0 0.67626953125 0.705078125 0.0322265625 0.037109375
0 0.86083984375 0.98828125 0.0869140625 0.021484375
0 0.45751953125 0.99267578125 0.0400390625 0.0146484375
0 0.51123046875 0.3603515625 0.0322265625 0.041015625
0 0.92138671875 0.9560546875 0.0341796875 0.060546875
0 0.61767578125 0.33544921875 0.0263671875 0.0556640625
0 0.0166015625 0.24609375 0.033203125 0.068359375
0 0.4794921875 0.17138671875 0.099609375 0.0517578125
0 0.5234375 0.24560546875 0.029296875 0.0361328125
0 0.01171875 0.8349609375 0.0234375 0.02734375
0 0.775390625 0.65869140625 0.048828125 0.0498046875
0 0.9501953125 0.60595703125 0.099609375 0.0556640625
0 0.34326171875 0.0263671875 0.1357421875 0.029296875
0 0.9697265625 0.08837890625 0.05859375 0.0439453125
0 0.8095703125 0.068359375 0.103515625 0.060546875
0 0.7626953125 0.2880859375 0.072265625 0.060546875
0 0.78076171875 0.52978515625 0.1103515625 0.0830078125
0 0.97705078125 0.4794921875 0.0458984375 0.091796875
0 0.88623046875 0.673828125 0.1025390625 0.072265625
0 0.5517578125 0.9111328125 0.052734375 0.0390625
0 0.51220703125 0.45263671875 0.0341796875 0.0361328125
0 0.58984375 0.0625 0.07421875 0.05859375
0 0.3369140625 0.49853515625 0.048828125 0.0517578125
0 0.48974609375 0.0830078125 0.0771484375 0.052734375
