0 0.33447265625 0.04296875 0.0673828125 0.0859375
0 0.02783203125 0.02099609375 0.0556640625 0.0419921875
0 0.5048828125 0.02490234375 0.080078125 0.0498046875
0 0.61328125 0.015625 0.0546875 0.03125
0 0.6005859375 0.064453125 0.0703125 0.048828125
0 0.7138671875 0.08984375 0.044921875 0.052734375
0 0.62451171875 0.123046875 0.0810546875 0.083984375
0 0.85498046875 0.1650390625 0.0869140625 0.142578125
0 0.94140625 0.2255859375 0.1171875 0.078125
0 0.49853515625 0.2744140625 0.0517578125 0.08984375
0 0.23388671875 0.43603515625 0.0771484375 0.0556640625
0 0.3056640625 0.52783203125 0.123046875 0.1162109375
0 0.2470703125 0.64208984375 0.056640625 0.0986328125
0 0.591796875 0.6298828125 0.060546875 0.052734375
0 0.52880859375 0.677734375 0.0712890625 0.095703125
0 0.7890625 0.7978515625 0.056640625 0.068359375
0 0.908203125 0.71826171875 0.068359375 0.0732421875
0 0.68701171875 0.84814453125 0.0576171875 0.0595703125
0 0.8076171875 0.87353515625 0.087890625 0.0888671875
0 0.796875 0.927734375 0.060546875 0.04296875
0 0.70751953125 0.95068359375 0.0810546875 0.0791015625
0 0.64306640625 0.9912109375 0.0576171875 0.017578125
0 0.6337890625 0.9482421875 0.06640625 0.056640625
0 0.45703125 0.79638671875 0.060546875 0.0693359375
0 0.45556640625 0.859375 0.0517578125 0.046875
0 0.38330078125 0.8544921875 0.0732421875 0.107421875
0 0.0830078125 0.8837890625 0.046875 0.041015625
0 0.095703125 0.9150390625 0.044921875 0.046875
0 0.12890625 0.796875 0.0625 0.05078125
0 0.234375 0.8642578125 0.064453125 0.091796875
0 0.18310546875 0.88671875 0.0673828125 0.0703125
0 0.22119140625 0.93505859375 0.0712890625 0.0537109375
0 0.32861328125 0.90869140625 0.1025390625 0.1494140625
0 0.2197265625 0.97900390625 0.0859375 0.0400390625
0 0.01123046875 0.84716796875 0.0224609375 0.0693359375
0 0.01416015625 0.7822265625 0.0283203125 0.060546875
0 0.2119140625 0.7568359375 0.052734375 0.048828125
0 0.01416015625 0.36572265625 0.0283203125 0.0537109375
0 0.93798828125 0.6474609375 0.0673828125 0.052734375
0 0.97705078125 0.6796875 0.0458984375 0.064453125
0 0.9580078125 0.9404296875 0.080078125 0.078125
0 0.29150390625 0.984375 0.0556640625 0.03125
0 0.05615234375 0.06689453125 0.0419921875 0.0556640625
0 0.68603515625 0.99072265625 0.0361328125 0.0166015625
0 0.41748046875 0.94970703125 0.1181640625 0.1005859375
0 0.55322265625 0.94384765625 0.0556640625 0.0517578125
0 0.95654296875 0.7294921875 0.0693359375 0.06640625
0 0.74560546875 0.8525390625 0.0673828125 0.072265625
0 0.2529296875 0.91796875 0.064453125 0.0625
