0 0.9072265625 0.7958984375 0.056640625 0.06640625
0 0.82666015625 0.70068359375 0.0458984375 0.0615234375
0 0.6455078125 0.84033203125 0.048828125 0.0517578125
0 0.50537109375 0.87255859375 0.1201171875 0.0947265625
0 0.59326171875 0.755859375 0.0771484375 0.0625
0 0.513671875 0.708984375 0.041015625 0.044921875
0 0.2783203125 0.81787109375 0.048828125 0.0380859375
0 0.2861328125 0.7255859375 0.07421875 0.044921875
0 0.3251953125 0.66748046875 0.0546875 0.0634765625
0 0.48291015625 0.4970703125 0.0712890625 0.087890625
0 0.6240234375 0.568359375 0.060546875 0.056640625
0 0.76708984375 0.54541015625 0.0498046875 0.0791015625
0 0.8427734375 0.59375 0.033203125 0.072265625
0 0.7197265625 0.47607421875 0.03515625 0.0712890625
0 0.931640625 0.4326171875 0.041015625 0.060546875
0 0.83544921875 0.4296875 0.0517578125 0.0546875
0 0.80322265625 0.3720703125 0.0517578125 0.05859375
0 0.828125 0.478515625 0.0546875 0.04296875
0 0.794921875 0.49755859375 0.052734375 0.0458984375
0 0.9462890625 0.29931640625 0.0625 0.0751953125
0 0.95166015625 0.0576171875 0.0517578125 0.076171875
0 0.93994140625 0.14404296875 0.0751953125 0.1064453125
0 0.8779296875 0.1025390625 0.046875 0.06640625
0 0.75830078125 0.212890625 0.0419921875 0.0546875
0 0.68994140625 0.14599609375 0.0908203125 0.0791015625
0 0.658203125 0.2197265625 0.083984375 0.052734375
0 0.50537109375 0.03466796875 0.0439453125 0.0322265625
0 0.54052734375 0.07470703125 0.0380859375 0.0341796875
0 0.5263671875 0.17578125 0.0625 0.07421875
0 0.50439453125 0.201171875 0.0673828125 0.08984375
0 0.4384765625 0.15283203125 0.0625 0.0400390625
0 0.373046875 0.22119140625 0.0859375 0.0478515625
0 0.17431640625 0.0390625 0.0654296875 0.076171875
0 0.14306640625 0.076171875 0.0966796875 0.091796875
0 0.04052734375 0.05615234375 0.0380859375 0.0556640625
0 0.22314453125 0.169921875 0.0634765625 0.0859375
0 0.203125 0.224609375 0.05859375 0.13671875
0 0.099609375 0.2275390625 0.05078125 0.068359375
0 0.2783203125 0.3271484375 0.044921875 0.05078125
0 0.3798828125 0.283203125 0.060546875 0.06640625
0 0.1640625 0.390625 0.0546875 0.18359375
0 0.06640625 0.3837890625 0.064453125 0.060546875
0 0.197265625 0.44677734375 0.03515625 0.0693359375
0 0.12841796875 0.34033203125 0.0517578125 0.0849609375
0 0.3623046875 0.51025390625 0.025390625 0.0673828125
0 0.314453125 0.48974609375 0.0546875 0.0458984375
0 0.33935546875 0.4541015625 0.0478515625 0.068359375
0 0.13818359375 0.66162109375 0.0498046875 0.0966796875
0 0.099609375 0.57470703125 0.06640625 0.0712890625
0 0.15576171875 0.53759765625 0.0810546875 0.0517578125
0 0.234375 0.64794921875 0.041015625 0.0380859375
0 0.26513671875 0.74365234375 0.0654296875 0.0400390625
0 0.09814453125 0.86279296875 0.0478515625 0.0341796875
0 0.27099609375 0.5908203125 0.0654296875 0.037109375
0 0.2666015625 0.5439453125 0.0625 0.0546875
0 0.1962890625 0.52392578125 0.03125 0.0478515625
0 0.4150390625 0.626953125 0.03125 0.046875
0 0.419921875 0.662109375 0.048828125 0.068359375
0 0.0830078125 0.6640625 0.046875 0.037109375
0 0.0830078125 0.3388671875 0.046875 0.046875
0 0.73095703125 0.6123046875 0.0712890625 0.06640625
