0 0.5625 0.8134765625 0.1328125 0.119140625
0 0.3349609375 0.8349609375 0.052734375 0.064453125
0 0.90185546875 0.55126953125 0.1162109375 0.0771484375
0 0.86279296875 0.275390625 0.1572265625 0.080078125
0 0.9765625 0.630859375 0.046875 0.046875
0 0.62548828125 0.291015625 0.1376953125 0.13671875
0 0.80322265625 0.0341796875 0.0576171875 0.064453125
0 0.46240234375 0.60791015625 0.0947265625 0.1064453125
0 0.81787109375 0.37939453125 0.1533203125 0.0810546875
0 0.3671875 0.69091796875 0.05078125 0.0478515625
0 0.4921875 0.06787109375 0.060546875 0.0634765625
0 0.2158203125 0.447265625 0.068359375 0.078125
0 0.474609375 0.75390625 0.06640625 0.0546875
0 0.537109375 0.92333984375 0.05078125 0.0361328125
0 0.45458984375 0.40869140625 0.1083984375 0.1005859375
0 0.2705078125 0.53125 0.064453125 0.04296875
