0 0.97607421875 0.59228515625 0.0458984375 0.0478515625
0 0.87744140625 0.08984375 0.0947265625 0.05859375
0 0.95947265625 0.21044921875 0.0712890625 0.0556640625
0 0.0380859375 0.6123046875 0.0703125 0.041015625
0 0.07275390625 0.97412109375 0.0673828125 0.0517578125
0 0.025390625 0.67138671875 0.05078125 0.0576171875
0 0.11767578125 0.92236328125 0.0615234375 0.0595703125
0 0.9130859375 0.359375 0.083984375 0.064453125
0 0.0322265625 0.80712890625 0.0625 0.0478515625
0 0.03955078125 0.7724609375 0.0498046875 0.04296875
0 0.79248046875 0.62353515625 0.0693359375 0.0517578125
0 0.052734375 0.7314453125 0.052734375 0.046875
0 0.97265625 0.05029296875 0.0546875 0.0537109375
0 0.95849609375 0.3818359375 0.0830078125 0.0703125
0 0.91357421875 0.55859375 0.1201171875 0.056640625
