0 0.85498046875 0.0234375 0.0478515625 0.046875
0 0.93603515625 0.13720703125 0.1259765625 0.0712890625
0 0.775390625 0.0947265625 0.169921875 0.04296875
0 0.7470703125 0.0361328125 0.0390625 0.06640625
0 0.703125 0.0400390625 0.048828125 0.0703125
0 0.44677734375 0.1044921875 0.1201171875 0.0703125
0 0.3486328125 0.05615234375 0.087890625 0.1123046875
0 0.20166015625 0.0224609375 0.0810546875 0.044921875
0 0.11376953125 0.072265625 0.1025390625 0.060546875
0 0.162109375 0.17626953125 0.044921875 0.0556640625
0 0.01904296875 0.14990234375 0.0322265625 0.0517578125
0 0.23779296875 0.099609375 0.0419921875 0.044921875
0 0.2841796875 0.1201171875 0.048828125 0.0703125
0 0.26611328125 0.23974609375 0.0556640625 0.0810546875
0 0.25537109375 0.16650390625 0.0478515625 0.0849609375
0 0.12451171875 0.36865234375 0.0830078125 0.0654296875
0 0.158203125 0.28173828125 0.03515625 0.0615234375
0 0.22265625 0.134765625 0.02734375 0.05078125
0 0.2021484375 0.29296875 0.03125 0.03515625
0 0.521484375 0.2314453125 0.048828125 0.05078125
0 0.4091796875 0.32177734375 0.03515625 0.0380859375
0 0.46923828125 0.32470703125 0.0732421875 0.0654296875
0 0.5546875 0.30712890625 0.0625 0.0810546875
0 0.66943359375 0.2021484375 0.0712890625 0.11328125
0 0.759765625 0.19140625 0.06640625 0.06640625
0 0.671875 0.2529296875 0.1015625 0.06640625
0 0.46728515625 0.47998046875 0.0732421875 0.0556640625
0 0.57177734375 0.4208984375 0.0771484375 0.0390625
0 0.65234375 0.416015625 0.0390625 0.05078125
0 0.81494140625 0.283203125 0.0478515625 0.041015625
0 0.84033203125 0.3056640625 0.0478515625 0.04296875
0 0.70556640625 0.3349609375 0.0517578125 0.0625
0 0.8701171875 0.36279296875 0.064453125 0.0615234375
0 0.78173828125 0.35009765625 0.1142578125 0.0576171875
0 0.8173828125 0.40283203125 0.0390625 0.0400390625
0 0.7705078125 0.4033203125 0.06640625 0.0546875
0 0.79833984375 0.46044921875 0.1044921875 0.0556640625
0 0.90478515625 0.45556640625 0.0400390625 0.0419921875
0 0.7900390625 0.50244140625 0.076171875 0.0400390625
0 0.8515625 0.49462890625 0.048828125 0.0576171875
0 0.62744140625 0.4697265625 0.1396484375 0.056640625
0 0.93310546875 0.64501953125 0.0517578125 0.0537109375
0 0.9296875 0.6796875 0.060546875 0.041015625
0 0.828125 0.57568359375 0.095703125 0.0634765625
0 0.8125 0.64404296875 0.109375 0.0927734375
0 0.828125 0.826171875 0.03515625 0.029296875
0 0.55419921875 0.642578125 0.0810546875 0.05078125
0 0.52880859375 0.52587890625 0.1357421875 0.0615234375
0 0.54296875 0.8046875 0.041015625 0.0546875
0 0.49755859375 0.763671875 0.0458984375 0.072265625
0 0.4580078125 0.7421875 0.048828125 0.078125
0 0.4443359375 0.6318359375 0.037109375 0.0546875
0 0.43994140625 0.818359375 0.0498046875 0.064453125
0 0.3642578125 0.8046875 0.09375 0.068359375
0 0.4111328125 0.76025390625 0.05859375 0.0654296875
0 0.4033203125 0.68798828125 0.041015625 0.0498046875
0 0.36474609375 0.654296875 0.0419921875 0.05078125
0 0.34033203125 0.7158203125 0.0791015625 0.064453125
0 0.287109375 0.70361328125 0.041015625 0.0517578125
0 0.30078125 0.623046875 0.05859375 0.072265625
0 0.3798828125 0.59765625 0.08203125 0.0703125
0 0.35693359375 0.490234375 0.0458984375 0.07421875
0 0.41455078125 0.53662109375 0.0380859375 0.0595703125
0 0.7353515625 0.92333984375 0.04296875 0.0634765625
0 0.0107421875 0.56884765625 0.021484375 0.0537109375
0 0.185546875 0.70556640625 0.142578125 0.1279296875
0 0.3671875 0.92431640625 0.046875 0.0556640625
0 0.31298828125 0.931640625 0.0654296875 0.056640625
0 0.1669921875 0.943359375 0.1171875 0.109375
0 0.28857421875 0.98095703125 0.0771484375 0.0380859375
0 0.5703125 0.98193359375 0.095703125 0.0361328125
0 0.865234375 0.9140625 0.029296875 0.03515625
0 0.8271484375 0.96484375 0.015625 0.021484375
0 0.91259765625 0.99072265625 0.0478515625 0.0185546875
0 0.92919921875 0.1123046875 0.1298828125 0.07421875
0 0.35009765625 0.7666015625 0.0400390625 0.033203125
0 0.2666015625 0.69189453125 0.046875 0.0615234375
0 0.86962890625 0.52392578125 0.0302734375 0.0283203125
