0 0.8369140625 0.79443359375 0.0703125 0.0654296875
0 0.07470703125 0.60107421875 0.0693359375 0.0419921875
0 0.654296875 0.7509765625 0.076171875 0.044921875
0 0.0361328125 0.21337890625 0.072265625 0.0986328125
0 0.62109375 0.5244140625 0.09375 0.072265625
0 0.1533203125 0.86376953125 0.060546875 0.0576171875
0 0.36083984375 0.08203125 0.1376953125 0.109375
0 0.22314453125 0.43408203125 0.0927734375 0.0595703125
0 0.658203125 0.349609375 0.107421875 0.0703125
0 0.466796875 0.72509765625 0.048828125 0.0283203125
0 0.73486328125 0.60546875 0.1025390625 0.06640625
0 0.90234375 0.27392578125 0.150390625 0.1748046875
0 0.83984375 0.71484375 0.05859375 0.09375
0 0.72314453125 0.30517578125 0.1240234375 0.0400390625
0 0.5556640625 0.11181640625 0.123046875 0.0849609375
0 0.35888671875 0.5078125 0.1044921875 0.037109375
0 0.50341796875 0.04052734375 0.0927734375 0.0771484375
0 0.3310546875 0.759765625 0.09375 0.091796875
0 0.23046875 0.3681640625 0.064453125 0.044921875
0 0.6796875 0.1435546875 0.205078125 0.1328125
0 0.1337890625 0.17919921875 0.0625 0.0751953125
0 0.1494140625 0.3984375 0.08984375 0.076171875
0 0.32861328125 0.56298828125 0.1083984375 0.0380859375
0 0.18701171875 0.11083984375 0.0908203125 0.0771484375
0 0.36572265625 0.47119140625 0.0869140625 0.0576171875
0 0.7587890625 0.375 0.11328125 0.056640625
0 0.2744140625 0.2099609375 0.134765625 0.078125
0 0.46826171875 0.12109375 0.1279296875 0.072265625
0 0.7353515625 0.26416015625 0.1171875 0.0595703125
0 0.83935546875 0.03076171875 0.1572265625 0.0595703125
0 0.65087890625 0.1025390625 0.0634765625 0.05078125
0 0.61328125 0.79638671875 0.068359375 0.0400390625
0 0.42724609375 0.41845703125 0.0966796875 0.0498046875
0 0.1767578125 0.1982421875 0.130859375 0.072265625
0 0.27783203125 0.61669921875 0.0888671875 0.0361328125
