0 0.43994140625 0.5078125 0.0615234375 0.1171875
0 0.18310546875 0.65087890625 0.0751953125 0.0537109375
0 0.04052734375 0.521484375 0.0595703125 0.052734375
0 0.51904296875 0.74951171875 0.1240234375 0.0673828125
0 0.6923828125 0.59130859375 0.048828125 0.0810546875
0 0.0703125 0.17333984375 0.048828125 0.1025390625
0 0.17626953125 0.7216796875 0.1142578125 0.06640625
0 0.169921875 0.921875 0.078125 0.0546875
0 0.71044921875 0.73876953125 0.0810546875 0.1201171875
0 0.169921875 0.1787109375 0.138671875 0.03515625
0 0.77685546875 0.33056640625 0.0458984375 0.0751953125
0 0.26953125 0.779296875 0.107421875 0.0703125
0 0.74072265625 0.9365234375 0.0654296875 0.126953125
0 0.21484375 0.44873046875 0.068359375 0.0517578125
0 0.3388671875 0.2763671875 0.041015625 0.0703125
0 0.30029296875 0.67333984375 0.0927734375 0.0751953125
0 0.6259765625 0.79931640625 0.060546875 0.0947265625
0 0.47412109375 0.64501953125 0.1240234375 0.0654296875
0 0.720703125 0.06005859375 0.072265625 0.0908203125
0 0.92626953125 0.4091796875 0.1025390625 0.076171875
0 0.1591796875 0.19921875 0.13671875 0.05859375
0 0.65771484375 0.8310546875 0.0517578125 0.09375
0 0.49365234375 0.1533203125 0.0537109375 0.130859375
0 0.60400390625 0.9658203125 0.0576171875 0.05078125
0 0.4404296875 0.8349609375 0.16015625 0.080078125
0 0.8818359375 0.4970703125 0.044921875 0.0234375
0 0.86865234375 0.12841796875 0.0751953125 0.0498046875
0 0.97119140625 0.953125 0.0576171875 0.08203125
0 0.94873046875 0.83056640625 0.0498046875 0.0380859375
0 0.22021484375 0.4931640625 0.1083984375 0.05078125
0 0.5595703125 0.61328125 0.166015625 0.1171875
0 0.64990234375 0.38427734375 0.0419921875 0.0400390625
0 0.64404296875 0.29931640625 0.0908203125 0.0380859375
0 0.896484375 0.9853515625 0.056640625 0.029296875
0 0.31591796875 0.93896484375 0.0380859375 0.0439453125
0 0.44580078125 0.95703125 0.1357421875 0.083984375
0 0.4384765625 0.2236328125 0.05859375 0.123046875
0 0.2587890625 0.578125 0.14453125 0.076171875
0 0.03515625 0.880859375 0.037109375 0.07421875
0 0.06591796875 0.66357421875 0.0380859375 0.0361328125
0 0.1748046875 0.0205078125 0.048828125 0.041015625
0 0.20703125 0.2822265625 0.08984375 0.0859375
0 0.28955078125 0.46337890625 0.1279296875 0.0712890625
0 0.91064453125 0.2509765625 0.0673828125 0.056640625
0 0.58984375 0.45361328125 0.0625 0.0576171875
0 0.7412109375 0.08203125 0.0390625 0.072265625
0 0.21630859375 0.03173828125 0.0615234375 0.0634765625
0 0.09619140625 0.7412109375 0.0908203125 0.05078125
0 0.53271484375 0.23828125 0.0380859375 0.1640625
