0 0.216796875 0.25341796875 0.134765625 0.0576171875
0 0.9091796875 0.11181640625 0.095703125 0.0556640625
0 0.02099609375 0.46923828125 0.0419921875 0.0791015625
0 0.26953125 0.77685546875 0.138671875 0.1357421875
0 0.30810546875 0.5966796875 0.0654296875 0.076171875
0 0.828125 0.46923828125 0.08203125 0.1103515625
0 0.1279296875 0.2568359375 0.0625 0.083984375
0 0.23974609375 0.8056640625 0.0595703125 0.10546875
0 0.4462890625 0.10595703125 0.109375 0.0654296875
0 0.20361328125 0.08642578125 0.1298828125 0.0634765625
0 0.4609375 0.48681640625 0.1171875 0.1455078125
0 0.15478515625 0.56103515625 0.0458984375 0.0751953125
0 0.8818359375 0.32275390625 0.060546875 0.0576171875
0 0.9345703125 0.431640625 0.080078125 0.06640625
0 0.09130859375 0.1708984375 0.0595703125 0.0546875
0 0.05859375 0.2880859375 0.1171875 0.08203125
0 0.7880859375 0.22705078125 0.0703125 0.0400390625
0 0.970703125 0.2177734375 0.056640625 0.08203125
0 0.23291015625 0.359375 0.1064453125 0.052734375
