0 0.50634765625 0.93994140625 0.0654296875 0.0419921875
0 0.8046875 0.76904296875 0.064453125 0.0634765625
0 0.44189453125 0.91796875 0.0400390625 0.056640625
0 0.62451171875 0.6142578125 0.0654296875 0.0703125
0 0.5361328125 0.1494140625 0.0625 0.0703125
0 0.8310546875 0.08642578125 0.056640625 0.0400390625
0 0.97216796875 0.82861328125 0.0556640625 0.0400390625
0 0.92919921875 0.80126953125 0.0380859375 0.0439453125
0 0.0517578125 0.02978515625 0.044921875 0.0439453125
0 0.07568359375 0.25390625 0.0615234375 0.0625
0 0.3896484375 0.822265625 0.064453125 0.0703125
0 0.8740234375 0.33740234375 0.04296875 0.0458984375
0 0.79248046875 0.61962890625 0.0732421875 0.1083984375
0 0.79638671875 0.49462890625 0.0478515625 0.0927734375
0 0.86083984375 0.556640625 0.0419921875 0.064453125
0 0.5068359375 0.767578125 0.064453125 0.05078125
0 0.05810546875 0.50830078125 0.0478515625 0.0830078125
0 0.02294921875 0.08447265625 0.0380859375 0.0791015625
0 0.64111328125 0.650390625 0.0634765625 0.05859375
0 0.96630859375 0.80078125 0.0615234375 0.044921875
