0 0.162109375 0.65185546875 0.068359375 0.0654296875
0 0.87158203125 0.2626953125 0.0732421875 0.07421875
0 0.90380859375 0.56689453125 0.0830078125 0.1123046875
0 0.18994140625 0.97216796875 0.0888671875 0.0556640625
0 0.46240234375 0.4521484375 0.0478515625 0.03515625
0 0.28515625 0.3349609375 0.10546875 0.080078125
0 0.330078125 0.95263671875 0.08984375 0.0556640625
0 0.16015625 0.51513671875 0.060546875 0.0517578125
0 0.1015625 0.72314453125 0.0546875 0.0556640625
0 0.9501953125 0.47119140625 0.099609375 0.1064453125
0 0.5810546875 0.478515625 0.099609375 0.076171875
0 0.755859375 0.8994140625 0.10546875 0.12109375
0 0.8505859375 0.47509765625 0.080078125 0.0849609375
0 0.6669921875 0.3623046875 0.103515625 0.111328125
0 0.0234375 0.49462890625 0.046875 0.0947265625
0 0.27294921875 0.7177734375 0.0595703125 0.07421875
0 0.966796875 0.30712890625 0.044921875 0.0634765625
0 0.521484375 0.017578125 0.083984375 0.03515625
0 0.68798828125 0.59033203125 0.0654296875 0.0498046875
0 0.56298828125 0.8642578125 0.1064453125 0.14453125
0 0.044921875 0.5927734375 0.056640625 0.060546875
0 0.80517578125 0.18896484375 0.0654296875 0.0654296875
0 0.27880859375 0.466796875 0.0458984375 0.05078125
0 0.28955078125 0.0859375 0.0673828125 0.083984375
0 0.36376953125 0.294921875 0.1298828125 0.1015625
0 0.4990234375 0.0947265625 0.068359375 0.08203125
0 0.6328125 0.1123046875 0.0859375 0.08203125
0 0.787109375 0.85791015625 0.080078125 0.1279296875
0 0.171875 0.85107421875 0.076171875 0.0693359375
0 0.30126953125 0.21875 0.1240234375 0.0703125
0 0.66943359375 0.189453125 0.0400390625 0.056640625
0 0.310546875 0.76123046875 0.05078125 0.0712890625
0 0.9189453125 0.94970703125 0.111328125 0.0908203125
0 0.71142578125 0.82421875 0.0791015625 0.052734375
0 0.75732421875 0.3203125 0.0498046875 0.052734375
0 0.65380859375 0.716796875 0.0908203125 0.078125
0 0.77099609375 0.37841796875 0.0498046875 0.0439453125
