0 0.86865234375 0.41455078125 0.0849609375 0.0537109375
0 0.74853515625 0.30859375 0.0927734375 0.107421875
0 0.36572265625 0.453125 0.0927734375 0.072265625
0 0.13671875 0.345703125 0.05859375 0.041015625
0 0.3916015625 0.36669921875 0.130859375 0.0595703125
0 0.73828125 0.2392578125 0.1171875 0.08984375
0 0.19775390625 0.54248046875 0.1318359375 0.0478515625
0 0.57470703125 0.4716796875 0.0556640625 0.052734375
0 0.4306640625 0.609375 0.10546875 0.060546875
0 0.53955078125 0.13232421875 0.0947265625 0.0751953125
0 0.95849609375 0.41064453125 0.0615234375 0.0771484375
0 0.5205078125 0.29638671875 0.044921875 0.0556640625
0 0.08935546875 0.16552734375 0.0751953125 0.0771484375
0 0.97314453125 0.322265625 0.0517578125 0.07421875
0 0.02734375 0.57763671875 0.048828125 0.0498046875
0 0.5869140625 0.4091796875 0.1015625 0.087890625
0 0.4970703125 0.4775390625 0.072265625 0.076171875
0 0.1533203125 0.4443359375 0.068359375 0.05859375
0 0.2529296875 0.181640625 0.09765625 0.080078125
0 0.734375 0.42578125 0.080078125 0.1015625
0 0.66552734375 0.03857421875 0.0927734375 0.0771484375
0 0.75439453125 0.1669921875 0.0751953125 0.08984375
0 0.33935546875 0.18701171875 0.1044921875 0.0908203125
0 0.130859375 0.20361328125 0.09765625 0.0673828125
0 0.33984375 0.55224609375 0.08984375 0.0751953125
0 0.57080078125 0.0693359375 0.0869140625 0.10546875
0 0.251953125 0.48828125 0.150390625 0.078125
0 0.10205078125 0.29345703125 0.1025390625 0.0576171875
