0 0.7880859375 0.21484375 0.099609375 0.09375
0 0.24560546875 0.74267578125 0.0810546875 0.0712890625
0 0.97607421875 0.55908203125 0.0419921875 0.0615234375
0 0.0869140625 0.46142578125 0.068359375 0.0576171875
0 0.44140625 0.6005859375 0.1171875 0.072265625
0 0.86572265625 0.26904296875 0.1005859375 0.0712890625
0 0.9013671875 0.845703125 0.1015625 0.060546875
0 0.947265625 0.400390625 0.05859375 0.064453125
0 0.0458984375 0.3203125 0.06640625 0.083984375
0 0.04150390625 0.9326171875 0.0712890625 0.0625
0 0.962890625 0.22021484375 0.0703125 0.0751953125
0 0.6787109375 0.7978515625 0.0546875 0.04296875
0 0.36083984375 0.6318359375 0.0986328125 0.052734375
0 0.2919921875 0.302734375 0.056640625 0.10546875
0 0.69140625 0.046875 0.064453125 0.09375
0 0.03271484375 0.56494140625 0.0498046875 0.0712890625
0 0.38818359375 0.3642578125 0.1005859375 0.080078125
0 0.7119140625 0.3603515625 0.05859375 0.076171875
0 0.7666015625 0.10693359375 0.064453125 0.0615234375
0 0.29248046875 0.4814453125 0.1064453125 0.068359375
0 0.12939453125 0.111328125 0.0634765625 0.091796875
0 0.62548828125 0.03369140625 0.0517578125 0.0634765625
0 0.23583984375 0.443359375 0.0771484375 0.08984375
0 0.712890625 0.498046875 0.078125 0.0625
0 0.1474609375 0.8818359375 0.087890625 0.123046875
0 0.0458984375 0.80615234375 0.05859375 0.1005859375
0 0.92138671875 0.4599609375 0.0654296875 0.06640625
