0 0.724609375 0.83447265625 0.115234375 0.1552734375
0 0.7783203125 0.3720703125 0.142578125 0.224609375
0 0.8544921875 0.974609375 0.05078125 0.05078125
0 0.91943359375 0.875 0.0771484375 0.07421875
0 0.4111328125 0.5244140625 0.09765625 0.0703125
0 0.66845703125 0.87158203125 0.0771484375 0.0830078125
0 0.93798828125 0.04248046875 0.1240234375 0.0849609375
0 0.720703125 0.27587890625 0.078125 0.0576171875
0 0.1318359375 0.02685546875 0.0625 0.0537109375
0 0.83935546875 0.1533203125 0.0947265625 0.0625
0 0.92724609375 0.537109375 0.0595703125 0.125
0 0.943359375 0.7333984375 0.11328125 0.087890625
0 0.265625 0.23828125 0.083984375 0.1015625
0 0.2392578125 0.4169921875 0.080078125 0.1796875
0 0.70458984375 0.4951171875 0.1123046875 0.068359375
0 0.0947265625 0.97021484375 0.107421875 0.0595703125
0 0.501953125 0.2607421875 0.0703125 0.078125
0 0.05419921875 0.6298828125 0.1064453125 0.169921875
0 0.91064453125 0.96044921875 0.0869140625 0.0791015625
0 0.34228515625 0.45703125 0.1103515625 0.109375
0 0.18701171875 0.513671875 0.0576171875 0.04296875
0 0.25732421875 0.86474609375 0.1552734375 0.1103515625
0 0.54931640625 0.412109375 0.0654296875 0.064453125
0 0.3994140625 0.90869140625 0.1796875 0.1474609375
0 0.6416015625 0.1435546875 0.033203125 0.068359375
0 0.615234375 0.25390625 0.107421875 0.0546875
0 0.943359375 0.30810546875 0.091796875 0.0830078125
0 0.47705078125 0.66943359375 0.0556640625 0.0654296875
0 0.81591796875 0.630859375 0.0869140625 0.08203125
0 0.29443359375 0.14208984375 0.0693359375 0.0498046875
0 0.1181640625 0.79052734375 0.099609375 0.0888671875
0 0.57177734375 0.68701171875 0.0947265625 0.0693359375
0 0.42578125 0.73291015625 0.09765625 0.1376953125
0 0.4208984375 0.978515625 0.068359375 0.04296875
0 0.5244140625 0.5068359375 0.064453125 0.080078125
0 0.65087890625 0.64697265625 0.2021484375 0.1552734375
0 0.82421875 0.751953125 0.08984375 0.0703125
0 0.69677734375 0.9697265625 0.0595703125 0.060546875
0 0.5771484375 0.33984375 0.154296875 0.080078125
0 0.09423828125 0.26513671875 0.0849609375 0.0771484375
0 0.0888671875 0.12890625 0.064453125 0.08984375
0 0.33837890625 0.21044921875 0.1181640625 0.1298828125
0 0.40185546875 0.58349609375 0.1201171875 0.0830078125
0 0.16064453125 0.2080078125 0.0869140625 0.072265625
0 0.9072265625 0.76123046875 0.064453125 0.1025390625
0 0.20361328125 0.67822265625 0.0673828125 0.0927734375
