0 0.095703125 0.4189453125 0.05859375 0.115234375
0 0.56494140625 0.2763671875 0.0478515625 0.080078125
0 0.7119140625 0.91650390625 0.09765625 0.0927734375
0 0.77587890625 0.63330078125 0.1865234375 0.0771484375
0 0.73828125 0.97998046875 0.072265625 0.0400390625
0 0.74755859375 0.8759765625 0.0888671875 0.169921875
0 0.19091796875 0.970703125 0.0576171875 0.05859375
0 0.4033203125 0.59423828125 0.107421875 0.1005859375
0 0.9267578125 0.07080078125 0.130859375 0.1123046875
0 0.14892578125 0.98095703125 0.0478515625 0.0380859375
0 0.04736328125 0.65478515625 0.0947265625 0.1142578125
0 0.11474609375 0.2451171875 0.1083984375 0.09765625
0 0.43505859375 0.74853515625 0.1630859375 0.1435546875
0 0.314453125 0.33935546875 0.134765625 0.1103515625
0 0.66357421875 0.55859375 0.0673828125 0.04296875
0 0.4921875 0.0419921875 0.078125 0.083984375
0 0.41552734375 0.02490234375 0.0849609375 0.0498046875
0 0.5068359375 0.26171875 0.193359375 0.244140625
0 0.11181640625 0.458984375 0.0654296875 0.0625
0 0.73974609375 0.18310546875 0.1337890625 0.1298828125
0 0.1298828125 0.14013671875 0.07421875 0.1025390625
0 0.25341796875 0.6689453125 0.0751953125 0.06640625
0 0.3076171875 0.92333984375 0.087890625 0.1044921875
0 0.92041015625 0.59326171875 0.0849609375 0.0771484375
0 0.35400390625 0.47509765625 0.0908203125 0.0693359375
0 0.57861328125 0.0830078125 0.1923828125 0.119140625
0 0.5263671875 0.341796875 0.1953125 0.05078125
0 0.4814453125 0.53466796875 0.052734375 0.0595703125
0 0.1943359375 0.0771484375 0.07421875 0.154296875
0 0.583984375 0.02880859375 0.052734375 0.0576171875
0 0.10986328125 0.6455078125 0.0966796875 0.2421875
0 0.20849609375 0.66552734375 0.0634765625 0.0712890625
0 0.294921875 0.42822265625 0.21875 0.1064453125
0 0.09423828125 0.875 0.0927734375 0.16015625
0 0.20751953125 0.2255859375 0.0966796875 0.1171875
0 0.34765625 0.53662109375 0.048828125 0.0673828125
0 0.39697265625 0.14208984375 0.0693359375 0.1201171875
0 0.853515625 0.9521484375 0.1171875 0.095703125
0 0.35888671875 0.28125 0.0537109375 0.087890625
0 0.318359375 0.79638671875 0.23828125 0.1494140625
0 0.7841796875 0.27978515625 0.06640625 0.0673828125
0 0.0498046875 0.1337890625 0.09765625 0.0625
0 0.48046875 0.89208984375 0.126953125 0.2158203125
0 0.03466796875 0.82958984375 0.0693359375 0.0751953125
0 0.72509765625 0.07470703125 0.1337890625 0.1494140625
0 0.97216796875 0.58154296875 0.0517578125 0.0908203125
0 0.6826171875 0.7841796875 0.23046875 0.22265625
0 0.6435546875 0.244140625 0.09765625 0.044921875
0 0.802734375 0.17138671875 0.072265625 0.0947265625
0 0.92578125 0.46533203125 0.07421875 0.0537109375
0 0.0537109375 0.2587890625 0.09375 0.201171875
0 0.69091796875 0.32666015625 0.1689453125 0.1494140625
