0 0.85595703125 0.9755859375 0.0732421875 0.048828125
0 0.986328125 0.88720703125 0.02734375 0.0634765625
0 0.97802734375 0.53271484375 0.0439453125 0.0400390625
0 0.60400390625 0.90380859375 0.0634765625 0.0908203125
0 0.66650390625 0.888671875 0.0498046875 0.048828125
0 0.849609375 0.80517578125 0.05859375 0.0849609375
0 0.7802734375 0.8076171875 0.06640625 0.06640625
0 0.6708984375 0.83203125 0.162109375 0.052734375
0 0.6005859375 0.77685546875 0.103515625 0.0634765625
0 0.6650390625 0.75439453125 0.078125 0.0595703125
0 0.80029296875 0.6904296875 0.0595703125 0.0625
0 0.837890625 0.62646484375 0.060546875 0.0615234375
0 0.7392578125 0.4990234375 0.064453125 0.056640625
0 0.69384765625 0.44580078125 0.0556640625 0.0400390625
0 0.7880859375 0.23876953125 0.041015625 0.0361328125
0 0.8154296875 0.28173828125 0.046875 0.0693359375
0 0.87451171875 0.19384765625 0.0712890625 0.0791015625
0 0.9169921875 0.0517578125 0.05859375 0.048828125
0 0.54150390625 0.02734375 0.1103515625 0.0546875
0 0.51025390625 0.9462890625 0.0615234375 0.107421875
0 0.3837890625 0.947265625 0.05859375 0.10546875
0 0.45751953125 0.88037109375 0.0322265625 0.0283203125
0 0.2900390625 0.88037109375 0.056640625 0.0537109375
0 0.41064453125 0.62890625 0.0400390625 0.046875
0 0.224609375 0.54443359375 0.046875 0.0537109375
0 0.28857421875 0.5302734375 0.0322265625 0.033203125
0 0.23486328125 0.49609375 0.0654296875 0.05859375
0 0.2919921875 0.42919921875 0.046875 0.0419921875
0 0.42919921875 0.416015625 0.0439453125 0.0390625
0 0.412109375 0.36279296875 0.04296875 0.0595703125
0 0.291015625 0.36767578125 0.06640625 0.0615234375
0 0.2177734375 0.29296875 0.072265625 0.0546875
0 0.296875 0.26025390625 0.052734375 0.0849609375
0 0.40771484375 0.24853515625 0.0478515625 0.0576171875
0 0.15869140625 0.9638671875 0.0556640625 0.046875
0 0.05322265625 0.54541015625 0.0478515625 0.0419921875
0 0.091796875 0.4228515625 0.078125 0.0703125
0 0.3583984375 0.07666015625 0.056640625 0.0712890625
0 0.29833984375 0.02490234375 0.0341796875 0.0400390625
0 0.2509765625 0.04443359375 0.046875 0.0458984375
0 0.2041015625 0.0439453125 0.05859375 0.087890625
0 0.283203125 0.126953125 0.091796875 0.125
0 0.2255859375 0.15673828125 0.072265625 0.0693359375
0 0.1650390625 0.18505859375 0.1015625 0.0810546875
0 0.48193359375 0.78662109375 0.0478515625 0.0419921875
0 0.4189453125 0.798828125 0.078125 0.11328125
0 0.36328125 0.759765625 0.0625 0.08203125
0 0.33056640625 0.79638671875 0.0634765625 0.1005859375
0 0.28515625 0.7509765625 0.046875 0.0390625
0 0.2705078125 0.712890625 0.044921875 0.04296875
0 0.0146484375 0.912109375 0.02734375 0.076171875
0 0.78466796875 0.33251953125 0.0400390625 0.0419921875
0 0.74951171875 0.30712890625 0.0419921875 0.0439453125
0 0.7041015625 0.310546875 0.048828125 0.046875
0 0.68896484375 0.31005859375 0.0693359375 0.0791015625
0 0.85107421875 0.0478515625 0.0673828125 0.095703125
0 0.79150390625 0.03515625 0.0673828125 0.0703125
0 0.74072265625 0.08349609375 0.0595703125 0.0595703125
0 0.68359375 0.05419921875 0.064453125 0.0810546875
