0 0.7744140625 0.44970703125 0.091796875 0.0595703125
0 0.79833984375 0.54443359375 0.1357421875 0.1103515625
0 0.52294921875 0.8173828125 0.1376953125 0.08984375
0 0.3349609375 0.34814453125 0.130859375 0.1318359375
0 0.24462890625 0.28564453125 0.1650390625 0.1025390625
0 0.833984375 0.11767578125 0.09375 0.0966796875
0 0.4140625 0.51318359375 0.091796875 0.0771484375
0 0.93505859375 0.2587890625 0.1259765625 0.0859375
0 0.08056640625 0.96240234375 0.0556640625 0.0478515625
0 0.8388671875 0.63134765625 0.125 0.0849609375
0 0.021484375 0.14111328125 0.041015625 0.0732421875
0 0.95068359375 0.9755859375 0.0986328125 0.048828125
0 0.73046875 0.02978515625 0.107421875 0.0595703125
0 0.49267578125 0.9423828125 0.1611328125 0.111328125
0 0.482421875 0.87060546875 0.125 0.0830078125
0 0.4384765625 0.0478515625 0.123046875 0.095703125
0 0.224609375 0.9345703125 0.123046875 0.1015625
0 0.54443359375 0.57568359375 0.1650390625 0.1025390625
0 0.83544921875 0.22900390625 0.1337890625 0.1240234375
0 0.33544921875 0.6064453125 0.0654296875 0.0703125
0 0.17919921875 0.033203125 0.0771484375 0.060546875
0 0.123046875 0.88232421875 0.087890625 0.1162109375
0 0.2333984375 0.22802734375 0.1328125 0.0927734375
0 0.255859375 0.66943359375 0.130859375 0.1201171875
0 0.97802734375 0.0458984375 0.0439453125 0.087890625
0 0.9599609375 0.12353515625 0.080078125 0.0927734375
0 0.51806640625 0.66015625 0.1220703125 0.140625
0 0.107421875 0.77001953125 0.080078125 0.0810546875
