0 0.0986328125 0.66552734375 0.041015625 0.0537109375
0 0.0849609375 0.5400390625 0.044921875 0.048828125
0 0.587890625 0.8642578125 0.072265625 0.05078125
0 0.93310546875 0.45166015625 0.1298828125 0.0810546875
0 0.171875 0.94775390625 0.1484375 0.0791015625
0 0.02294921875 0.546875 0.0439453125 0.119140625
0 0.146484375 0.232421875 0.083984375 0.060546875
0 0.65185546875 0.07763671875 0.0673828125 0.0517578125
0 0.359375 0.85302734375 0.115234375 0.0927734375
0 0.4052734375 0.0556640625 0.060546875 0.10546875
0 0.189453125 0.40771484375 0.095703125 0.0888671875
0 0.560546875 0.92724609375 0.1875 0.0908203125
0 0.2421875 0.2705078125 0.10546875 0.060546875
0 0.05712890625 0.09912109375 0.0712890625 0.1982421875
0 0.29052734375 0.20556640625 0.0419921875 0.0341796875
0 0.9462890625 0.90625 0.107421875 0.056640625
0 0.5009765625 0.48974609375 0.0703125 0.1337890625
0 0.1923828125 0.0478515625 0.12109375 0.095703125
0 0.3271484375 0.60205078125 0.083984375 0.0791015625
0 0.06591796875 0.357421875 0.0615234375 0.150390625
0 0.46484375 0.74951171875 0.0859375 0.0986328125
0 0.65869140625 0.4150390625 0.1181640625 0.0546875
0 0.8330078125 0.04443359375 0.07421875 0.0751953125
0 0.94775390625 0.53466796875 0.1044921875 0.0830078125
0 0.7890625 0.8330078125 0.060546875 0.06640625
0 0.05859375 0.7646484375 0.115234375 0.06640625
0 0.5478515625 0.03466796875 0.056640625 0.0693359375
0 0.357421875 0.28955078125 0.05859375 0.1201171875
0 0.46923828125 0.15087890625 0.0595703125 0.0673828125
0 0.08056640625 0.96826171875 0.0712890625 0.0380859375
0 0.23828125 0.0751953125 0.0546875 0.111328125
0 0.84521484375 0.09912109375 0.0419921875 0.0341796875
0 0.87255859375 0.68408203125 0.0634765625 0.0712890625
