0 0.97314453125 0.47705078125 0.0400390625 0.0419921875
0 0.423828125 0.0390625 0.091796875 0.068359375
0 0.50732421875 0.939453125 0.0908203125 0.068359375
0 0.40966796875 0.54638671875 0.0673828125 0.0634765625
0 0.26953125 0.84326171875 0.09765625 0.0732421875
0 0.59228515625 0.1318359375 0.0419921875 0.044921875
0 0.6484375 0.8564453125 0.05859375 0.048828125
0 0.380859375 0.98486328125 0.068359375 0.0302734375
0 0.7919921875 0.541015625 0.08203125 0.068359375
0 0.5859375 0.97314453125 0.044921875 0.0419921875
0 0.8857421875 0.4697265625 0.080078125 0.060546875
0 0.4619140625 0.53466796875 0.05859375 0.0595703125
0 0.103515625 0.97265625 0.080078125 0.0546875
0 0.27685546875 0.5654296875 0.0732421875 0.080078125
0 0.90478515625 0.4150390625 0.1025390625 0.0625
0 0.33251953125 0.40087890625 0.0791015625 0.0712890625
0 0.30908203125 0.97998046875 0.0830078125 0.0400390625
0 0.43115234375 0.978515625 0.0595703125 0.04296875
0 0.029296875 0.46044921875 0.05859375 0.0712890625
0 0.1708984375 0.9091796875 0.0625 0.056640625
0 0.2412109375 0.46923828125 0.078125 0.0556640625
0 0.1591796875 0.9853515625 0.044921875 0.029296875
0 0.59033203125 0.02392578125 0.0751953125 0.0478515625
