0 0.97509765625 0.6025390625 0.0478515625 0.08984375
0 0.279296875 0.89111328125 0.09375 0.1240234375
0 0.890625 0.46923828125 0.0703125 0.1337890625
0 0.45361328125 0.1015625 0.1162109375 0.056640625
0 0.68896484375 0.95166015625 0.0791015625 0.0615234375
0 0.1240234375 0.3974609375 0.08203125 0.212890625
0 0.30322265625 0.78662109375 0.1396484375 0.1181640625
0 0.830078125 0.099609375 0.119140625 0.041015625
0 0.73681640625 0.525390625 0.1748046875 0.185546875
0 0.97216796875 0.80517578125 0.0556640625 0.1611328125
0 0.1728515625 0.93701171875 0.05859375 0.0751953125
0 0.11767578125 0.81005859375 0.1201171875 0.0751953125
0 0.36865234375 0.49560546875 0.0830078125 0.1005859375
0 0.83056640625 0.79931640625 0.0751953125 0.0576171875
0 0.95849609375 0.71533203125 0.0830078125 0.0634765625
0 0.546875 0.986328125 0.177734375 0.02734375
0 0.916015625 0.57666015625 0.16796875 0.1904296875
0 0.8115234375 0.91357421875 0.0703125 0.1474609375
0 0.90380859375 0.4990234375 0.0673828125 0.10546875
0 0.03369140625 0.81298828125 0.0654296875 0.0849609375
0 0.67578125 0.296875 0.08984375 0.04296875
0 0.54052734375 0.09765625 0.0732421875 0.056640625
0 0.80615234375 0.25537109375 0.1220703125 0.2021484375
0 0.08203125 0.73291015625 0.068359375 0.1083984375
0 0.259765625 0.44775390625 0.0859375 0.1279296875
0 0.54638671875 0.8544921875 0.0517578125 0.052734375
0 0.40185546875 0.95751953125 0.1552734375 0.0830078125
0 0.248046875 0.6923828125 0.05078125 0.072265625
0 0.4208984375 0.2900390625 0.125 0.142578125
0 0.75634765625 0.39599609375 0.1025390625 0.1962890625
0 0.1787109375 0.0908203125 0.0859375 0.181640625
0 0.68798828125 0.0458984375 0.2021484375 0.091796875
0 0.29296875 0.72119140625 0.0703125 0.0634765625
0 0.751953125 0.62744140625 0.0625 0.1591796875
0 0.53515625 0.5068359375 0.06640625 0.048828125
0 0.81103515625 0.42236328125 0.0830078125 0.1064453125
0 0.619140625 0.1298828125 0.08203125 0.0546875
0 0.0224609375 0.150390625 0.041015625 0.12890625
0 0.67236328125 0.17138671875 0.1494140625 0.1044921875
0 0.2939453125 0.95654296875 0.064453125 0.0869140625
0 0.04736328125 0.15380859375 0.0400390625 0.0927734375
0 0.943359375 0.947265625 0.11328125 0.10546875
0 0.0498046875 0.43408203125 0.099609375 0.0673828125
0 0.78515625 0.64208984375 0.08984375 0.0947265625
0 0.35546875 0.57666015625 0.15234375 0.0908203125
0 0.15966796875 0.9814453125 0.1533203125 0.03515625
0 0.9091796875 0.32177734375 0.1171875 0.1630859375
0 0.45458984375 0.498046875 0.0947265625 0.12109375
0 0.66650390625 0.490234375 0.1103515625 0.150390625
0 0.65625 0.453125 0.037109375 0.068359375
0 0.232421875 0.24169921875 0.115234375 0.1435546875
