0 0.16064453125 0.94677734375 0.1337890625 0.0732421875
0 0.263671875 0.81201171875 0.06640625 0.0654296875
0 0.25146484375 0.111328125 0.0849609375 0.064453125
0 0.44775390625 0.84375 0.0771484375 0.08203125
0 0.66845703125 0.0205078125 0.0673828125 0.041015625
0 0.3955078125 0.63525390625 0.0703125 0.0986328125
0 0.9140625 0.19482421875 0.111328125 0.1552734375
0 0.9150390625 0.34521484375 0.0546875 0.0478515625
0 0.77880859375 0.7646484375 0.1123046875 0.15234375
0 0.2314453125 0.2353515625 0.099609375 0.115234375
0 0.91064453125 0.74462890625 0.0615234375 0.0712890625
0 0.96875 0.7470703125 0.0625 0.1015625
0 0.1181640625 0.40576171875 0.08203125 0.0751953125
0 0.3173828125 0.31005859375 0.091796875 0.1005859375
0 0.0126953125 0.3046875 0.025390625 0.072265625
0 0.02294921875 0.45263671875 0.0458984375 0.0634765625
0 0.04345703125 0.5830078125 0.0400390625 0.0625
0 0.25 0.50439453125 0.103515625 0.1005859375
0 0.353515625 0.4521484375 0.10546875 0.064453125
0 0.2333984375 0.56591796875 0.095703125 0.0615234375
0 0.75390625 0.134765625 0.1328125 0.0859375
0 0.81103515625 0.30615234375 0.0849609375 0.0732421875
0 0.35888671875 0.98291015625 0.1181640625 0.0322265625
0 0.18408203125 0.7041015625 0.0849609375 0.1015625
0 0.814453125 0.5283203125 0.09375 0.09375
0 0.73681640625 0.88427734375 0.1552734375 0.1416015625
