0 0.892578125 0.1923828125 0.072265625 0.060546875
0 0.666015625 0.24755859375 0.111328125 0.0634765625
0 0.88818359375 0.42041015625 0.2041015625 0.1220703125
0 0.751953125 0.5361328125 0.13671875 0.0859375
0 0.7470703125 0.43603515625 0.125 0.1572265625
0 0.8798828125 0.591796875 0.134765625 0.15234375
0 0.5830078125 0.38671875 0.123046875 0.08203125
0 0.72265625 0.66845703125 0.17578125 0.0634765625
0 0.7001953125 0.6142578125 0.052734375 0.078125
0 0.4931640625 0.2265625 0.048828125 0.052734375
0 0.419921875 0.26611328125 0.0546875 0.0673828125
0 0.2685546875 0.166015625 0.12109375 0.134765625
0 0.4423828125 0.14453125 0.083984375 0.15625
0 0.537109375 0.1123046875 0.087890625 0.224609375
0 0.548828125 0.2578125 0.06640625 0.060546875
0 0.07373046875 0.2197265625 0.0595703125 0.134765625
0 0.14208984375 0.2763671875 0.0869140625 0.16015625
0 0.2275390625 0.0830078125 0.1015625 0.095703125
0 0.01220703125 0.1083984375 0.0244140625 0.033203125
0 0.1923828125 0.005859375 0.037109375 0.01171875
0 0.34033203125 0.4580078125 0.0478515625 0.115234375
0 0.19189453125 0.4404296875 0.1259765625 0.05078125
0 0.134765625 0.56640625 0.11328125 0.05078125
0 0.32421875 0.24072265625 0.138671875 0.0478515625
0 0.3154296875 0.7158203125 0.130859375 0.048828125
0 0.14697265625 0.66259765625 0.0634765625 0.0478515625
0 0.19921875 0.6669921875 0.11328125 0.16796875
0 0.2783203125 0.591796875 0.111328125 0.103515625
0 0.23828125 0.5380859375 0.09375 0.212890625
0 0.4892578125 0.92236328125 0.046875 0.0947265625
0 0.4609375 0.90234375 0.08203125 0.17578125
0 0.5703125 0.4599609375 0.232421875 0.080078125
0 0.70654296875 0.962890625 0.0673828125 0.072265625
0 0.6689453125 0.91064453125 0.130859375 0.0634765625
0 0.8173828125 0.96923828125 0.166015625 0.0595703125
0 0.890625 0.904296875 0.0859375 0.05859375
0 0.98046875 0.9365234375 0.0390625 0.056640625
0 0.97265625 0.771484375 0.0546875 0.080078125
0 0.8583984375 0.74609375 0.06640625 0.1640625
0 0.642578125 0.77783203125 0.10546875 0.1572265625
0 0.5888671875 0.84765625 0.212890625 0.099609375
0 0.2734375 0.99072265625 0.11328125 0.0166015625
0 0.09619140625 0.984375 0.0439453125 0.029296875
0 0.02392578125 0.755859375 0.0478515625 0.048828125
0 0.5390625 0.87939453125 0.046875 0.0869140625
0 0.84326171875 0.7060546875 0.1923828125 0.072265625
0 0.94140625 0.8583984375 0.1171875 0.072265625
0 0.22705078125 0.38330078125 0.1689453125 0.1142578125
0 0.3984375 0.0205078125 0.076171875 0.041015625
0 0.4013671875 0.130859375 0.07421875 0.1953125
0 0.50537109375 0.5673828125 0.0400390625 0.064453125
0 0.646484375 0.52490234375 0.166015625 0.1650390625
0 0.4912109375 0.62158203125 0.076171875 0.0517578125
0 0.5478515625 0.61767578125 0.078125 0.1298828125
