0 0.95703125 0.71435546875 0.056640625 0.0966796875
0 0.11083984375 0.71044921875 0.0634765625 0.0615234375
0 0.7177734375 0.1796875 0.052734375 0.068359375
0 0.94580078125 0.12353515625 0.1064453125 0.1318359375
0 0.318359375 0.97119140625 0.111328125 0.0576171875
0 0.6162109375 0.7314453125 0.076171875 0.13671875
0 0.7197265625 0.94189453125 0.080078125 0.1123046875
0 0.6103515625 0.2978515625 0.08984375 0.0703125
0 0.39697265625 0.6376953125 0.0947265625 0.099609375
0 0.1240234375 0.66064453125 0.0625 0.0693359375
0 0.98681640625 0.5146484375 0.0244140625 0.05078125
0 0.189453125 0.61572265625 0.04296875 0.0556640625
0 0.11181640625 0.87158203125 0.0595703125 0.0986328125
0 0.74365234375 0.8203125 0.0693359375 0.130859375
0 0.88037109375 0.359375 0.0869140625 0.064453125
0 0.71630859375 0.55810546875 0.0986328125 0.0830078125
0 0.38916015625 0.4677734375 0.0732421875 0.091796875
0 0.88525390625 0.4931640625 0.0673828125 0.060546875
0 0.048828125 0.1005859375 0.060546875 0.087890625
0 0.38525390625 0.03662109375 0.1650390625 0.0732421875
0 0.96142578125 0.85791015625 0.0732421875 0.1083984375
0 0.865234375 0.83642578125 0.11328125 0.1298828125
0 0.11865234375 0.20361328125 0.0771484375 0.0986328125
0 0.8505859375 0.9482421875 0.0703125 0.099609375
0 0.033203125 0.78515625 0.06640625 0.154296875
0 0.87109375 0.677734375 0.0625 0.099609375
0 0.4072265625 0.80126953125 0.095703125 0.1865234375
0 0.54443359375 0.82373046875 0.0927734375 0.1591796875
0 0.98828125 0.62060546875 0.0234375 0.0947265625
0 0.60302734375 0.06640625 0.0908203125 0.107421875
0 0.498046875 0.84912109375 0.05859375 0.1064453125
0 0.8173828125 0.0693359375 0.068359375 0.080078125
0 0.0869140625 0.837890625 0.0625 0.0625
0 0.8720703125 0.20947265625 0.16015625 0.1396484375
0 0.50537109375 0.498046875 0.0615234375 0.072265625
0 0.080078125 0.5302734375 0.08203125 0.083984375
0 0.10400390625 0.34326171875 0.0771484375 0.0556640625
