0 0.39794921875 0.837890625 0.0654296875 0.05859375
0 0.53564453125 0.27197265625 0.0927734375 0.1240234375
0 0.8173828125 0.88671875 0.080078125 0.087890625
0 0.6201171875 0.2060546875 0.052734375 0.111328125
0 0.64697265625 0.35791015625 0.1259765625 0.0966796875
0 0.96484375 0.55712890625 0.068359375 0.0712890625
0 0.7783203125 0.37939453125 0.0390625 0.1025390625
0 0.80615234375 0.77978515625 0.0791015625 0.1142578125
0 0.5126953125 0.9365234375 0.048828125 0.048828125
0 0.279296875 0.71533203125 0.078125 0.0986328125
0 0.58984375 0.20068359375 0.04296875 0.0869140625
0 0.01513671875 0.51708984375 0.0302734375 0.0478515625
0 0.68994140625 0.41162109375 0.0517578125 0.1455078125
0 0.5712890625 0.80419921875 0.05078125 0.0576171875
0 0.63525390625 0.6884765625 0.0478515625 0.056640625
0 0.0908203125 0.3232421875 0.0390625 0.05078125
0 0.126953125 0.85009765625 0.078125 0.0498046875
0 0.017578125 0.82958984375 0.03515625 0.0576171875
0 0.0224609375 0.171875 0.044921875 0.080078125
0 0.642578125 0.083984375 0.041015625 0.091796875
0 0.7470703125 0.376953125 0.083984375 0.17578125
0 0.3056640625 0.5 0.056640625 0.056640625
0 0.14208984375 0.92041015625 0.0986328125 0.0654296875
0 0.76220703125 0.95751953125 0.0712890625 0.0732421875
0 0.82666015625 0.94384765625 0.0517578125 0.0498046875
0 0.9169921875 0.166015625 0.056640625 0.12109375
0 0.08447265625 0.51611328125 0.0634765625 0.1044921875
0 0.70361328125 0.78759765625 0.1474609375 0.1005859375
0 0.12060546875 0.02587890625 0.0869140625 0.0517578125
0 0.84130859375 0.4931640625 0.0576171875 0.044921875
0 0.810546875 0.97021484375 0.04296875 0.0361328125
0 0.955078125 0.38330078125 0.07421875 0.0849609375
0 0.81201171875 0.71923828125 0.0654296875 0.0751953125
0 0.2841796875 0.126953125 0.060546875 0.083984375
0 0.6982421875 0.61279296875 0.056640625 0.1044921875
0 0.77978515625 0.8662109375 0.0498046875 0.04296875
0 0.33935546875 0.03564453125 0.0693359375 0.0712890625
0 0.81787109375 0.21728515625 0.0517578125 0.1201171875
0 0.45068359375 0.92333984375 0.0419921875 0.0673828125
0 0.916015625 0.6591796875 0.07421875 0.087890625
