0 0.7236328125 0.44677734375 0.0859375 0.0615234375
0 0.88427734375 0.3740234375 0.1064453125 0.080078125
0 0.1025390625 0.86669921875 0.125 0.0771484375
0 0.7822265625 0.677734375 0.080078125 0.078125
0 0.0859375 0.60546875 0.076171875 0.09375
0 0.36572265625 0.1328125 0.0556640625 0.068359375
0 0.2685546875 0.29345703125 0.091796875 0.0751953125
0 0.861328125 0.91357421875 0.080078125 0.0966796875
0 0.75830078125 0.88037109375 0.0673828125 0.0751953125
0 0.88720703125 0.744140625 0.0771484375 0.08203125
0 0.84814453125 0.51806640625 0.0673828125 0.0888671875
0 0.58837890625 0.2412109375 0.0556640625 0.05078125
0 0.02587890625 0.255859375 0.0517578125 0.04296875
0 0.505859375 0.2724609375 0.111328125 0.072265625
0 0.11572265625 0.0380859375 0.0888671875 0.076171875
0 0.40576171875 0.7431640625 0.0849609375 0.0625
0 0.212890625 0.775390625 0.107421875 0.068359375
0 0.5068359375 0.931640625 0.0703125 0.083984375
0 0.84619140625 0.09521484375 0.0576171875 0.0576171875
0 0.26318359375 0.4267578125 0.0908203125 0.095703125
0 0.17822265625 0.55419921875 0.1103515625 0.0634765625
0 0.3115234375 0.83984375 0.083984375 0.05078125
0 0.04541015625 0.15771484375 0.0908203125 0.0654296875
0 0.6875 0.23486328125 0.0625 0.0595703125
0 0.4619140625 0.56591796875 0.0703125 0.0595703125
0 0.55712890625 0.57763671875 0.0810546875 0.1064453125
0 0.75390625 0.7802734375 0.099609375 0.080078125
0 0.95703125 0.43798828125 0.0546875 0.0478515625
0 0.708984375 0.5654296875 0.068359375 0.076171875
0 0.35595703125 0.59228515625 0.1337890625 0.0712890625
0 0.18603515625 0.9619140625 0.1005859375 0.076171875
0 0.55615234375 0.1259765625 0.1044921875 0.064453125
0 0.759765625 0.2421875 0.068359375 0.044921875
0 0.49658203125 0.43017578125 0.0810546875 0.0849609375
0 0.64453125 0.3359375 0.083984375 0.072265625
