0 0.09716796875 0.8857421875 0.0771484375 0.052734375
0 0.1171875 0.64794921875 0.078125 0.0908203125
0 0.55908203125 0.8505859375 0.1181640625 0.10546875
0 0.5732421875 0.9853515625 0.04296875 0.02734375
0 0.22265625 0.36083984375 0.04296875 0.0869140625
0 0.54443359375 0.12939453125 0.0712890625 0.0341796875
0 0.89697265625 0.4267578125 0.0498046875 0.107421875
0 0.1689453125 0.15771484375 0.080078125 0.0458984375
0 0.337890625 0.69775390625 0.0703125 0.0849609375
0 0.7646484375 0.3720703125 0.0859375 0.037109375
0 0.33984375 0.0341796875 0.083984375 0.064453125
0 0.46484375 0.1982421875 0.037109375 0.048828125
0 0.84326171875 0.80322265625 0.0869140625 0.0537109375
0 0.685546875 0.240234375 0.056640625 0.142578125
0 0.32763671875 0.5576171875 0.0439453125 0.046875
0 0.4287109375 0.5576171875 0.0859375 0.064453125
0 0.76171875 0.548828125 0.041015625 0.134765625
0 0.44091796875 0.0751953125 0.0322265625 0.05078125
0 0.61328125 0.5146484375 0.05078125 0.09765625
0 0.67431640625 0.8916015625 0.1220703125 0.0859375
0 0.18798828125 0.8330078125 0.0771484375 0.041015625
0 0.62060546875 0.04296875 0.1513671875 0.048828125
0 0.83935546875 0.9599609375 0.0654296875 0.076171875
0 0.32861328125 0.501953125 0.0498046875 0.0703125
0 0.86669921875 0.869140625 0.1083984375 0.0625
0 0.9609375 0.650390625 0.072265625 0.076171875
0 0.97607421875 0.41650390625 0.0439453125 0.0576171875
0 0.71240234375 0.1845703125 0.0361328125 0.119140625
0 0.84033203125 0.6650390625 0.0556640625 0.060546875
0 0.9345703125 0.31298828125 0.076171875 0.0458984375
0 0.095703125 0.03125 0.064453125 0.0625
0 0.18896484375 0.201171875 0.0986328125 0.0546875
0 0.4814453125 0.9609375 0.04296875 0.078125
0 0.12890625 0.2763671875 0.126953125 0.06640625
0 0.55078125 0.8330078125 0.046875 0.052734375
0 0.44287109375 0.7626953125 0.0615234375 0.08203125
0 0.33740234375 0.7978515625 0.0478515625 0.060546875
0 0.70068359375 0.53857421875 0.0654296875 0.1025390625
0 0.5048828125 0.2158203125 0.138671875 0.12109375
0 0.8564453125 0.02685546875 0.05078125 0.0537109375
0 0.18408203125 0.97705078125 0.0380859375 0.0341796875
0 0.9462890625 0.33837890625 0.052734375 0.0302734375
0 0.1953125 0.0751953125 0.1171875 0.046875
0 0.2890625 0.89990234375 0.05859375 0.0439453125
0 0.04736328125 0.4736328125 0.0947265625 0.03515625
0 0.33740234375 0.8525390625 0.1240234375 0.046875
0 0.46875 0.54833984375 0.107421875 0.0615234375
0 0.9775390625 0.80126953125 0.04296875 0.0888671875
0 0.341796875 0.935546875 0.0546875 0.0390625
0 0.537109375 0.39111328125 0.072265625 0.0478515625
0 0.02783203125 0.28857421875 0.0556640625 0.0966796875
0 0.6708984375 0.97802734375 0.11328125 0.0439453125
0 0.1796875 0.60009765625 0.048828125 0.0439453125
0 0.72900390625 0.46044921875 0.0673828125 0.0732421875
0 0.07666015625 0.708984375 0.0634765625 0.109375
0 0.94384765625 0.94287109375 0.0576171875 0.1123046875
0 0.02685546875 0.88671875 0.0537109375 0.052734375
0 0.501953125 0.3388671875 0.04296875 0.064453125
