0 0.947265625 0.48779296875 0.10546875 0.1220703125
0 0.86962890625 0.7529296875 0.1103515625 0.076171875
0 0.79931640625 0.056640625 0.1533203125 0.11328125
0 0.47900390625 0.75146484375 0.0498046875 0.0439453125
0 0.96044921875 0.67333984375 0.0791015625 0.1064453125
0 0.46435546875 0.80224609375 0.0517578125 0.0498046875
0 0.9375 0.93115234375 0.125 0.0595703125
0 0.77734375 0.61376953125 0.10546875 0.1220703125
0 0.90869140625 0.59912109375 0.0908203125 0.1025390625
0 0.78857421875 0.79638671875 0.0634765625 0.1103515625
0 0.81982421875 0.9716796875 0.0966796875 0.056640625
0 0.69482421875 0.96826171875 0.1767578125 0.0634765625
0 0.5732421875 0.4921875 0.064453125 0.056640625
0 0.66943359375 0.05810546875 0.0732421875 0.1083984375
0 0.76611328125 0.13818359375 0.1005859375 0.0537109375
0 0.85009765625 0.81494140625 0.1083984375 0.0595703125
0 0.95751953125 0.52880859375 0.0849609375 0.0634765625
0 0.38232421875 0.7119140625 0.0556640625 0.04296875
0 0.65283203125 0.49072265625 0.0576171875 0.1181640625
0 0.9716796875 0.0400390625 0.056640625 0.080078125
0 0.93603515625 0.32080078125 0.1279296875 0.0986328125
