0 0.3681640625 0.044921875 0.1171875 0.08984375
0 0.54638671875 0.12841796875 0.2939453125 0.1220703125
0 0.79833984375 0.296875 0.0927734375 0.150390625
0 0.33251953125 0.89208984375 0.1357421875 0.2060546875
0 0.88037109375 0.20263671875 0.1318359375 0.2646484375
0 0.29541015625 0.07763671875 0.0888671875 0.1533203125
0 0.41943359375 0.0458984375 0.0595703125 0.046875
0 0.7470703125 0.55859375 0.169921875 0.09765625
0 0.27392578125 0.57763671875 0.0615234375 0.0634765625
0 0.9072265625 0.0146484375 0.150390625 0.029296875
0 0.8486328125 0.08349609375 0.076171875 0.1279296875
0 0.21923828125 0.9140625 0.1201171875 0.125
0 0.7646484375 0.744140625 0.123046875 0.06640625
0 0.12060546875 0.93310546875 0.1279296875 0.1123046875
0 0.12841796875 0.419921875 0.1123046875 0.080078125
0 0.3935546875 0.2734375 0.3125 0.138671875
0 0.18310546875 0.42822265625 0.0927734375 0.3232421875
0 0.08349609375 0.62744140625 0.0478515625 0.0556640625
