0 0.53955078125 0.85546875 0.0576171875 0.05859375
0 0.640625 0.8505859375 0.0390625 0.05859375
0 0.59228515625 0.85546875 0.0556640625 0.0390625
0 0.25732421875 0.923828125 0.0595703125 0.068359375
0 0.30419921875 0.8505859375 0.0673828125 0.046875
0 0.4541015625 0.75048828125 0.078125 0.0556640625
0 0.4013671875 0.80419921875 0.048828125 0.0478515625
0 0.447265625 0.8125 0.0546875 0.056640625
0 0.61181640625 0.61767578125 0.0615234375 0.0830078125
0 0.6904296875 0.66064453125 0.1015625 0.0302734375
0 0.75830078125 0.6943359375 0.0810546875 0.03515625
0 0.75927734375 0.60986328125 0.0712890625 0.0517578125
0 0.87841796875 0.64794921875 0.0615234375 0.0498046875
0 0.5185546875 0.7578125 0.041015625 0.04296875
0 0.43310546875 0.63134765625 0.0439453125 0.0283203125
0 0.2890625 0.68798828125 0.033203125 0.0419921875
0 0.2529296875 0.56787109375 0.03515625 0.0517578125
0 0.30126953125 0.6259765625 0.0400390625 0.046875
0 0.8505859375 0.3876953125 0.064453125 0.05859375
0 0.89013671875 0.32666015625 0.0400390625 0.0595703125
0 0.69775390625 0.34033203125 0.0810546875 0.0634765625
0 0.55419921875 0.314453125 0.0771484375 0.0390625
0 0.6201171875 0.29248046875 0.060546875 0.0576171875
0 0.5146484375 0.275390625 0.060546875 0.07421875
0 0.61572265625 0.2490234375 0.0537109375 0.060546875
0 0.55419921875 0.2080078125 0.0341796875 0.048828125
0 0.57470703125 0.1552734375 0.0302734375 0.05859375
0 0.53125 0.18310546875 0.029296875 0.0712890625
0 0.56396484375 0.0849609375 0.0634765625 0.041015625
0 0.4150390625 0.29345703125 0.048828125 0.0361328125
0 0.3984375 0.462890625 0.05078125 0.05078125
0 0.39013671875 0.4326171875 0.0537109375 0.03125
0 0.4287109375 0.38427734375 0.083984375 0.0458984375
0 0.2822265625 0.34716796875 0.04296875 0.0361328125
0 0.17236328125 0.484375 0.0517578125 0.08203125
0 0.173828125 0.43359375 0.05859375 0.02734375
0 0.10009765625 0.77880859375 0.0888671875 0.0419921875
0 0.033203125 0.73486328125 0.04296875 0.0380859375
0 0.052734375 0.59912109375 0.08203125 0.0771484375
0 0.130859375 0.24560546875 0.046875 0.0732421875
0 0.06005859375 0.2490234375 0.0400390625 0.06640625
0 0.18115234375 0.28076171875 0.0634765625 0.0517578125
0 0.8623046875 0.1328125 0.060546875 0.1171875
0 0.4169921875 0.0498046875 0.0546875 0.044921875
0 0.16064453125 0.0439453125 0.0361328125 0.029296875
0 0.78955078125 0.54296875 0.0205078125 0.033203125
0 0.89306640625 0.7900390625 0.0224609375 0.033203125
0 0.31201171875 0.2861328125 0.0244140625 0.03125
0 0.3896484375 0.67333984375 0.048828125 0.0380859375
0 0.59423828125 0.34521484375 0.0732421875 0.0419921875
0 0.62353515625 0.7138671875 0.0458984375 0.0390625
