0 0.17626953125 0.1005859375 0.0556640625 0.06640625
0 0.302734375 0.1181640625 0.068359375 0.0625
0 0.27392578125 0.07861328125 0.0576171875 0.0537109375
0 0.2548828125 0.0400390625 0.068359375 0.05859375
0 0.63671875 0.0087890625 0.04296875 0.017578125
0 0.7080078125 0.03173828125 0.064453125 0.0634765625
0 0.8662109375 0.0126953125 0.048828125 0.025390625
0 0.87255859375 0.08349609375 0.0654296875 0.0771484375
0 0.787109375 0.13037109375 0.068359375 0.0673828125
0 0.7392578125 0.10546875 0.060546875 0.078125
0 0.7353515625 0.19384765625 0.05078125 0.0478515625
0 0.8173828125 0.24462890625 0.0625 0.0595703125
0 0.853515625 0.33642578125 0.0546875 0.0576171875
0 0.89990234375 0.32080078125 0.0556640625 0.0537109375
0 0.93505859375 0.3369140625 0.0712890625 0.064453125
0 0.986328125 0.31103515625 0.02734375 0.0537109375
0 0.86181640625 0.45556640625 0.0615234375 0.0537109375
0 0.849609375 0.4228515625 0.068359375 0.05078125
0 0.70556640625 0.458984375 0.0712890625 0.083984375
0 0.6630859375 0.451171875 0.0390625 0.0546875
0 0.70654296875 0.388671875 0.0556640625 0.046875
0 0.74658203125 0.50927734375 0.0712890625 0.0498046875
0 0.83251953125 0.56494140625 0.0654296875 0.0576171875
0 0.90625 0.67578125 0.09375 0.052734375
0 0.9365234375 0.60986328125 0.060546875 0.0693359375
0 0.91943359375 0.76171875 0.0654296875 0.041015625
0 0.75439453125 0.73486328125 0.0380859375 0.0244140625
0 0.69921875 0.77978515625 0.064453125 0.0576171875
0 0.60205078125 0.71484375 0.0615234375 0.064453125
0 0.64013671875 0.8642578125 0.0517578125 0.06640625
0 0.57275390625 0.8349609375 0.0771484375 0.0546875
0 0.61083984375 0.78173828125 0.0595703125 0.0615234375
0 0.61376953125 0.7919921875 0.1123046875 0.033203125
0 0.7265625 0.86669921875 0.064453125 0.0869140625
0 0.76953125 0.85546875 0.048828125 0.048828125
0 0.82568359375 0.9306640625 0.0595703125 0.044921875
0 0.65185546875 0.990234375 0.0615234375 0.01953125
0 0.5302734375 0.9931640625 0.048828125 0.013671875
0 0.42236328125 0.97314453125 0.0478515625 0.0537109375
0 0.4541015625 0.9150390625 0.056640625 0.169921875
0 0.359375 0.931640625 0.052734375 0.05078125
0 0.359375 0.81494140625 0.0546875 0.0693359375
0 0.259765625 0.8994140625 0.037109375 0.046875
0 0.17138671875 0.94921875 0.0634765625 0.046875
0 0.17333984375 0.90673828125 0.0751953125 0.0498046875
0 0.24462890625 0.84912109375 0.0556640625 0.0302734375
0 0.20361328125 0.8662109375 0.0693359375 0.068359375
0 0.23388671875 0.80615234375 0.0654296875 0.0517578125
0 0.0771484375 0.81005859375 0.095703125 0.0791015625
0 0.115234375 0.3134765625 0.078125 0.0625
0 0.28955078125 0.29248046875 0.0634765625 0.0419921875
0 0.32568359375 0.26708984375 0.0673828125 0.0595703125
0 0.37841796875 0.30419921875 0.0439453125 0.0341796875
0 0.1142578125 0.44384765625 0.048828125 0.0537109375
0 0.23486328125 0.4345703125 0.0322265625 0.029296875
0 0.220703125 0.46826171875 0.033203125 0.0263671875
0 0.36767578125 0.50927734375 0.1240234375 0.0654296875
0 0.28173828125 0.53466796875 0.0537109375 0.1533203125
0 0.2001953125 0.59423828125 0.0625 0.0537109375
0 0.1572265625 0.62939453125 0.072265625 0.0537109375
0 0.18359375 0.54248046875 0.05859375 0.0556640625
0 0.18896484375 0.74169921875 0.0576171875 0.0439453125
