0 0.958984375 0.70703125 0.009765625 0.064453125
0 0.90234375 0.56640625 0.052734375 0.05859375
0 0.93359375 0.48681640625 0.046875 0.0712890625
0 0.93310546875 0.78125 0.0439453125 0.05859375
0 0.7919921875 0.712890625 0.08984375 0.078125
0 0.736328125 0.76513671875 0.0546875 0.0966796875
0 0.837890625 0.80322265625 0.03515625 0.0341796875
0 0.7333984375 0.55224609375 0.05859375 0.0849609375
0 0.48779296875 0.91162109375 0.0576171875 0.0498046875
0 0.4453125 0.884765625 0.044921875 0.046875
0 0.5107421875 0.80859375 0.064453125 0.0625
0 0.57373046875 0.72705078125 0.0517578125 0.0419921875
0 0.65966796875 0.76806640625 0.0458984375 0.0556640625
0 0.5380859375 0.681640625 0.04296875 0.078125
0 0.4345703125 0.7197265625 0.052734375 0.046875
0 0.31982421875 0.869140625 0.0986328125 0.041015625
0 0.1806640625 0.76708984375 0.056640625 0.0400390625
0 0.236328125 0.73876953125 0.04296875 0.0439453125
0 0.21240234375 0.6494140625 0.0576171875 0.083984375
0 0.17041015625 0.541015625 0.0537109375 0.0859375
0 0.248046875 0.52197265625 0.044921875 0.0595703125
0 0.3125 0.54296875 0.03515625 0.08203125
0 0.34912109375 0.56982421875 0.0400390625 0.0517578125
0 0.47900390625 0.55859375 0.0595703125 0.068359375
0 0.4599609375 0.48291015625 0.08203125 0.0791015625
0 0.48974609375 0.4423828125 0.0732421875 0.111328125
0 0.52587890625 0.41162109375 0.0458984375 0.0869140625
0 0.68505859375 0.5205078125 0.0576171875 0.05078125
0 0.771484375 0.41455078125 0.05078125 0.0537109375
0 0.82421875 0.3369140625 0.046875 0.080078125
0 0.73974609375 0.26318359375 0.0888671875 0.0810546875
0 0.6806640625 0.15771484375 0.0546875 0.0810546875
0 0.58544921875 0.20263671875 0.0908203125 0.0673828125
0 0.50830078125 0.25830078125 0.0712890625 0.0576171875
0 0.42138671875 0.21630859375 0.0771484375 0.0537109375
0 0.63232421875 0.3232421875 0.0712890625 0.044921875
0 0.64697265625 0.37255859375 0.0517578125 0.0439453125
0 0.5927734375 0.27685546875 0.087890625 0.0439453125
0 0.349609375 0.3818359375 0.05859375 0.03515625
0 0.138671875 0.37353515625 0.068359375 0.0478515625
0 0.08642578125 0.349609375 0.0283203125 0.0703125
0 0.10205078125 0.25 0.0634765625 0.08203125
0 0.17822265625 0.22509765625 0.0595703125 0.1044921875
0 0.18408203125 0.16259765625 0.1201171875 0.0380859375
0 0.22412109375 0.4697265625 0.0478515625 0.04296875
0 0.248046875 0.44677734375 0.048828125 0.0419921875
0 0.0869140625 0.669921875 0.01953125 0.072265625
0 0.798828125 0.541015625 0.048828125 0.068359375
0 0.9521484375 0.32421875 0.0234375 0.05859375
0 0.75341796875 0.0869140625 0.0927734375 0.04296875
0 0.6328125 0.10986328125 0.03515625 0.0576171875
0 0.943359375 0.5859375 0.03515625 0.05078125
0 0.68896484375 0.267578125 0.0498046875 0.056640625
0 0.35595703125 0.451171875 0.0830078125 0.03515625
0 0.11767578125 0.18212890625 0.0634765625 0.0380859375
0 0.8310546875 0.60400390625 0.05078125 0.0458984375
0 0.5908203125 0.1474609375 0.07421875 0.08984375
0 0.25732421875 0.8310546875 0.1064453125 0.05078125
0 0.205078125 0.84619140625 0.1171875 0.0537109375
