0 0.56005859375 0.6533203125 0.0361328125 0.05078125
0 0.6259765625 0.63720703125 0.08203125 0.1220703125
0 0.658203125 0.0341796875 0.044921875 0.048828125
0 0.65966796875 0.705078125 0.0419921875 0.05859375
0 0.26025390625 0.62744140625 0.0673828125 0.0498046875
0 0.455078125 0.49755859375 0.095703125 0.0810546875
0 0.83349609375 0.68115234375 0.0712890625 0.0498046875
0 0.7587890625 0.53125 0.052734375 0.064453125
0 0.7109375 0.05908203125 0.068359375 0.0693359375
0 0.72216796875 0.82275390625 0.0869140625 0.0927734375
0 0.625 0.96728515625 0.041015625 0.0341796875
0 0.41943359375 0.6630859375 0.0439453125 0.037109375
0 0.89794921875 0.6669921875 0.0576171875 0.05078125
0 0.490234375 0.7421875 0.044921875 0.041015625
0 0.7451171875 0.62890625 0.041015625 0.044921875
0 0.763671875 0.119140625 0.044921875 0.05078125
0 0.728515625 0.9189453125 0.0390625 0.03125
0 0.5009765625 0.88232421875 0.056640625 0.0322265625
0 0.2841796875 0.90576171875 0.0625 0.0478515625
0 0.52685546875 0.638671875 0.0380859375 0.05078125
0 0.53564453125 0.1806640625 0.0400390625 0.0703125
0 0.49658203125 0.650390625 0.0498046875 0.08203125
0 0.81982421875 0.91552734375 0.0966796875 0.0380859375
0 0.291015625 0.857421875 0.0390625 0.05078125
0 0.1435546875 0.95068359375 0.052734375 0.0478515625
0 0.89501953125 0.04443359375 0.1572265625 0.0888671875
0 0.24169921875 0.96142578125 0.0712890625 0.0458984375
0 0.3671875 0.72314453125 0.16015625 0.0712890625
0 0.6494140625 0.91357421875 0.044921875 0.0595703125
0 0.41162109375 0.62744140625 0.0458984375 0.0556640625
0 0.095703125 0.29052734375 0.107421875 0.0419921875
0 0.35107421875 0.57177734375 0.0595703125 0.0498046875
0 0.24560546875 0.84619140625 0.0517578125 0.0849609375
0 0.4599609375 0.90380859375 0.09765625 0.0595703125
0 0.23291015625 0.515625 0.1376953125 0.0703125
0 0.65673828125 0.49560546875 0.1279296875 0.0712890625
0 0.35107421875 0.0703125 0.0595703125 0.0625
0 0.03271484375 0.91357421875 0.0654296875 0.0888671875
0 0.5146484375 0.77734375 0.041015625 0.076171875
0 0.15673828125 0.41162109375 0.1142578125 0.1728515625
0 0.09912109375 0.98583984375 0.0654296875 0.0283203125
0 0.6318359375 0.9345703125 0.0390625 0.041015625
0 0.34716796875 0.22412109375 0.0634765625 0.0615234375
0 0.63818359375 0.80322265625 0.0380859375 0.0341796875
0 0.30126953125 0.64990234375 0.0517578125 0.0458984375
0 0.0615234375 0.21728515625 0.123046875 0.0810546875
0 0.67724609375 0.86376953125 0.0419921875 0.0498046875
0 0.02783203125 0.75244140625 0.0556640625 0.1064453125
