0 0.982421875 0.03564453125 0.033203125 0.0712890625
0 0.87158203125 0.04736328125 0.0673828125 0.0947265625
0 0.92822265625 0.1455078125 0.1416015625 0.119140625
0 0.76123046875 0.0859375 0.3486328125 0.171875
0 0.806640625 0.08251953125 0.1171875 0.1650390625
0 0.525390625 0.0439453125 0.134765625 0.087890625
0 0.6044921875 0.1103515625 0.248046875 0.181640625
0 0.705078125 0.19921875 0.376953125 0.09765625
0 0.4326171875 0.1279296875 0.302734375 0.123046875
0 0.4970703125 0.2783203125 0.146484375 0.1953125
0 0.40087890625 0.23681640625 0.1142578125 0.3798828125
0 0.509765625 0.39501953125 0.330078125 0.0908203125
0 0.24609375 0.1923828125 0.20703125 0.244140625
0 0.3984375 0.4150390625 0.310546875 0.3984375
0 0.2939453125 0.49462890625 0.310546875 0.1259765625
0 0.126953125 0.25439453125 0.2421875 0.1767578125
0 0.0498046875 0.314453125 0.08984375 0.400390625
0 0.01806640625 0.416015625 0.0361328125 0.2890625
0 0.36083984375 0.59375 0.3212890625 0.263671875
0 0.49462890625 0.68212890625 0.0517578125 0.1806640625
0 0.4931640625 0.61669921875 0.376953125 0.1533203125
0 0.57666015625 0.689453125 0.0595703125 0.35546875
0 0.26806640625 0.6796875 0.3798828125 0.06640625
0 0.07373046875 0.81640625 0.1376953125 0.365234375
0 0.12939453125 0.767578125 0.1181640625 0.462890625
0 0.16162109375 0.90625 0.2431640625 0.169921875
0 0.076171875 0.8818359375 0.15234375 0.158203125
0 0.103515625 0.7509765625 0.20703125 0.109375
0 0.302734375 0.85595703125 0.0625 0.2861328125
0 0.37646484375 0.7646484375 0.2275390625 0.30859375
0 0.47412109375 0.92236328125 0.1416015625 0.1533203125
0 0.69921875 0.7021484375 0.1484375 0.298828125
0 0.64208984375 0.6806640625 0.0556640625 0.2109375
0 0.69970703125 0.732421875 0.1689453125 0.171875
0 0.6982421875 0.58154296875 0.060546875 0.4501953125
0 0.70703125 0.85888671875 0.45703125 0.1064453125
0 0.69580078125 0.87744140625 0.1845703125 0.2041015625
0 0.9111328125 0.77392578125 0.1640625 0.0751953125
0 0.97900390625 0.7119140625 0.0400390625 0.046875
0 0.86767578125 0.7490234375 0.2626953125 0.111328125
0 0.61328125 0.9287109375 0.0546875 0.07421875
0 0.52392578125 0.80908203125 0.0673828125 0.0322265625
0 0.8779296875 0.978515625 0.095703125 0.04296875
0 0.91796875 0.92626953125 0.162109375 0.0869140625
0 0.91455078125 0.7529296875 0.1689453125 0.298828125
0 0.8076171875 0.7060546875 0.060546875 0.43359375
0 0.8232421875 0.37646484375 0.05078125 0.2666015625
0 0.6845703125 0.35595703125 0.162109375 0.2080078125
0 0.77587890625 0.4384765625 0.2236328125 0.310546875
0 0.87109375 0.41845703125 0.2578125 0.1455078125
0 0.96484375 0.39453125 0.0703125 0.37109375
0 0.927734375 0.287109375 0.0390625 0.173828125
0 0.86865234375 0.6796875 0.0791015625 0.1171875
