0 0.9765625 0.068359375 0.044921875 0.060546875
0 0.74755859375 0.96923828125 0.0380859375 0.0595703125
0 0.03125 0.17578125 0.0625 0.048828125
0 0.45751953125 0.0830078125 0.1201171875 0.080078125
0 0.220703125 0.1142578125 0.068359375 0.060546875
0 0.9033203125 0.8896484375 0.0390625 0.123046875
0 0.06982421875 0.63330078125 0.0732421875 0.0634765625
0 0.671875 0.197265625 0.06640625 0.060546875
0 0.6640625 0.6162109375 0.095703125 0.09375
0 0.1787109375 0.31201171875 0.05859375 0.0556640625
0 0.3642578125 0.79443359375 0.0546875 0.0908203125
0 0.30615234375 0.4814453125 0.0654296875 0.06640625
0 0.779296875 0.69921875 0.04296875 0.05078125
0 0.326171875 0.98974609375 0.0859375 0.0185546875
0 0.9541015625 0.73828125 0.052734375 0.14453125
0 0.7158203125 0.888671875 0.052734375 0.05078125
0 0.50830078125 0.69384765625 0.0478515625 0.0673828125
0 0.70361328125 0.44091796875 0.0361328125 0.0478515625
0 0.80029296875 0.79296875 0.0751953125 0.078125
0 0.81884765625 0.69580078125 0.0419921875 0.0400390625
0 0.30078125 0.03564453125 0.07421875 0.0498046875
0 0.17333984375 0.70654296875 0.0830078125 0.0771484375
0 0.2119140625 0.90283203125 0.0390625 0.0380859375
0 0.96337890625 0.9169921875 0.0322265625 0.0625
0 0.43408203125 0.7880859375 0.0439453125 0.044921875
0 0.21044921875 0.38671875 0.0537109375 0.046875
0 0.39501953125 0.7421875 0.0537109375 0.044921875
0 0.125 0.67626953125 0.0625 0.0751953125
0 0.27001953125 0.6494140625 0.0439453125 0.0390625
0 0.4423828125 0.4833984375 0.060546875 0.0546875
0 0.9384765625 0.884765625 0.04296875 0.064453125
0 0.9677734375 0.3564453125 0.04296875 0.048828125
0 0.35791015625 0.4560546875 0.0791015625 0.095703125
0 0.61328125 0.7138671875 0.064453125 0.05859375
0 0.51171875 0.42041015625 0.08984375 0.0908203125
0 0.20849609375 0.9833984375 0.0615234375 0.029296875
0 0.744140625 0.45654296875 0.044921875 0.0458984375
0 0.48486328125 0.82275390625 0.0576171875 0.0654296875
0 0.677734375 0.494140625 0.06640625 0.0390625
0 0.04248046875 0.548828125 0.0849609375 0.052734375
0 0.02734375 0.06982421875 0.052734375 0.0693359375
0 0.43359375 0.57177734375 0.0546875 0.0576171875
0 0.11669921875 0.7431640625 0.0810546875 0.06640625
0 0.6982421875 0.07958984375 0.12109375 0.0830078125
0 0.7626953125 0.5458984375 0.06640625 0.0234375
0 0.08447265625 0.8349609375 0.0634765625 0.056640625
0 0.20068359375 0.0576171875 0.0556640625 0.048828125
0 0.32421875 0.28955078125 0.064453125 0.0615234375
