0 0.650390625 0.1435546875 0.025390625 0.0859375
0 0.203125 0.6162109375 0.05078125 0.046875
0 0.95654296875 0.50537109375 0.0302734375 0.0478515625
0 0.21826171875 0.71484375 0.0654296875 0.052734375
0 0.13525390625 0.458984375 0.0712890625 0.041015625
0 0.1484375 0.60595703125 0.046875 0.0771484375
0 0.41455078125 0.22021484375 0.0615234375 0.0498046875
0 0.29443359375 0.7705078125 0.0458984375 0.048828125
0 0.935546875 0.751953125 0.029296875 0.076171875
0 0.18994140625 0.5634765625 0.0595703125 0.04296875
0 0.33642578125 0.05322265625 0.0361328125 0.0869140625
0 0.18212890625 0.376953125 0.0283203125 0.046875
0 0.6494140625 0.978515625 0.03125 0.04296875
0 0.041015625 0.88134765625 0.044921875 0.0400390625
0 0.93310546875 0.1474609375 0.1025390625 0.056640625
0 0.81982421875 0.44873046875 0.0322265625 0.0830078125
0 0.98046875 0.5322265625 0.033203125 0.048828125
0 0.017578125 0.80810546875 0.03515625 0.0458984375
0 0.02880859375 0.10595703125 0.0283203125 0.0595703125
0 0.0146484375 0.19873046875 0.029296875 0.0361328125
0 0.5029296875 0.1318359375 0.033203125 0.10546875
0 0.037109375 0.74755859375 0.041015625 0.0556640625
0 0.9462890625 0.29736328125 0.08203125 0.0654296875
0 0.150390625 0.271484375 0.064453125 0.087890625
0 0.4794921875 0.0908203125 0.03515625 0.068359375
0 0.791015625 0.83544921875 0.033203125 0.0419921875
0 0.2490234375 0.77685546875 0.046875 0.0595703125
0 0.2822265625 0.4482421875 0.033203125 0.037109375
0 0.7666015625 0.796875 0.0390625 0.04296875
0 0.26611328125 0.1142578125 0.0341796875 0.07421875
0 0.4365234375 0.17724609375 0.029296875 0.0654296875
0 0.70556640625 0.68310546875 0.0439453125 0.0908203125
0 0.4462890625 0.7802734375 0.052734375 0.025390625
0 0.21337890625 0.5947265625 0.0361328125 0.029296875
0 0.3974609375 0.1748046875 0.044921875 0.04296875
0 0.8564453125 0.59423828125 0.03125 0.0478515625
0 0.50830078125 0.37841796875 0.0361328125 0.0751953125
0 0.8935546875 0.185546875 0.048828125 0.08203125
0 0.34619140625 0.5126953125 0.0244140625 0.0625
0 0.9521484375 0.34423828125 0.041015625 0.0966796875
0 0.181640625 0.046875 0.033203125 0.08984375
0 0.37158203125 0.681640625 0.0341796875 0.068359375
0 0.5341796875 0.4501953125 0.05078125 0.044921875
0 0.685546875 0.82568359375 0.029296875 0.0244140625
0 0.673828125 0.03759765625 0.0234375 0.0244140625
0 0.5703125 0.982421875 0.04296875 0.03515625
0 0.14794921875 0.40185546875 0.0361328125 0.0458984375
0 0.4013671875 0.419921875 0.0390625 0.080078125
0 0.48486328125 0.7451171875 0.0244140625 0.0390625
0 0.0224609375 0.44580078125 0.04296875 0.0947265625
0 0.9765625 0.685546875 0.046875 0.08984375
0 0.3876953125 0.849609375 0.044921875 0.046875
0 0.5712890625 0.85400390625 0.029296875 0.0361328125
0 0.43408203125 0.7470703125 0.0478515625 0.0546875
0 0.45556640625 0.07177734375 0.0263671875 0.0986328125
0 0.62353515625 0.1865234375 0.0498046875 0.080078125
0 0.82763671875 0.37255859375 0.0458984375 0.0732421875
0 0.98486328125 0.05126953125 0.0302734375 0.0615234375
0 0.37060546875 0.078125 0.0361328125 0.0859375
0 0.14306640625 0.6474609375 0.0283203125 0.05859375
0 0.08349609375 0.0205078125 0.0400390625 0.041015625
0 0.43408203125 0.30029296875 0.0478515625 0.0888671875
