0 0.0927734375 0.31787109375 0.17578125 0.0439453125
0 0.04052734375 0.068359375 0.0478515625 0.0390625
0 0.2431640625 0.1484375 0.05859375 0.0703125
0 0.56787109375 0.05224609375 0.0771484375 0.0732421875
0 0.3271484375 0.29248046875 0.044921875 0.0869140625
0 0.49951171875 0.208984375 0.0458984375 0.04296875
0 0.45751953125 0.11572265625 0.0634765625 0.0556640625
0 0.61572265625 0.26416015625 0.0732421875 0.0576171875
0 0.658203125 0.15673828125 0.0625 0.0673828125
0 0.74560546875 0.1416015625 0.0830078125 0.048828125
0 0.80126953125 0.07861328125 0.0634765625 0.0810546875
0 0.86962890625 0.0908203125 0.1142578125 0.07421875
0 0.744140625 0.25146484375 0.130859375 0.0478515625
0 0.68798828125 0.3154296875 0.0712890625 0.04296875
0 0.94482421875 0.15576171875 0.1005859375 0.0654296875
0 0.966796875 0.2763671875 0.044921875 0.099609375
0 0.94580078125 0.2177734375 0.0673828125 0.0546875
0 0.8896484375 0.26953125 0.1015625 0.083984375
0 0.85498046875 0.306640625 0.0556640625 0.08984375
0 0.65576171875 0.3837890625 0.0361328125 0.05078125
0 0.75146484375 0.3681640625 0.0712890625 0.052734375
0 0.82080078125 0.400390625 0.0576171875 0.08984375
0 0.86181640625 0.44921875 0.0576171875 0.068359375
0 0.908203125 0.49267578125 0.072265625 0.0537109375
0 0.49755859375 0.40185546875 0.0537109375 0.0869140625
0 0.478515625 0.47802734375 0.05078125 0.0830078125
0 0.4287109375 0.498046875 0.0625 0.06640625
0 0.7431640625 0.63037109375 0.0703125 0.0537109375
0 0.85498046875 0.5390625 0.0517578125 0.048828125
0 0.828125 0.701171875 0.064453125 0.04296875
0 0.8095703125 0.77490234375 0.064453125 0.0654296875
0 0.9111328125 0.85888671875 0.041015625 0.0927734375
0 0.84619140625 0.89208984375 0.1083984375 0.0517578125
0 0.92626953125 0.97802734375 0.0771484375 0.0400390625
0 0.6796875 0.9296875 0.091796875 0.068359375
0 0.76904296875 0.94384765625 0.1025390625 0.0654296875
0 0.65771484375 0.84375 0.0693359375 0.064453125
0 0.671875 0.76904296875 0.064453125 0.0693359375
0 0.61279296875 0.70263671875 0.0732421875 0.0361328125
0 0.58349609375 0.77685546875 0.0498046875 0.0556640625
0 0.51025390625 0.70751953125 0.0517578125 0.0888671875
0 0.5576171875 0.60498046875 0.056640625 0.0341796875
0 0.3125 0.5927734375 0.06640625 0.05078125
0 0.435546875 0.7529296875 0.044921875 0.072265625
0 0.54638671875 0.9375 0.0595703125 0.119140625
0 0.33447265625 0.9189453125 0.0732421875 0.08203125
0 0.3984375 0.900390625 0.068359375 0.09765625
0 0.29150390625 0.75537109375 0.0498046875 0.0419921875
0 0.09521484375 0.60205078125 0.0830078125 0.0556640625
0 0.078125 0.787109375 0.076171875 0.0546875
0 0.07861328125 0.72216796875 0.0576171875 0.0419921875
0 0.212890625 0.47607421875 0.052734375 0.1181640625
0 0.1005859375 0.41064453125 0.06640625 0.0654296875
0 0.52392578125 0.56494140625 0.0439453125 0.0380859375
0 0.79833984375 0.1845703125 0.0478515625 0.044921875
0 0.86083984375 0.1669921875 0.0810546875 0.046875
0 0.52880859375 0.61962890625 0.1025390625 0.0400390625
0 0.02392578125 0.7861328125 0.0302734375 0.029296875
0 0.04248046875 0.69873046875 0.0751953125 0.0419921875
0 0.10302734375 0.953125 0.0478515625 0.033203125
0 0.9794921875 0.5205078125 0.03125 0.05078125
0 0.93701171875 0.7001953125 0.0322265625 0.119140625
