0 0.96630859375 0.25146484375 0.0615234375 0.0615234375
0 0.4814453125 0.8193359375 0.103515625 0.078125
0 0.43896484375 0.65478515625 0.0791015625 0.0595703125
0 0.82470703125 0.6865234375 0.0888671875 0.06640625
0 0.0361328125 0.908203125 0.068359375 0.06640625
0 0.333984375 0.61865234375 0.109375 0.0693359375
0 0.2333984375 0.953125 0.076171875 0.0859375
0 0.3466796875 0.7265625 0.09375 0.05078125
0 0.97265625 0.78759765625 0.052734375 0.2021484375
0 0.615234375 0.0712890625 0.083984375 0.064453125
0 0.65673828125 0.8154296875 0.1044921875 0.130859375
0 0.80810546875 0.80224609375 0.0712890625 0.1025390625
0 0.2431640625 0.42822265625 0.07421875 0.0517578125
0 0.48583984375 0.20849609375 0.0576171875 0.0634765625
0 0.7763671875 0.265625 0.052734375 0.05859375
0 0.31396484375 0.958984375 0.0498046875 0.052734375
0 0.45556640625 0.11083984375 0.0576171875 0.1005859375
0 0.0244140625 0.4228515625 0.048828125 0.03515625
0 0.72607421875 0.17578125 0.0673828125 0.083984375
0 0.88720703125 0.26806640625 0.1337890625 0.1552734375
0 0.17919921875 0.46533203125 0.0654296875 0.0693359375
0 0.67333984375 0.3564453125 0.0615234375 0.044921875
0 0.46435546875 0.33837890625 0.0966796875 0.1357421875
0 0.0830078125 0.4228515625 0.08984375 0.07421875
0 0.21240234375 0.28759765625 0.0673828125 0.0439453125
0 0.09033203125 0.53076171875 0.0966796875 0.0478515625
0 0.7568359375 0.36767578125 0.103515625 0.0673828125
0 0.0390625 0.58251953125 0.078125 0.0615234375
0 0.26416015625 0.87060546875 0.1826171875 0.0830078125
0 0.13427734375 0.86669921875 0.1064453125 0.0751953125
0 0.3017578125 0.369140625 0.052734375 0.037109375
0 0.03515625 0.18017578125 0.0703125 0.0517578125
0 0.20654296875 0.5849609375 0.0791015625 0.064453125
0 0.56591796875 0.265625 0.0537109375 0.048828125
0 0.7841796875 0.44091796875 0.1328125 0.0595703125
0 0.42236328125 0.92236328125 0.0810546875 0.1005859375
0 0.73828125 0.6962890625 0.119140625 0.16796875
0 0.6279296875 0.12158203125 0.068359375 0.0595703125
0 0.89453125 0.95556640625 0.1171875 0.0888671875
0 0.56787109375 0.333984375 0.1083984375 0.060546875
0 0.04931640625 0.31787109375 0.0986328125 0.0595703125
0 0.80029296875 0.0556640625 0.1181640625 0.076171875
0 0.06201171875 0.0244140625 0.0810546875 0.048828125
0 0.25 0.140625 0.083984375 0.048828125
0 0.548828125 0.72412109375 0.04296875 0.0517578125
0 0.26220703125 0.75927734375 0.0751953125 0.0498046875
0 0.375 0.25048828125 0.080078125 0.0556640625
0 0.70068359375 0.517578125 0.0810546875 0.080078125
0 0.19677734375 0.177734375 0.0693359375 0.0390625
0 0.775390625 0.140625 0.05078125 0.064453125
0 0.16064453125 0.65478515625 0.0537109375 0.0478515625
0 0.6728515625 0.9140625 0.19140625 0.091796875
0 0.86376953125 0.59326171875 0.0751953125 0.1298828125
0 0.74267578125 0.98974609375 0.0654296875 0.0185546875
