0 0.0859375 0.01318359375 0.046875 0.0263671875
0 0.06591796875 0.04296875 0.1318359375 0.064453125
0 0.32666015625 0.087890625 0.0458984375 0.078125
0 0.0703125 0.35009765625 0.140625 0.1748046875
0 0.21044921875 0.34130859375 0.0673828125 0.1083984375
0 0.130859375 0.17578125 0.1015625 0.06640625
0 0.15771484375 0.2392578125 0.0849609375 0.083984375
0 0.4638671875 0.3515625 0.048828125 0.064453125
0 0.49560546875 0.37890625 0.0615234375 0.091796875
0 0.51123046875 0.45654296875 0.0576171875 0.0693359375
0 0.23486328125 0.53369140625 0.0615234375 0.0576171875
0 0.21435546875 0.4853515625 0.0634765625 0.037109375
0 0.34130859375 0.5673828125 0.0478515625 0.03515625
0 0.29345703125 0.55810546875 0.0361328125 0.0419921875
0 0.048828125 0.46826171875 0.09765625 0.0888671875
0 0.06591796875 0.52294921875 0.0751953125 0.0927734375
0 0.54443359375 0.44580078125 0.0517578125 0.1298828125
0 0.59912109375 0.41259765625 0.0791015625 0.1259765625
0 0.57861328125 0.32470703125 0.0556640625 0.0673828125
0 0.68896484375 0.4765625 0.0439453125 0.04296875
0 0.599609375 0.5517578125 0.08203125 0.06640625
0 0.7451171875 0.39453125 0.029296875 0.0390625
0 0.75244140625 0.248046875 0.0634765625 0.10546875
0 0.7314453125 0.17724609375 0.0390625 0.0576171875
0 0.68603515625 0.15625 0.0498046875 0.0859375
0 0.6953125 0.37548828125 0.0546875 0.0927734375
0 0.6650390625 0.2958984375 0.0703125 0.09765625
0 0.76416015625 0.02734375 0.0517578125 0.052734375
0 0.71630859375 0.01318359375 0.0400390625 0.0263671875
0 0.64599609375 0.01513671875 0.0380859375 0.0302734375
0 0.66845703125 0.06103515625 0.0595703125 0.0634765625
0 0.685546875 0.013671875 0.04296875 0.02734375
0 0.5556640625 0.0390625 0.0703125 0.078125
0 0.57470703125 0.11962890625 0.0419921875 0.0908203125
0 0.2431640625 0.037109375 0.060546875 0.07421875
0 0.20166015625 0.037109375 0.0322265625 0.037109375
0 0.2158203125 0.1015625 0.04296875 0.083984375
0 0.2080078125 0.0654296875 0.02734375 0.025390625
0 0.87744140625 0.17578125 0.0478515625 0.060546875
0 0.8876953125 0.24609375 0.046875 0.076171875
0 0.84619140625 0.30078125 0.0576171875 0.056640625
0 0.96240234375 0.15673828125 0.0537109375 0.1103515625
0 0.93115234375 0.21044921875 0.0556640625 0.0869140625
0 0.84033203125 0.43603515625 0.0751953125 0.0634765625
0 0.99169921875 0.4736328125 0.0166015625 0.09765625
0 0.9873046875 0.416015625 0.025390625 0.08203125
0 0.9921875 0.677734375 0.015625 0.068359375
0 0.986328125 0.578125 0.02734375 0.111328125
0 0.935546875 0.56689453125 0.06640625 0.0791015625
0 0.92333984375 0.49560546875 0.0439453125 0.0654296875
0 0.7626953125 0.6044921875 0.109375 0.05859375
0 0.640625 0.73779296875 0.072265625 0.0888671875
0 0.9560546875 0.93359375 0.087890625 0.056640625
0 0.955078125 0.9091796875 0.0546875 0.08203125
0 0.8115234375 0.92236328125 0.07421875 0.0537109375
0 0.59375 0.849609375 0.083984375 0.060546875
0 0.6171875 0.9287109375 0.052734375 0.041015625
0 0.86474609375 0.9501953125 0.0673828125 0.04296875
0 0.90234375 0.97412109375 0.078125 0.0517578125
0 0.7294921875 0.9736328125 0.119140625 0.048828125
0 0.57958984375 0.970703125 0.0615234375 0.0546875
0 0.5107421875 0.9619140625 0.080078125 0.076171875
0 0.26611328125 0.978515625 0.0693359375 0.04296875
0 0.2216796875 0.9267578125 0.06640625 0.033203125
0 0.14697265625 0.95458984375 0.0732421875 0.0458984375
0 0.0859375 0.70654296875 0.0625 0.0498046875
0 0.0361328125 0.8525390625 0.072265625 0.087890625
0 0.14501953125 0.90869140625 0.0517578125 0.0400390625
0 0.0146484375 0.9501953125 0.029296875 0.033203125
0 0.009765625 0.611328125 0.01953125 0.072265625
0 0.5556640625 0.12109375 0.052734375 0.095703125
0 0.015625 0.47509765625 0.03125 0.0576171875
0 0.099609375 0.56787109375 0.03515625 0.0322265625
