0 0.50146484375 0.2646484375 0.0615234375 0.099609375
0 0.63037109375 0.83056640625 0.0654296875 0.1025390625
0 0.73681640625 0.025390625 0.0654296875 0.05078125
0 0.7421875 0.48095703125 0.11328125 0.0712890625
0 0.580078125 0.365234375 0.08203125 0.06640625
0 0.60302734375 0.26220703125 0.0927734375 0.0751953125
0 0.740234375 0.42919921875 0.07421875 0.0634765625
0 0.77734375 0.0234375 0.048828125 0.046875
0 0.77685546875 0.412109375 0.0888671875 0.064453125
0 0.826171875 0.404296875 0.1171875 0.072265625
0 0.5009765625 0.4365234375 0.056640625 0.068359375
0 0.35791015625 0.671875 0.0654296875 0.1328125
0 0.49169921875 0.056640625 0.0693359375 0.0625
0 0.5712890625 0.177734375 0.056640625 0.083984375
0 0.7626953125 0.24560546875 0.17578125 0.0556640625
0 0.62890625 0.03955078125 0.060546875 0.0771484375
