0 0.9599609375 0.72314453125 0.080078125 0.0693359375
0 0.91796875 0.1962890625 0.083984375 0.04296875
0 0.96044921875 0.83447265625 0.0771484375 0.1181640625
0 0.53369140625 0.33740234375 0.1591796875 0.0615234375
0 0.955078125 0.49951171875 0.08984375 0.0751953125
0 0.25439453125 0.7158203125 0.0791015625 0.044921875
0 0.40576171875 0.1953125 0.0673828125 0.04296875
0 0.03369140625 0.75439453125 0.0673828125 0.0595703125
0 0.2578125 0.5576171875 0.091796875 0.0625
0 0.7841796875 0.2890625 0.099609375 0.05859375
0 0.64453125 0.57470703125 0.150390625 0.0654296875
0 0.2978515625 0.40185546875 0.09765625 0.0673828125
0 0.42578125 0.57958984375 0.08203125 0.0693359375
0 0.83447265625 0.42578125 0.0908203125 0.0546875
0 0.73388671875 0.134765625 0.1572265625 0.107421875
0 0.09912109375 0.02880859375 0.0732421875 0.0517578125
0 0.466796875 0.04296875 0.09375 0.05859375
0 0.3564453125 0.95068359375 0.068359375 0.0888671875
0 0.68994140625 0.544921875 0.1298828125 0.0703125
0 0.94482421875 0.41015625 0.1064453125 0.0546875
0 0.61376953125 0.2880859375 0.1611328125 0.0703125
0 0.18212890625 0.9375 0.0576171875 0.0390625
0 0.82568359375 0.34716796875 0.1474609375 0.0595703125
0 0.56787109375 0.48388671875 0.1201171875 0.0595703125
0 0.23291015625 0.5029296875 0.0849609375 0.064453125
0 0.0458984375 0.35791015625 0.091796875 0.0791015625
0 0.61328125 0.73828125 0.158203125 0.078125
0 0.3642578125 0.61181640625 0.125 0.1044921875
0 0.953125 0.9462890625 0.08203125 0.087890625
0 0.81298828125 0.904296875 0.0576171875 0.06640625
0 0.75048828125 0.9130859375 0.0673828125 0.083984375
0 0.369140625 0.16162109375 0.095703125 0.0537109375
0 0.5068359375 0.93408203125 0.076171875 0.0888671875
0 0.3857421875 0.8701171875 0.099609375 0.107421875
0 0.623046875 0.08447265625 0.09375 0.0556640625
0 0.19775390625 0.34130859375 0.0888671875 0.0732421875
0 0.0615234375 0.7177734375 0.119140625 0.09765625
0 0.8408203125 0.65673828125 0.142578125 0.0751953125
0 0.7578125 0.4423828125 0.107421875 0.080078125
0 0.03759765625 0.2841796875 0.0751953125 0.083984375
0 0.75244140625 0.919921875 0.1357421875 0.06640625
