0 0.1298828125 0.66748046875 0.06640625 0.1044921875
0 0.1240234375 0.4892578125 0.162109375 0.0859375
0 0.7021484375 0.2861328125 0.048828125 0.119140625
0 0.3916015625 0.7080078125 0.064453125 0.078125
0 0.99267578125 0.06396484375 0.0146484375 0.1044921875
0 0.265625 0.29296875 0.107421875 0.05859375
0 0.94775390625 0.56689453125 0.1044921875 0.0849609375
0 0.380859375 0.58740234375 0.19921875 0.1044921875
0 0.50537109375 0.68701171875 0.0556640625 0.0498046875
0 0.02880859375 0.94189453125 0.0576171875 0.1083984375
0 0.88720703125 0.0498046875 0.0595703125 0.072265625
0 0.7890625 0.07763671875 0.134765625 0.1279296875
0 0.1328125 0.1103515625 0.150390625 0.103515625
0 0.974609375 0.83349609375 0.05078125 0.1552734375
0 0.013671875 0.4091796875 0.02734375 0.0390625
0 0.6923828125 0.138671875 0.0859375 0.103515625
0 0.32177734375 0.982421875 0.0537109375 0.03125
0 0.125 0.36474609375 0.091796875 0.0615234375
0 0.39990234375 0.2998046875 0.0595703125 0.068359375
0 0.1533203125 0.2099609375 0.03125 0.08203125
0 0.62451171875 0.96044921875 0.0654296875 0.0712890625
0 0.94580078125 0.34228515625 0.0673828125 0.1748046875
0 0.1943359375 0.83056640625 0.095703125 0.1708984375
0 0.796875 0.8623046875 0.0703125 0.16015625
0 0.22119140625 0.369140625 0.1337890625 0.060546875
0 0.87353515625 0.748046875 0.0986328125 0.130859375
0 0.28369140625 0.7109375 0.0517578125 0.046875
0 0.03515625 0.78125 0.0703125 0.14453125
0 0.7314453125 0.36328125 0.0546875 0.099609375
0 0.7197265625 0.8427734375 0.08203125 0.064453125
0 0.8330078125 0.98974609375 0.044921875 0.0205078125
0 0.5859375 0.3037109375 0.08203125 0.181640625
