0 0.74609375 0.83740234375 0.041015625 0.0634765625
0 0.94580078125 0.64697265625 0.0869140625 0.0478515625
0 0.6962890625 0.05322265625 0.052734375 0.0361328125
0 0.59814453125 0.603515625 0.0673828125 0.03125
0 0.27392578125 0.04052734375 0.0693359375 0.0419921875
0 0.84912109375 0.12548828125 0.0537109375 0.0634765625
0 0.6923828125 0.6826171875 0.060546875 0.025390625
0 0.18798828125 0.9375 0.1142578125 0.052734375
0 0.349609375 0.48291015625 0.12109375 0.0966796875
0 0.86376953125 0.935546875 0.0947265625 0.044921875
0 0.57763671875 0.58447265625 0.0830078125 0.0419921875
0 0.60302734375 0.5712890625 0.0615234375 0.03125
0 0.67431640625 0.2041015625 0.0673828125 0.0390625
0 0.2958984375 0.82421875 0.1015625 0.03515625
0 0.56396484375 0.6787109375 0.0888671875 0.037109375
0 0.89453125 0.48046875 0.08984375 0.046875
0 0.89013671875 0.783203125 0.1142578125 0.111328125
0 0.74560546875 0.587890625 0.0595703125 0.02734375
0 0.5 0.52880859375 0.107421875 0.0419921875
0 0.5234375 0.9052734375 0.09375 0.044921875
0 0.0654296875 0.08837890625 0.0390625 0.0302734375
0 0.123046875 0.5703125 0.064453125 0.0390625
0 0.0244140625 0.65185546875 0.048828125 0.0244140625
0 0.45654296875 0.83154296875 0.0908203125 0.0458984375
0 0.13623046875 0.31689453125 0.0869140625 0.0439453125
0 0.19482421875 0.57470703125 0.1005859375 0.0478515625
0 0.40966796875 0.32666015625 0.1240234375 0.0498046875
0 0.939453125 0.86279296875 0.04296875 0.0693359375
0 0.306640625 0.6630859375 0.04296875 0.046875
0 0.099609375 0.54541015625 0.072265625 0.0361328125
0 0.291015625 0.84814453125 0.095703125 0.0224609375
0 0.537109375 0.1943359375 0.12109375 0.078125
0 0.10107421875 0.650390625 0.0849609375 0.0390625
0 0.6513671875 0.4697265625 0.068359375 0.04296875
0 0.9716796875 0.60400390625 0.056640625 0.0537109375
0 0.72314453125 0.240234375 0.0576171875 0.048828125
0 0.400390625 0.55810546875 0.037109375 0.0224609375
0 0.38818359375 0.83203125 0.0595703125 0.0703125
0 0.43798828125 0.08203125 0.0830078125 0.07421875
0 0.4443359375 0.77001953125 0.080078125 0.0341796875
0 0.84765625 0.4072265625 0.1171875 0.083984375
0 0.5791015625 0.1884765625 0.072265625 0.080078125
0 0.52685546875 0.8427734375 0.0693359375 0.0625
0 0.0390625 0.83349609375 0.04296875 0.0947265625
0 0.6943359375 0.5830078125 0.041015625 0.02734375
0 0.51416015625 0.97119140625 0.0908203125 0.0361328125
0 0.17919921875 0.919921875 0.1201171875 0.029296875
0 0.19873046875 0.1533203125 0.0380859375 0.04296875
0 0.77734375 0.1201171875 0.068359375 0.08984375
0 0.603515625 0.44140625 0.056640625 0.10546875
0 0.220703125 0.1455078125 0.068359375 0.076171875
0 0.244140625 0.5419921875 0.05078125 0.0703125
0 0.8193359375 0.54150390625 0.08203125 0.0537109375
0 0.48291015625 0.22802734375 0.0712890625 0.0302734375
0 0.56689453125 0.0478515625 0.0576171875 0.05859375
0 0.30859375 0.91943359375 0.0703125 0.0380859375
0 0.2451171875 0.0078125 0.0625 0.015625
0 0.15478515625 0.8515625 0.1044921875 0.05859375
0 0.8388671875 0.9833984375 0.091796875 0.033203125
0 0.76953125 0.56005859375 0.091796875 0.0556640625
0 0.2529296875 0.3251953125 0.068359375 0.056640625
0 0.564453125 0.14306640625 0.083984375 0.0693359375
0 0.38525390625 0.2705078125 0.0908203125 0.041015625
0 0.607421875 0.52001953125 0.095703125 0.0498046875
0 0.7392578125 0.52783203125 0.046875 0.0380859375
0 0.66650390625 0.4921875 0.0498046875 0.02734375
0 0.78125 0.8564453125 0.037109375 0.138671875
0 0.78955078125 0.17529296875 0.1044921875 0.0693359375
0 0.08349609375 0.0595703125 0.0830078125 0.03515625
0 0.54345703125 0.3017578125 0.1064453125 0.041015625
0 0.74609375 0.615234375 0.103515625 0.03515625
0 0.123046875 0.037109375 0.1015625 0.048828125
