0 0.96728515625 0.89404296875 0.0634765625 0.0673828125
0 0.98583984375 0.37255859375 0.0283203125 0.1279296875
0 0.9130859375 0.7470703125 0.0625 0.099609375
0 0.85888671875 0.6005859375 0.0400390625 0.056640625
0 0.8037109375 0.87939453125 0.09375 0.0673828125
0 0.46826171875 0.77099609375 0.1162109375 0.0791015625
0 0.580078125 0.5390625 0.068359375 0.064453125
0 0.470703125 0.6796875 0.0703125 0.1015625
0 0.4931640625 0.89501953125 0.060546875 0.0576171875
0 0.28515625 0.83447265625 0.07421875 0.1123046875
0 0.2734375 0.74169921875 0.078125 0.0634765625
0 0.08984375 0.9560546875 0.0703125 0.087890625
0 0.0419921875 0.8779296875 0.083984375 0.06640625
0 0.01171875 0.69140625 0.0234375 0.02734375
0 0.05712890625 0.51708984375 0.1025390625 0.0517578125
0 0.0439453125 0.564453125 0.087890625 0.0703125
0 0.4375 0.96435546875 0.0625 0.0673828125
0 0.40185546875 0.81494140625 0.1376953125 0.0888671875
0 0.3671875 0.84765625 0.06640625 0.0859375
0 0.341796875 0.95849609375 0.123046875 0.0380859375
0 0.4248046875 0.90625 0.056640625 0.068359375
0 0.35986328125 0.916015625 0.0693359375 0.0546875
0 0.69482421875 0.734375 0.0634765625 0.0703125
0 0.76171875 0.67626953125 0.056640625 0.0712890625
0 0.7724609375 0.58837890625 0.0625 0.0537109375
0 0.677734375 0.634765625 0.1015625 0.08203125
0 0.98193359375 0.53271484375 0.0361328125 0.1845703125
0 0.9375 0.46923828125 0.056640625 0.1162109375
0 0.79443359375 0.27490234375 0.0849609375 0.1044921875
0 0.705078125 0.22705078125 0.099609375 0.0986328125
0 0.7119140625 0.27685546875 0.046875 0.0478515625
0 0.6025390625 0.3154296875 0.046875 0.08203125
0 0.5439453125 0.33642578125 0.099609375 0.1708984375
0 0.49462890625 0.1328125 0.0654296875 0.0859375
0 0.5068359375 0.18603515625 0.0625 0.1279296875
0 0.7490234375 0.0869140625 0.07421875 0.140625
0 0.7109375 0.11181640625 0.044921875 0.0615234375
0 0.67626953125 0.16796875 0.1064453125 0.0625
0 0.29296875 0.310546875 0.07421875 0.08984375
0 0.23828125 0.38818359375 0.06640625 0.0556640625
0 0.1015625 0.39599609375 0.06640625 0.0673828125
0 0.09521484375 0.453125 0.0751953125 0.064453125
0 0.0595703125 0.240234375 0.056640625 0.103515625
0 0.015625 0.26318359375 0.03125 0.0537109375
0 0.37158203125 0.14111328125 0.0927734375 0.0751953125
0 0.32373046875 0.0537109375 0.0810546875 0.107421875
0 0.5400390625 0.01513671875 0.05859375 0.0302734375
0 0.6650390625 0.01123046875 0.0390625 0.0224609375
0 0.54833984375 0.0693359375 0.0439453125 0.03125
0 0.0126953125 0.01611328125 0.025390625 0.0322265625
0 0.0693359375 0.01904296875 0.048828125 0.0380859375
0 0.115234375 0.03857421875 0.04296875 0.0771484375
0 0.06396484375 0.05322265625 0.0732421875 0.1064453125
0 0.79541015625 0.966796875 0.0478515625 0.046875
0 0.85546875 0.9375 0.05078125 0.048828125
0 0.8564453125 0.982421875 0.02734375 0.03515625
0 0.91748046875 0.1640625 0.0556640625 0.15234375
0 0.89501953125 0.06591796875 0.0927734375 0.0673828125
0 0.87890625 0.1123046875 0.025390625 0.033203125
0 0.8505859375 0.03369140625 0.078125 0.0673828125
0 0.9140625 0.02197265625 0.041015625 0.0439453125
0 0.1279296875 0.78857421875 0.021484375 0.0263671875
0 0.005859375 0.89599609375 0.01171875 0.0361328125
0 0.3935546875 0.26513671875 0.0390625 0.0361328125
0 0.32861328125 0.9853515625 0.1552734375 0.025390625
