0 0.3974609375 0.97802734375 0.04296875 0.0439453125
0 0.5224609375 0.962890625 0.0859375 0.07421875
0 0.73095703125 0.97021484375 0.0576171875 0.0595703125
0 0.75146484375 0.84765625 0.1181640625 0.1171875
0 0.341796875 0.82080078125 0.072265625 0.0771484375
0 0.54931640625 0.72314453125 0.0400390625 0.0654296875
0 0.4638671875 0.7138671875 0.06640625 0.048828125
0 0.34814453125 0.76220703125 0.0380859375 0.0439453125
0 0.31640625 0.65625 0.08203125 0.091796875
0 0.380859375 0.69921875 0.0625 0.080078125
0 0.10498046875 0.6591796875 0.0791015625 0.06640625
0 0.166015625 0.666015625 0.064453125 0.072265625
0 0.150390625 0.5498046875 0.041015625 0.046875
0 0.3984375 0.6220703125 0.037109375 0.052734375
0 0.4482421875 0.6435546875 0.06640625 0.080078125
0 0.32177734375 0.546875 0.0712890625 0.08203125
0 0.36376953125 0.599609375 0.0595703125 0.078125
0 0.43994140625 0.4833984375 0.1044921875 0.1171875
0 0.80810546875 0.59765625 0.0947265625 0.07421875
0 0.6669921875 0.548828125 0.046875 0.05078125
0 0.75390625 0.5322265625 0.076171875 0.07421875
0 0.42626953125 0.353515625 0.0654296875 0.083984375
0 0.44287109375 0.27734375 0.0361328125 0.052734375
0 0.6953125 0.4482421875 0.0546875 0.076171875
0 0.75341796875 0.41162109375 0.0400390625 0.0341796875
0 0.80126953125 0.455078125 0.0888671875 0.0703125
0 0.6328125 0.35986328125 0.048828125 0.0869140625
0 0.58056640625 0.337890625 0.0908203125 0.083984375
0 0.6640625 0.28564453125 0.056640625 0.0595703125
0 0.7451171875 0.28076171875 0.07421875 0.0771484375
0 0.53955078125 0.22509765625 0.0849609375 0.0830078125
0 0.68212890625 0.140625 0.0654296875 0.09765625
0 0.8681640625 0.07080078125 0.060546875 0.0634765625
0 0.619140625 0.09033203125 0.07421875 0.1201171875
0 0.63037109375 0.03076171875 0.0634765625 0.0615234375
0 0.9658203125 0.90576171875 0.05078125 0.0478515625
0 0.86328125 0.02392578125 0.0390625 0.0439453125
0 0.02099609375 0.28759765625 0.0400390625 0.0517578125
0 0.59326171875 0.39794921875 0.0458984375 0.0634765625
0 0.44677734375 0.42041015625 0.0361328125 0.0322265625
0 0.830078125 0.82861328125 0.060546875 0.0595703125
0 0.38916015625 0.75048828125 0.0439453125 0.0341796875
0 0.70654296875 0.92919921875 0.0673828125 0.0537109375
0 0.59326171875 0.4306640625 0.0458984375 0.1015625
0 0.55908203125 0.427734375 0.0498046875 0.080078125
0 0.76123046875 0.009765625 0.0380859375 0.01953125
0 0.84130859375 0.0400390625 0.0283203125 0.0234375
0 0.31982421875 0.0068359375 0.0361328125 0.013671875
0 0.32861328125 0.0576171875 0.0576171875 0.04296875
0 0.6240234375 0.169921875 0.05859375 0.068359375
0 0.60595703125 0.21435546875 0.0458984375 0.0419921875
