0 0.96240234375 0.1884765625 0.0751953125 0.115234375
0 0.76953125 0.578125 0.095703125 0.09375
0 0.82763671875 0.49853515625 0.1044921875 0.0458984375
0 0.97705078125 0.3916015625 0.0458984375 0.095703125
0 0.08349609375 0.15771484375 0.1318359375 0.1083984375
0 0.0693359375 0.34912109375 0.0625 0.0615234375
0 0.728515625 0.46337890625 0.064453125 0.0888671875
0 0.87646484375 0.59765625 0.0810546875 0.072265625
0 0.69775390625 0.337890625 0.1533203125 0.1328125
0 0.78271484375 0.22119140625 0.0556640625 0.0810546875
0 0.70849609375 0.56640625 0.0791015625 0.076171875
0 0.70556640625 0.23291015625 0.0732421875 0.1376953125
0 0.03173828125 0.68505859375 0.0634765625 0.0517578125
0 0.0712890625 0.30615234375 0.119140625 0.0810546875
0 0.85791015625 0.06396484375 0.1435546875 0.1025390625
0 0.953125 0.66015625 0.091796875 0.056640625
0 0.60107421875 0.09375 0.0712890625 0.08203125
0 0.9453125 0.24755859375 0.08984375 0.0771484375
0 0.67529296875 0.439453125 0.0791015625 0.123046875
0 0.87890625 0.1796875 0.109375 0.119140625
0 0.8193359375 0.416015625 0.138671875 0.115234375
0 0.7412109375 0.71142578125 0.052734375 0.1064453125
0 0.77587890625 0.72998046875 0.0537109375 0.0732421875
