0 0.85498046875 0.88525390625 0.0341796875 0.0439453125
0 0.2509765625 0.65625 0.072265625 0.048828125
0 0.31982421875 0.3017578125 0.0517578125 0.048828125
0 0.9072265625 0.2861328125 0.05859375 0.0390625
0 0.138671875 0.5283203125 0.05859375 0.06640625
0 0.43115234375 0.9736328125 0.0634765625 0.052734375
0 0.92919921875 0.6123046875 0.0693359375 0.046875
0 0.85546875 0.8046875 0.05078125 0.046875
0 0.3154296875 0.4423828125 0.095703125 0.06640625
0 0.9287109375 0.81396484375 0.072265625 0.0712890625
0 0.634765625 0.13330078125 0.14453125 0.1123046875
0 0.5517578125 0.197265625 0.056640625 0.0546875
0 0.65283203125 0.595703125 0.0732421875 0.029296875
0 0.97216796875 0.423828125 0.0556640625 0.044921875
0 0.0419921875 0.0244140625 0.083984375 0.046875
0 0.58056640625 0.79345703125 0.0849609375 0.0537109375
0 0.119140625 0.23876953125 0.05859375 0.0458984375
