0 0.1416015625 0.11376953125 0.078125 0.0888671875
0 0.298828125 0.0732421875 0.083984375 0.056640625
0 0.30419921875 0.65966796875 0.0615234375 0.0537109375
0 0.08642578125 0.98291015625 0.0712890625 0.0341796875
0 0.1904296875 0.91845703125 0.087890625 0.1455078125
0 0.279296875 0.92822265625 0.09765625 0.0673828125
0 0.3837890625 0.8662109375 0.083984375 0.123046875
0 0.30712890625 0.849609375 0.0634765625 0.078125
0 0.24755859375 0.87646484375 0.0439453125 0.0302734375
0 0.359375 0.79931640625 0.0703125 0.0517578125
0 0.705078125 0.82275390625 0.076171875 0.1123046875
0 0.85791015625 0.9326171875 0.1376953125 0.099609375
0 0.88427734375 0.85498046875 0.0908203125 0.1025390625
0 0.81640625 0.77587890625 0.08203125 0.0732421875
0 0.79345703125 0.83740234375 0.0634765625 0.0517578125
0 0.9697265625 0.62451171875 0.060546875 0.0849609375
0 0.9169921875 0.46044921875 0.068359375 0.0576171875
0 0.859375 0.40771484375 0.0703125 0.1064453125
0 0.7578125 0.46484375 0.060546875 0.048828125
0 0.56396484375 0.3896484375 0.0556640625 0.0625
0 0.7294921875 0.41796875 0.060546875 0.060546875
0 0.72265625 0.365234375 0.07421875 0.048828125
0 0.8212890625 0.31884765625 0.080078125 0.0576171875
0 0.83740234375 0.2138671875 0.0634765625 0.07421875
0 0.7548828125 0.22998046875 0.06640625 0.0556640625
0 0.77880859375 0.27880859375 0.0810546875 0.0517578125
0 0.78173828125 0.5615234375 0.0751953125 0.068359375
0 0.75830078125 0.5498046875 0.1083984375 0.06640625
0 0.365234375 0.41162109375 0.0546875 0.0576171875
0 0.32275390625 0.5859375 0.0673828125 0.072265625
0 0.29296875 0.52294921875 0.0546875 0.0615234375
0 0.685546875 0.31982421875 0.04296875 0.0400390625
0 0.64599609375 0.4912109375 0.0322265625 0.0390625
0 0.98779296875 0.6904296875 0.0244140625 0.041015625
0 0.25634765625 0.9853515625 0.0576171875 0.029296875
0 0.91748046875 0.994140625 0.0361328125 0.01171875
0 0.8310546875 0.8662109375 0.072265625 0.056640625
0 0.763671875 0.50927734375 0.025390625 0.0263671875
0 0.326171875 0.462890625 0.060546875 0.0546875
0 0.32958984375 0.78466796875 0.0693359375 0.0537109375
0 0.70263671875 0.00732421875 0.0478515625 0.0146484375
0 0.3251953125 0.4267578125 0.044921875 0.037109375
0 0.2109375 0.982421875 0.056640625 0.03515625
0 0.3056640625 0.62744140625 0.0390625 0.0283203125
0 0.24462890625 0.50390625 0.0380859375 0.033203125
0 0.26513671875 0.48193359375 0.0849609375 0.0380859375
0 0.26904296875 0.45458984375 0.0556640625 0.0185546875
0 0.36767578125 0.45751953125 0.0302734375 0.0400390625
0 0.6884765625 0.552734375 0.060546875 0.064453125
0 0.81005859375 0.513671875 0.0673828125 0.052734375
0 0.27001953125 0.6787109375 0.0126953125 0.01953125
