0 0.6103515625 0.029296875 0.052734375 0.046875
0 0.615234375 0.6337890625 0.076171875 0.0625
0 0.9208984375 0.9033203125 0.0703125 0.05078125
0 0.31884765625 0.12060546875 0.0595703125 0.0576171875
0 0.02978515625 0.478515625 0.0595703125 0.0625
0 0.68017578125 0.876953125 0.0537109375 0.068359375
0 0.3115234375 0.06103515625 0.0546875 0.0595703125
0 0.1064453125 0.71923828125 0.076171875 0.0556640625
0 0.49169921875 0.96630859375 0.0712890625 0.0556640625
0 0.55419921875 0.4697265625 0.0595703125 0.0546875
0 0.7705078125 0.89111328125 0.041015625 0.0361328125
0 0.8994140625 0.11376953125 0.060546875 0.0478515625
0 0.20263671875 0.72021484375 0.0771484375 0.0498046875
0 0.26953125 0.919921875 0.03515625 0.0390625
0 0.30859375 0.51171875 0.083984375 0.0625
0 0.88671875 0.5302734375 0.05078125 0.044921875
0 0.35498046875 0.0830078125 0.0751953125 0.05859375
0 0.8984375 0.95556640625 0.0703125 0.0439453125
0 0.03955078125 0.58544921875 0.0673828125 0.0615234375
0 0.521484375 0.82470703125 0.056640625 0.0380859375
0 0.12890625 0.92431640625 0.068359375 0.0419921875
0 0.51220703125 0.5849609375 0.0537109375 0.033203125
0 0.48388671875 0.20458984375 0.0732421875 0.0693359375
0 0.771484375 0.0625 0.076171875 0.048828125
0 0.9541015625 0.08154296875 0.083984375 0.0634765625
0 0.37744140625 0.63037109375 0.1181640625 0.0810546875
0 0.02294921875 0.0380859375 0.0458984375 0.076171875
0 0.080078125 0.81689453125 0.03515625 0.0595703125
0 0.720703125 0.634765625 0.080078125 0.08984375
0 0.42041015625 0.02490234375 0.0634765625 0.0458984375
0 0.712890625 0.97265625 0.107421875 0.0546875
0 0.2255859375 0.65576171875 0.087890625 0.0576171875
0 0.6279296875 0.96923828125 0.064453125 0.0615234375
0 0.9765625 0.1494140625 0.046875 0.0859375
0 0.3544921875 0.564453125 0.05078125 0.064453125
0 0.17431640625 0.06103515625 0.0830078125 0.0498046875
0 0.056640625 0.646484375 0.076171875 0.0703125
0 0.87744140625 0.06640625 0.0986328125 0.05859375
0 0.615234375 0.56396484375 0.0703125 0.0537109375
0 0.736328125 0.01904296875 0.05078125 0.0380859375
0 0.7978515625 0.1484375 0.072265625 0.083984375
0 0.40625 0.09716796875 0.048828125 0.0615234375
0 0.68017578125 0.216796875 0.1298828125 0.076171875
0 0.45947265625 0.10595703125 0.0419921875 0.0595703125
0 0.9111328125 0.45556640625 0.0625 0.0537109375
0 0.24609375 0.4892578125 0.076171875 0.072265625
0 0.82275390625 0.9814453125 0.0634765625 0.03515625
0 0.50244140625 0.5458984375 0.0556640625 0.044921875
0 0.2265625 0.583984375 0.0625 0.046875
0 0.4912109375 0.92529296875 0.0625 0.0400390625
0 0.275390625 0.974609375 0.068359375 0.05078125
0 0.3740234375 0.041015625 0.0703125 0.0703125
