0 0.974609375 0.9423828125 0.05078125 0.080078125
0 0.970703125 0.7529296875 0.05859375 0.072265625
0 0.6064453125 0.748046875 0.091796875 0.078125
0 0.470703125 0.6689453125 0.0703125 0.099609375
0 0.6044921875 0.65625 0.091796875 0.0859375
0 0.8896484375 0.76953125 0.072265625 0.10546875
0 0.5771484375 0.5625 0.197265625 0.109375
0 0.888671875 0.4677734375 0.22265625 0.146484375
0 0.4853515625 0.908203125 0.080078125 0.07421875
0 0.4072265625 0.9013671875 0.083984375 0.076171875
0 0.1474609375 0.8662109375 0.080078125 0.060546875
0 0.2529296875 0.787109375 0.240234375 0.0859375
0 0.029296875 0.650390625 0.05859375 0.19140625
0 0.2109375 0.59765625 0.140625 0.19921875
0 0.30078125 0.53125 0.125 0.08984375
0 0.517578125 0.9638671875 0.0859375 0.072265625
0 0.83984375 0.3779296875 0.16796875 0.056640625
0 0.5908203125 0.287109375 0.048828125 0.0703125
0 0.5498046875 0.396484375 0.072265625 0.109375
0 0.546875 0.173828125 0.05859375 0.0703125
0 0.0234375 0.20703125 0.046875 0.078125
0 0.03515625 0.2890625 0.0703125 0.08203125
0 0.21484375 0.1376953125 0.0703125 0.064453125
0 0.041015625 0.03515625 0.08203125 0.0703125
0 0.12109375 0.091796875 0.07421875 0.0859375
0 0.583984375 0.0263671875 0.08203125 0.052734375
0 0.8310546875 0.072265625 0.095703125 0.09375
0 0.4521484375 0.0166015625 0.087890625 0.033203125
0 0.771484375 0.0185546875 0.05859375 0.037109375
0 0.90234375 0.01171875 0.12109375 0.0234375
0 0.2080078125 0.5322265625 0.123046875 0.158203125
