0 0.9365234375 0.07177734375 0.05859375 0.0908203125
0 0.33740234375 0.58935546875 0.0673828125 0.0771484375
0 0.16455078125 0.92138671875 0.0791015625 0.0419921875
0 0.94140625 0.31005859375 0.0546875 0.0537109375
0 0.8955078125 0.45263671875 0.0703125 0.0947265625
0 0.46044921875 0.8740234375 0.0966796875 0.095703125
0 0.49951171875 0.9443359375 0.0537109375 0.033203125
0 0.71923828125 0.69287109375 0.0751953125 0.0517578125
0 0.13134765625 0.0693359375 0.1123046875 0.091796875
0 0.111328125 0.78662109375 0.091796875 0.0595703125
0 0.11767578125 0.6259765625 0.0810546875 0.052734375
0 0.3046875 0.236328125 0.099609375 0.0546875
0 0.9609375 0.5966796875 0.05859375 0.0703125
0 0.18701171875 0.37451171875 0.0654296875 0.0673828125
0 0.763671875 0.0498046875 0.08203125 0.09765625
0 0.39697265625 0.45263671875 0.0673828125 0.0947265625
0 0.0546875 0.5283203125 0.078125 0.0546875
0 0.90625 0.96728515625 0.072265625 0.0654296875
0 0.58935546875 0.78857421875 0.0615234375 0.0908203125
0 0.23583984375 0.421875 0.0498046875 0.0625
0 0.31640625 0.05078125 0.060546875 0.099609375
0 0.669921875 0.0400390625 0.078125 0.078125
0 0.3974609375 0.80810546875 0.083984375 0.0771484375
0 0.60498046875 0.06689453125 0.0986328125 0.0966796875
0 0.501953125 0.611328125 0.076171875 0.037109375
0 0.37890625 0.91650390625 0.05859375 0.0712890625
0 0.697265625 0.41796875 0.080078125 0.154296875
0 0.77392578125 0.49462890625 0.0693359375 0.0908203125
0 0.96142578125 0.20361328125 0.0732421875 0.0712890625
0 0.05712890625 0.86572265625 0.0908203125 0.0498046875
0 0.03466796875 0.38330078125 0.0673828125 0.0732421875
0 0.45263671875 0.15966796875 0.0458984375 0.0576171875
0 0.3564453125 0.98486328125 0.091796875 0.0283203125
0 0.28564453125 0.888671875 0.0732421875 0.05859375
0 0.4814453125 0.04052734375 0.107421875 0.0791015625
0 0.5830078125 0.93505859375 0.068359375 0.0693359375
0 0.2197265625 0.24267578125 0.076171875 0.0498046875
0 0.65478515625 0.4580078125 0.0869140625 0.142578125
0 0.85888671875 0.03125 0.0654296875 0.060546875
0 0.27197265625 0.58984375 0.0791015625 0.060546875
0 0.80712890625 0.4638671875 0.0595703125 0.078125
0 0.17333984375 0.02978515625 0.1044921875 0.0576171875
0 0.55712890625 0.18115234375 0.0810546875 0.0634765625
0 0.04736328125 0.04931640625 0.0888671875 0.0595703125
0 0.05419921875 0.591796875 0.1083984375 0.072265625
0 0.5146484375 0.5546875 0.0625 0.06640625
0 0.7705078125 0.93994140625 0.0703125 0.0654296875
0 0.4765625 0.68212890625 0.048828125 0.0439453125
