0 0.18994140625 0.19091796875 0.0556640625 0.0634765625
0 0.66455078125 0.79931640625 0.0712890625 0.0537109375
0 0.486328125 0.966796875 0.068359375 0.064453125
0 0.86279296875 0.1796875 0.0693359375 0.078125
0 0.78271484375 0.4931640625 0.0615234375 0.048828125
0 0.6025390625 0.9404296875 0.056640625 0.056640625
0 0.439453125 0.83935546875 0.068359375 0.0673828125
0 0.48876953125 0.74853515625 0.0556640625 0.0556640625
0 0.2109375 0.98583984375 0.08203125 0.0283203125
0 0.435546875 0.517578125 0.0625 0.072265625
0 0.3271484375 0.4677734375 0.078125 0.07421875
0 0.4248046875 0.099609375 0.05859375 0.080078125
0 0.91357421875 0.69873046875 0.0615234375 0.0556640625
0 0.52587890625 0.5078125 0.0537109375 0.0703125
0 0.87451171875 0.52587890625 0.0791015625 0.0908203125
0 0.97998046875 0.51904296875 0.0400390625 0.0888671875
0 0.525390625 0.85498046875 0.033203125 0.0341796875
0 0.78759765625 0.18115234375 0.0791015625 0.1494140625
0 0.98388671875 0.36474609375 0.0322265625 0.0654296875
0 0.326171875 0.9814453125 0.078125 0.03515625
0 0.74560546875 0.04541015625 0.0634765625 0.0791015625
0 0.57470703125 0.83154296875 0.0419921875 0.0380859375
0 0.90478515625 0.30029296875 0.0439453125 0.0400390625
0 0.73095703125 0.53271484375 0.0986328125 0.0615234375
0 0.9453125 0.89990234375 0.06640625 0.0634765625
0 0.40234375 0.73876953125 0.0546875 0.0576171875
0 0.9150390625 0.1240234375 0.0703125 0.05859375
0 0.14404296875 0.66943359375 0.0537109375 0.0673828125
0 0.029296875 0.2138671875 0.05859375 0.0546875
0 0.88525390625 0.9755859375 0.0751953125 0.046875
0 0.62744140625 0.01904296875 0.0576171875 0.0380859375
0 0.1513671875 0.47021484375 0.07421875 0.1201171875
0 0.88671875 0.83837890625 0.072265625 0.0830078125
0 0.5654296875 0.6357421875 0.0625 0.099609375
0 0.1533203125 0.59130859375 0.056640625 0.0615234375
0 0.82421875 0.64013671875 0.076171875 0.0537109375
0 0.3251953125 0.7666015625 0.06640625 0.083984375
0 0.65673828125 0.533203125 0.0615234375 0.0703125
0 0.19384765625 0.126953125 0.0517578125 0.05078125
0 0.95849609375 0.619140625 0.0498046875 0.04296875
0 0.54248046875 0.09716796875 0.0615234375 0.0673828125
0 0.8466796875 0.4609375 0.056640625 0.072265625
0 0.1474609375 0.939453125 0.072265625 0.1171875
0 0.541015625 0.333984375 0.052734375 0.05078125
0 0.029296875 0.037109375 0.05859375 0.05859375
0 0.06103515625 0.826171875 0.0498046875 0.056640625
