0 0.01708984375 0.28662109375 0.0341796875 0.0537109375
0 0.91015625 0.271484375 0.083984375 0.05859375
0 0.255859375 0.970703125 0.052734375 0.0546875
0 0.927734375 0.39306640625 0.068359375 0.0849609375
0 0.08544921875 0.49853515625 0.0673828125 0.0810546875
0 0.49658203125 0.1640625 0.0673828125 0.064453125
0 0.720703125 0.81005859375 0.068359375 0.0654296875
0 0.37060546875 0.2333984375 0.0556640625 0.048828125
0 0.94140625 0.53564453125 0.0625 0.0654296875
0 0.9052734375 0.88671875 0.044921875 0.08203125
0 0.06640625 0.83740234375 0.072265625 0.0947265625
0 0.724609375 0.1240234375 0.080078125 0.09375
0 0.1396484375 0.91259765625 0.09375 0.1083984375
0 0.1484375 0.60009765625 0.078125 0.0595703125
0 0.06787109375 0.169921875 0.1142578125 0.099609375
0 0.97900390625 0.9248046875 0.0400390625 0.060546875
0 0.6689453125 0.45166015625 0.072265625 0.0908203125
0 0.267578125 0.0771484375 0.056640625 0.080078125
0 0.9755859375 0.09130859375 0.048828125 0.0732421875
0 0.8984375 0.79638671875 0.072265625 0.0673828125
0 0.5380859375 0.400390625 0.076171875 0.0625
0 0.97509765625 0.634765625 0.0478515625 0.080078125
0 0.2763671875 0.818359375 0.06640625 0.04296875
0 0.814453125 0.91796875 0.060546875 0.056640625
0 0.31884765625 0.7421875 0.0732421875 0.08984375
0 0.0234375 0.0439453125 0.046875 0.072265625
0 0.52099609375 0.8720703125 0.0654296875 0.060546875
0 0.22265625 0.49560546875 0.076171875 0.0576171875
0 0.19580078125 0.20458984375 0.1064453125 0.1044921875
0 0.8056640625 0.21044921875 0.072265625 0.0771484375
0 0.9794921875 0.43017578125 0.041015625 0.0498046875
0 0.70166015625 0.203125 0.0595703125 0.05859375
0 0.35693359375 0.13232421875 0.0576171875 0.0615234375
0 0.224609375 0.09033203125 0.044921875 0.0771484375
0 0.48583984375 0.27685546875 0.0634765625 0.0517578125
0 0.87353515625 0.7353515625 0.0791015625 0.048828125
0 0.095703125 0.1044921875 0.05859375 0.06640625
0 0.7529296875 0.6455078125 0.060546875 0.06640625
0 0.443359375 0.56005859375 0.076171875 0.0654296875
