0 0.6259765625 0.02978515625 0.083984375 0.0595703125
0 0.97216796875 0.8330078125 0.0556640625 0.140625
0 0.90673828125 0.35400390625 0.0830078125 0.0751953125
0 0.98828125 0.48046875 0.0234375 0.076171875
0 0.2822265625 0.07861328125 0.083984375 0.1103515625
0 0.814453125 0.1064453125 0.1171875 0.1328125
0 0.01611328125 0.48046875 0.0322265625 0.09375
0 0.0712890625 0.0654296875 0.068359375 0.080078125
0 0.04296875 0.9658203125 0.0703125 0.068359375
0 0.02099609375 0.74267578125 0.0419921875 0.1201171875
0 0.26025390625 0.92724609375 0.0771484375 0.1455078125
0 0.517578125 0.06591796875 0.083984375 0.0927734375
0 0.41943359375 0.46875 0.1103515625 0.08203125
0 0.08935546875 0.79931640625 0.1220703125 0.1806640625
0 0.80517578125 0.57666015625 0.1298828125 0.1123046875
0 0.8193359375 0.64111328125 0.1015625 0.0927734375
0 0.203125 0.0224609375 0.140625 0.044921875
0 0.8125 0.45751953125 0.146484375 0.0986328125
0 0.1123046875 0.88134765625 0.07421875 0.0927734375
0 0.88525390625 0.87890625 0.0810546875 0.15625
0 0.8525390625 0.759765625 0.091796875 0.09375
0 0.79296875 0.88427734375 0.0703125 0.1650390625
0 0.45458984375 0.67578125 0.0693359375 0.083984375
0 0.91357421875 0.02197265625 0.0986328125 0.0439453125
0 0.9541015625 0.6376953125 0.091796875 0.0703125
0 0.49755859375 0.552734375 0.1494140625 0.12109375
0 0.015625 0.3564453125 0.03125 0.12890625
