0 0.79052734375 0.34326171875 0.0849609375 0.0712890625
0 0.01171875 0.55224609375 0.0234375 0.0302734375
0 0.02001953125 0.029296875 0.0400390625 0.05859375
0 0.044921875 0.94970703125 0.08984375 0.0498046875
0 0.326171875 0.36083984375 0.06640625 0.1064453125
0 0.5478515625 0.3828125 0.07421875 0.087890625
0 0.435546875 0.28515625 0.099609375 0.083984375
0 0.2216796875 0.27587890625 0.126953125 0.1142578125
0 0.19921875 0.74072265625 0.138671875 0.1103515625
0 0.81884765625 0.02197265625 0.0888671875 0.0439453125
0 0.68505859375 0.77734375 0.0966796875 0.041015625
0 0.82373046875 0.62255859375 0.0576171875 0.1513671875
0 0.822265625 0.08935546875 0.04296875 0.0263671875
0 0.7900390625 0.78857421875 0.138671875 0.0732421875
0 0.42724609375 0.62109375 0.0986328125 0.10546875
0 0.4560546875 0.4541015625 0.072265625 0.056640625
0 0.63525390625 0.9248046875 0.0869140625 0.10546875
0 0.11474609375 0.63525390625 0.0986328125 0.0732421875
0 0.94482421875 0.2666015625 0.1083984375 0.083984375
0 0.03759765625 0.97705078125 0.0751953125 0.0458984375
0 0.248046875 0.49560546875 0.0625 0.0693359375
0 0.203125 0.6220703125 0.05078125 0.056640625
0 0.71630859375 0.41357421875 0.0869140625 0.0888671875
0 0.29345703125 0.52294921875 0.0595703125 0.0771484375
0 0.32568359375 0.1953125 0.0869140625 0.10546875
0 0.78564453125 0.1689453125 0.1474609375 0.083984375
0 0.65869140625 0.7265625 0.1376953125 0.05859375
0 0.86279296875 0.6298828125 0.0849609375 0.13671875
0 0.3544921875 0.82666015625 0.1171875 0.0732421875
0 0.26123046875 0.701171875 0.0712890625 0.06640625
0 0.779296875 0.728515625 0.11328125 0.072265625
0 0.4736328125 0.77099609375 0.078125 0.0654296875
0 0.16552734375 0.37353515625 0.0830078125 0.0751953125
0 0.0947265625 0.58984375 0.08984375 0.04296875
