0 0.05078125 0.6845703125 0.09765625 0.134765625
0 0.1455078125 0.2265625 0.0703125 0.12109375
0 0.91796875 0.06103515625 0.0390625 0.0478515625
0 0.95849609375 0.50537109375 0.0302734375 0.0654296875
0 0.091796875 0.45166015625 0.083984375 0.1494140625
0 0.85009765625 0.56005859375 0.0673828125 0.0810546875
0 0.90185546875 0.76220703125 0.1044921875 0.0732421875
0 0.85693359375 0.40625 0.0537109375 0.052734375
0 0.15771484375 0.39990234375 0.0732421875 0.1337890625
0 0.71875 0.35888671875 0.072265625 0.1298828125
0 0.826171875 0.96435546875 0.046875 0.0537109375
0 0.7109375 0.78564453125 0.123046875 0.0927734375
0 0.9560546875 0.93408203125 0.083984375 0.0908203125
0 0.76171875 0.0673828125 0.046875 0.06640625
0 0.08349609375 0.9365234375 0.0869140625 0.0703125
0 0.69677734375 0.93994140625 0.1298828125 0.1201171875
0 0.857421875 0.875 0.048828125 0.0390625
0 0.36962890625 0.333984375 0.0673828125 0.06640625
0 0.93603515625 0.2861328125 0.0615234375 0.17578125
0 0.68603515625 0.17626953125 0.1005859375 0.2470703125
0 0.79248046875 0.15380859375 0.0830078125 0.0947265625
