0 0.42822265625 0.8447265625 0.0771484375 0.080078125
0 0.78515625 0.650390625 0.09765625 0.076171875
0 0.9404296875 0.5 0.107421875 0.080078125
0 0.9326171875 0.9697265625 0.04296875 0.048828125
0 0.45166015625 0.46484375 0.0869140625 0.064453125
0 0.3291015625 0.54736328125 0.09375 0.0791015625
0 0.8369140625 0.9443359375 0.076171875 0.0625
0 0.29248046875 0.09765625 0.0615234375 0.09765625
0 0.24755859375 0.958984375 0.0654296875 0.080078125
0 0.22412109375 0.38134765625 0.0576171875 0.0498046875
0 0.974609375 0.60693359375 0.05078125 0.0849609375
0 0.9375 0.373046875 0.099609375 0.072265625
0 0.224609375 0.720703125 0.087890625 0.056640625
0 0.08251953125 0.40966796875 0.0576171875 0.0537109375
0 0.69580078125 0.81103515625 0.0869140625 0.0927734375
0 0.734375 0.34716796875 0.08984375 0.0693359375
0 0.15283203125 0.2021484375 0.0419921875 0.05078125
0 0.677734375 0.9638671875 0.06640625 0.0703125
0 0.7685546875 0.94677734375 0.05859375 0.0673828125
0 0.9267578125 0.6376953125 0.080078125 0.072265625
0 0.8427734375 0.82421875 0.111328125 0.087890625
0 0.1787109375 0.07373046875 0.068359375 0.0595703125
0 0.12548828125 0.7744140625 0.0556640625 0.056640625
0 0.78173828125 0.1884765625 0.0771484375 0.048828125
0 0.8310546875 0.25341796875 0.087890625 0.0478515625
0 0.9375 0.02294921875 0.08984375 0.0458984375
0 0.30029296875 0.0283203125 0.0537109375 0.044921875
0 0.6640625 0.45458984375 0.0859375 0.0791015625
0 0.90576171875 0.17724609375 0.1142578125 0.0673828125
