0 0.36376953125 0.28466796875 0.0498046875 0.0439453125
0 0.19384765625 0.431640625 0.0361328125 0.044921875
0 0.44677734375 0.89892578125 0.0595703125 0.0341796875
0 0.01318359375 0.0693359375 0.0263671875 0.052734375
0 0.8408203125 0.01904296875 0.0390625 0.0380859375
0 0.5615234375 0.990234375 0.037109375 0.01953125
0 0.12646484375 0.4736328125 0.0615234375 0.060546875
0 0.798828125 0.509765625 0.05078125 0.05859375
0 0.5498046875 0.81396484375 0.052734375 0.0361328125
0 0.220703125 0.4794921875 0.078125 0.0859375
0 0.6650390625 0.908203125 0.0546875 0.064453125
0 0.76806640625 0.98193359375 0.0615234375 0.0361328125
0 0.3408203125 0.251953125 0.04296875 0.076171875
0 0.2802734375 0.11181640625 0.03515625 0.0322265625
0 0.67333984375 0.28955078125 0.0517578125 0.0712890625
0 0.23193359375 0.3046875 0.0478515625 0.06640625
0 0.01171875 0.17919921875 0.0234375 0.0771484375
0 0.95947265625 0.0888671875 0.0595703125 0.046875
0 0.59228515625 0.125 0.0517578125 0.0703125
0 0.2080078125 0.150390625 0.033203125 0.033203125
0 0.08984375 0.02734375 0.0546875 0.037109375
0 0.97216796875 0.87744140625 0.0458984375 0.0439453125
0 0.6123046875 0.22412109375 0.04296875 0.0458984375
0 0.63037109375 0.15478515625 0.0498046875 0.0478515625
0 0.39306640625 0.10107421875 0.0439453125 0.0576171875
0 0.98876953125 0.2470703125 0.0224609375 0.037109375
0 0.17431640625 0.021484375 0.0380859375 0.03515625
0 0.294921875 0.1748046875 0.06640625 0.044921875
0 0.3837890625 0.5634765625 0.052734375 0.037109375
0 0.05029296875 0.80126953125 0.0576171875 0.0380859375
0 0.9501953125 0.77392578125 0.080078125 0.0439453125
0 0.77001953125 0.3369140625 0.0498046875 0.05859375
0 0.61181640625 0.36865234375 0.0458984375 0.0302734375
0 0.92138671875 0.18603515625 0.0537109375 0.0400390625
0 0.2021484375 0.09912109375 0.033203125 0.0263671875
0 0.67431640625 0.80322265625 0.0361328125 0.0341796875
0 0.3740234375 0.45556640625 0.05078125 0.0361328125
0 0.27685546875 0.94189453125 0.0517578125 0.0458984375
0 0.03173828125 0.40380859375 0.0517578125 0.0380859375
0 0.21337890625 0.583984375 0.0615234375 0.0546875
0 0.30078125 0.79052734375 0.044921875 0.0478515625
0 0.33154296875 0.935546875 0.0732421875 0.068359375
0 0.2802734375 0.017578125 0.0390625 0.03515625
0 0.43212890625 0.50390625 0.0751953125 0.044921875
0 0.45458984375 0.78369140625 0.0634765625 0.0517578125
0 0.9580078125 0.13330078125 0.0703125 0.0361328125
0 0.73486328125 0.05322265625 0.0400390625 0.0576171875
0 0.57861328125 0.908203125 0.0400390625 0.0390625
0 0.21728515625 0.2265625 0.0439453125 0.033203125
