0 0.0830078125 0.0439453125 0.080078125 0.087890625
0 0.1259765625 0.228515625 0.076171875 0.07421875
0 0.658203125 0.076171875 0.05859375 0.15234375
0 0.8076171875 0.12890625 0.111328125 0.23046875
0 0.9765625 0.171875 0.046875 0.09375
0 0.4873046875 0.099609375 0.091796875 0.078125
0 0.3330078125 0.1591796875 0.103515625 0.076171875
0 0.255859375 0.1875 0.15234375 0.140625
0 0.0234375 0.44140625 0.046875 0.0625
0 0.2177734375 0.44140625 0.095703125 0.09765625
0 0.2109375 0.5703125 0.14453125 0.1015625
0 0.341796875 0.501953125 0.0625 0.11328125
0 0.302734375 0.552734375 0.0546875 0.04296875
0 0.15625 0.328125 0.09375 0.0625
0 0.1162109375 0.357421875 0.064453125 0.05859375
0 0.2861328125 0.3564453125 0.095703125 0.107421875
0 0.4072265625 0.4755859375 0.087890625 0.087890625
0 0.5849609375 0.267578125 0.076171875 0.07421875
0 0.802734375 0.376953125 0.08203125 0.0546875
0 0.8193359375 0.53125 0.115234375 0.12109375
0 0.4765625 0.6484375 0.0703125 0.109375
0 0.58984375 0.77734375 0.08984375 0.0703125
0 0.7626953125 0.724609375 0.076171875 0.09765625
0 0.6337890625 0.873046875 0.119140625 0.0703125
0 0.548828125 0.8466796875 0.171875 0.091796875
0 0.1669921875 0.9541015625 0.111328125 0.091796875
0 0.1669921875 0.935546875 0.076171875 0.07421875
0 0.10546875 0.8994140625 0.171875 0.080078125
0 0.3359375 0.9892578125 0.06640625 0.021484375
0 0.9638671875 0.7392578125 0.072265625 0.080078125
0 0.9833984375 0.8271484375 0.033203125 0.076171875
0 0.7109375 0.958984375 0.19140625 0.08203125
0 0.3955078125 0.271484375 0.044921875 0.08984375
0 0.0078125 0.744140625 0.015625 0.0703125
