0 0.677734375 0.22314453125 0.115234375 0.1103515625
0 0.908203125 0.80859375 0.177734375 0.1171875
0 0.97265625 0.2392578125 0.05078125 0.08203125
0 0.4404296875 0.76123046875 0.091796875 0.0888671875
0 0.64453125 0.66064453125 0.150390625 0.1025390625
0 0.45947265625 0.36328125 0.1005859375 0.142578125
0 0.8525390625 0.96044921875 0.1171875 0.0791015625
0 0.44580078125 0.62353515625 0.0830078125 0.0849609375
0 0.31982421875 0.2138671875 0.0751953125 0.103515625
0 0.68701171875 0.54541015625 0.1142578125 0.1923828125
0 0.4345703125 0.046875 0.185546875 0.08984375
0 0.55322265625 0.64990234375 0.0966796875 0.1298828125
0 0.55810546875 0.35888671875 0.1025390625 0.1591796875
0 0.22509765625 0.07666015625 0.0732421875 0.0849609375
0 0.82861328125 0.18603515625 0.0927734375 0.1005859375
0 0.73046875 0.96142578125 0.107421875 0.0771484375
0 0.287109375 0.96337890625 0.109375 0.0732421875
0 0.56298828125 0.45947265625 0.0654296875 0.0634765625
0 0.35986328125 0.58642578125 0.0869140625 0.1083984375
0 0.787109375 0.12890625 0.119140625 0.12109375
0 0.494140625 0.109375 0.125 0.109375
0 0.6357421875 0.75927734375 0.138671875 0.0947265625
0 0.4482421875 0.23828125 0.091796875 0.126953125
0 0.33544921875 0.41650390625 0.0927734375 0.1044921875
