0 0.68212890625 0.97021484375 0.1044921875 0.0595703125
0 0.6923828125 0.84130859375 0.12109375 0.0771484375
0 0.96044921875 0.09423828125 0.0751953125 0.0712890625
0 0.595703125 0.3720703125 0.072265625 0.09375
0 0.4814453125 0.4453125 0.0546875 0.05078125
0 0.0625 0.31591796875 0.05078125 0.1123046875
0 0.587890625 0.037109375 0.1171875 0.07421875
0 0.80322265625 0.7646484375 0.0849609375 0.0625
0 0.6201171875 0.5380859375 0.04296875 0.0625
0 0.5205078125 0.80712890625 0.056640625 0.0498046875
0 0.84326171875 0.96337890625 0.1708984375 0.0712890625
0 0.572265625 0.4521484375 0.0703125 0.064453125
