0 0.755859375 0.099609375 0.046875 0.134765625
0 0.7568359375 0.56103515625 0.0703125 0.0615234375
0 0.91552734375 0.875 0.0673828125 0.076171875
0 0.947265625 0.86767578125 0.03515625 0.0673828125
0 0.59765625 0.03466796875 0.06640625 0.0654296875
0 0.77783203125 0.8251953125 0.0458984375 0.05859375
0 0.8828125 0.03955078125 0.0625 0.0751953125
0 0.70458984375 0.12939453125 0.0654296875 0.0654296875
0 0.96240234375 0.58251953125 0.0673828125 0.0556640625
0 0.69970703125 0.19677734375 0.0849609375 0.1103515625
0 0.80712890625 0.068359375 0.0498046875 0.1328125
0 0.68896484375 0.9111328125 0.0556640625 0.0703125
0 0.86181640625 0.14697265625 0.0654296875 0.1103515625
0 0.60302734375 0.099609375 0.0654296875 0.08203125
0 0.73193359375 0.41552734375 0.0654296875 0.0673828125
0 0.77734375 0.97265625 0.06640625 0.0546875
0 0.90673828125 0.123046875 0.0458984375 0.080078125
0 0.66845703125 0.06982421875 0.0576171875 0.0498046875
0 0.748046875 0.71435546875 0.05078125 0.0654296875
0 0.78857421875 0.380859375 0.0478515625 0.060546875
0 0.787109375 0.28564453125 0.099609375 0.1220703125
0 0.974609375 0.65478515625 0.05078125 0.0693359375
0 0.6943359375 0.6396484375 0.064453125 0.064453125
0 0.83349609375 0.94775390625 0.0517578125 0.0498046875
0 0.73291015625 0.75048828125 0.0615234375 0.0595703125
0 0.97705078125 0.02685546875 0.0400390625 0.0498046875
0 0.81396484375 0.18701171875 0.0439453125 0.0732421875
0 0.91015625 0.5419921875 0.0703125 0.05078125
