0 0.521484375 0.15380859375 0.076171875 0.0615234375
0 0.3671875 0.78369140625 0.0703125 0.0615234375
0 0.53076171875 0.33642578125 0.0595703125 0.0419921875
0 0.45361328125 0.45751953125 0.0380859375 0.0556640625
0 0.53173828125 0.91357421875 0.0517578125 0.0380859375
0 0.2900390625 0.1484375 0.046875 0.048828125
0 0.10107421875 0.19287109375 0.0986328125 0.0654296875
0 0.35400390625 0.1787109375 0.0537109375 0.044921875
0 0.46630859375 0.5283203125 0.0595703125 0.046875
0 0.265625 0.615234375 0.052734375 0.052734375
0 0.40673828125 0.40185546875 0.0576171875 0.0556640625
0 0.4375 0.12109375 0.05078125 0.060546875
0 0.3349609375 0.255859375 0.068359375 0.072265625
0 0.453125 0.37060546875 0.046875 0.0595703125
