0 0.1064453125 0.1376953125 0.078125 0.044921875
0 0.23486328125 0.04150390625 0.1572265625 0.0830078125
0 0.5322265625 0.0302734375 0.1328125 0.060546875
0 0.4130859375 0.03173828125 0.05859375 0.0634765625
0 0.275390625 0.1484375 0.103515625 0.19140625
0 0.5234375 0.15576171875 0.12890625 0.0439453125
0 0.8740234375 0.0673828125 0.052734375 0.078125
0 0.931640625 0.09375 0.134765625 0.162109375
0 0.56640625 0.21484375 0.1875 0.099609375
0 0.7294921875 0.17431640625 0.134765625 0.2158203125
0 0.955078125 0.2548828125 0.041015625 0.068359375
0 0.3369140625 0.34375 0.037109375 0.07421875
0 0.4443359375 0.49072265625 0.15234375 0.0791015625
0 0.14990234375 0.32763671875 0.0478515625 0.1455078125
0 0.16845703125 0.20703125 0.2197265625 0.099609375
0 0.0537109375 0.0830078125 0.095703125 0.142578125
0 0.08642578125 0.0537109375 0.1728515625 0.107421875
0 0.83984375 0.0205078125 0.0390625 0.041015625
0 0.90283203125 0.1787109375 0.1923828125 0.138671875
0 0.7275390625 0.07275390625 0.1484375 0.1455078125
0 0.751953125 0.40234375 0.1328125 0.208984375
0 0.72509765625 0.31884765625 0.0908203125 0.0791015625
0 0.5498046875 0.5458984375 0.060546875 0.087890625
0 0.92626953125 0.578125 0.1455078125 0.068359375
0 0.98876953125 0.4248046875 0.0205078125 0.20703125
0 0.94677734375 0.45361328125 0.0712890625 0.0673828125
0 0.92333984375 0.49560546875 0.1103515625 0.1533203125
0 0.8046875 0.6787109375 0.123046875 0.041015625
0 0.841796875 0.810546875 0.236328125 0.078125
0 0.2431640625 0.7900390625 0.126953125 0.169921875
0 0.27685546875 0.76611328125 0.1923828125 0.1533203125
0 0.39404296875 0.92578125 0.0908203125 0.1484375
0 0.38916015625 0.9375 0.1376953125 0.123046875
0 0.07421875 0.958984375 0.1171875 0.0546875
0 0.091796875 0.7998046875 0.18359375 0.12890625
0 0.8916015625 0.93359375 0.173828125 0.060546875
0 0.74267578125 0.85546875 0.0986328125 0.07421875
0 0.7236328125 0.916015625 0.173828125 0.16796875
0 0.6943359375 0.91455078125 0.22265625 0.0478515625
0 0.93603515625 0.93408203125 0.1259765625 0.1298828125
0 0.052734375 0.6298828125 0.10546875 0.115234375
0 0.3115234375 0.5400390625 0.087890625 0.205078125
0 0.0849609375 0.49267578125 0.146484375 0.2314453125
0 0.400390625 0.67138671875 0.04296875 0.0361328125
0 0.640625 0.578125 0.115234375 0.13671875
0 0.54296875 0.66650390625 0.24609375 0.0673828125
0 0.48486328125 0.70849609375 0.0361328125 0.0244140625
0 0.5234375 0.6474609375 0.0859375 0.244140625
0 0.6689453125 0.740234375 0.056640625 0.125
0 0.68408203125 0.70849609375 0.0712890625 0.1337890625
0 0.7216796875 0.65625 0.064453125 0.17578125
0 0.763671875 0.76171875 0.025390625 0.029296875
0 0.98486328125 0.93798828125 0.0283203125 0.0322265625
0 0.109375 0.0126953125 0.0703125 0.025390625
0 0.09375 0.97705078125 0.0859375 0.0439453125
