0 0.90283203125 0.1318359375 0.0576171875 0.099609375
0 0.958984375 0.11572265625 0.076171875 0.0810546875
0 0.97802734375 0.044921875 0.0439453125 0.04296875
0 0.9873046875 0.18994140625 0.025390625 0.0615234375
0 0.7021484375 0.09326171875 0.0859375 0.1064453125
0 0.5947265625 0.0888671875 0.056640625 0.0546875
0 0.54931640625 0.18994140625 0.0537109375 0.0654296875
0 0.1689453125 0.162109375 0.0546875 0.07421875
0 0.0908203125 0.15234375 0.05859375 0.041015625
0 0.02685546875 0.17578125 0.0517578125 0.095703125
0 0.04443359375 0.11376953125 0.0595703125 0.0751953125
0 0.07177734375 0.07421875 0.0517578125 0.0625
0 0.09423828125 0.0458984375 0.0556640625 0.060546875
0 0.02978515625 0.02001953125 0.0595703125 0.0400390625
0 0.45849609375 0.02880859375 0.0595703125 0.0576171875
0 0.40576171875 0.0380859375 0.0673828125 0.076171875
0 0.53271484375 0.01904296875 0.0673828125 0.0380859375
0 0.94873046875 0.26220703125 0.0380859375 0.0400390625
0 0.91845703125 0.29296875 0.0400390625 0.07421875
0 0.96875 0.2939453125 0.0625 0.083984375
0 0.78955078125 0.32861328125 0.0634765625 0.0517578125
0 0.73291015625 0.345703125 0.0537109375 0.064453125
0 0.15185546875 0.31005859375 0.0478515625 0.0517578125
0 0.12451171875 0.3203125 0.0576171875 0.052734375
0 0.1103515625 0.33447265625 0.06640625 0.0517578125
0 0.03515625 0.37548828125 0.0703125 0.0556640625
0 0.0439453125 0.4638671875 0.05859375 0.04296875
0 0.17431640625 0.474609375 0.0302734375 0.033203125
0 0.19873046875 0.5322265625 0.0361328125 0.04296875
0 0.10498046875 0.50537109375 0.0283203125 0.0224609375
0 0.1416015625 0.55078125 0.03125 0.041015625
0 0.0126953125 0.4931640625 0.025390625 0.044921875
0 0.0556640625 0.49951171875 0.03515625 0.0322265625
0 0.056640625 0.59228515625 0.052734375 0.0419921875
0 0.119140625 0.60986328125 0.04296875 0.0341796875
0 0.02099609375 0.57861328125 0.0419921875 0.0419921875
0 0.03369140625 0.7197265625 0.0439453125 0.041015625
0 0.08837890625 0.7802734375 0.0791015625 0.0625
0 0.28369140625 0.8486328125 0.0888671875 0.080078125
0 0.1201171875 0.9677734375 0.05078125 0.060546875
0 0.03564453125 0.849609375 0.0458984375 0.0546875
0 0.01806640625 0.90576171875 0.0341796875 0.0439453125
0 0.5126953125 0.9736328125 0.0546875 0.052734375
0 0.43408203125 0.96630859375 0.0634765625 0.0673828125
0 0.9384765625 0.9150390625 0.048828125 0.046875
0 0.93212890625 0.97021484375 0.0771484375 0.0556640625
0 0.97705078125 0.9833984375 0.0439453125 0.033203125
0 0.978515625 0.873046875 0.04296875 0.04296875
0 0.9287109375 0.79150390625 0.05859375 0.0576171875
0 0.884765625 0.8271484375 0.048828125 0.056640625
0 0.86669921875 0.77197265625 0.0341796875 0.0361328125
0 0.9326171875 0.75048828125 0.0625 0.0361328125
0 0.63671875 0.92578125 0.06640625 0.0703125
0 0.65625 0.984375 0.05859375 0.03125
0 0.54833984375 0.80517578125 0.0615234375 0.0634765625
0 0.50732421875 0.833984375 0.0537109375 0.048828125
0 0.5888671875 0.958984375 0.0703125 0.06640625
0 0.47119140625 0.91943359375 0.0634765625 0.0556640625
0 0.4326171875 0.91162109375 0.048828125 0.0654296875
0 0.4755859375 0.86279296875 0.0546875 0.0615234375
0 0.49658203125 0.6884765625 0.0478515625 0.052734375
0 0.64306640625 0.685546875 0.0712890625 0.052734375
0 0.58154296875 0.83984375 0.0322265625 0.033203125
0 0.1044921875 0.52587890625 0.041015625 0.0322265625
0 0.9462890625 0.39208984375 0.0546875 0.0595703125
0 0.94287109375 0.5654296875 0.0419921875 0.05078125
0 0.94921875 0.62646484375 0.080078125 0.0439453125
0 0.978515625 0.5771484375 0.041015625 0.064453125
0 0.5966796875 0.568359375 0.06640625 0.07421875
0 0.5078125 0.64013671875 0.03125 0.0322265625
0 0.59375 0.630859375 0.052734375 0.05859375
0 0.55224609375 0.6865234375 0.0283203125 0.025390625
0 0.009765625 0.83935546875 0.01953125 0.0693359375
0 0.9345703125 0.01220703125 0.041015625 0.0244140625
0 0.97021484375 0.03125 0.0478515625 0.0546875
0 0.0703125 0.01220703125 0.041015625 0.0244140625
0 0.57861328125 0.91552734375 0.0439453125 0.0341796875
