0 0.1103515625 0.224609375 0.068359375 0.06640625
0 0.0380859375 0.3125 0.076171875 0.1484375
0 0.2802734375 0.2919921875 0.072265625 0.060546875
0 0.0849609375 0.5556640625 0.072265625 0.130859375
0 0.0390625 0.794921875 0.078125 0.08984375
0 0.2880859375 0.708984375 0.048828125 0.05078125
0 0.4765625 0.748046875 0.0703125 0.0703125
0 0.474609375 0.896484375 0.04296875 0.05078125
0 0.056640625 0.9453125 0.05859375 0.08203125
0 0.2001953125 0.919921875 0.126953125 0.16015625
0 0.1826171875 0.9765625 0.095703125 0.046875
0 0.33203125 0.984375 0.05078125 0.03125
0 0.1533203125 0.326171875 0.087890625 0.08984375
0 0.0810546875 0.3603515625 0.064453125 0.091796875
0 0.5048828125 0.4423828125 0.072265625 0.095703125
0 0.5810546875 0.5048828125 0.119140625 0.177734375
0 0.44140625 0.974609375 0.10546875 0.05078125
0 0.7099609375 0.9580078125 0.064453125 0.083984375
0 0.861328125 0.96484375 0.0703125 0.0703125
0 0.7470703125 0.44140625 0.068359375 0.0859375
0 0.9150390625 0.2509765625 0.169921875 0.087890625
0 0.8671875 0.30078125 0.10546875 0.13671875
0 0.9853515625 0.3583984375 0.029296875 0.087890625
0 0.953125 0.3798828125 0.0703125 0.138671875
0 0.8984375 0.412109375 0.07421875 0.06640625
0 0.9716796875 0.4892578125 0.056640625 0.154296875
0 0.9853515625 0.8193359375 0.029296875 0.068359375
