0 0.08203125 0.65234375 0.068359375 0.06640625
0 0.693359375 0.92578125 0.09375 0.0546875
0 0.96435546875 0.94970703125 0.0634765625 0.0693359375
0 0.09423828125 0.76220703125 0.0556640625 0.0478515625
0 0.85693359375 0.82568359375 0.0947265625 0.0673828125
0 0.0458984375 0.1328125 0.05078125 0.048828125
0 0.95166015625 0.54150390625 0.0791015625 0.0634765625
0 0.32373046875 0.85546875 0.0537109375 0.068359375
0 0.79638671875 0.744140625 0.1142578125 0.068359375
0 0.1962890625 0.40234375 0.056640625 0.05859375
0 0.51904296875 0.48828125 0.0322265625 0.041015625
0 0.8935546875 0.06689453125 0.078125 0.0537109375
0 0.43603515625 0.90673828125 0.1435546875 0.0986328125
0 0.69873046875 0.49462890625 0.0595703125 0.0537109375
0 0.11083984375 0.48486328125 0.0654296875 0.0615234375
0 0.59619140625 0.5107421875 0.0751953125 0.072265625
0 0.28955078125 0.1767578125 0.0693359375 0.052734375
0 0.34423828125 0.32177734375 0.0771484375 0.0439453125
0 0.73095703125 0.23095703125 0.0576171875 0.0654296875
0 0.43212890625 0.453125 0.0810546875 0.076171875
