0 0.994140625 0.1796875 0.01171875 0.13671875
0 0.978515625 0.2666015625 0.04296875 0.365234375
0 0.82275390625 0.177734375 0.2509765625 0.0625
0 0.93408203125 0.271484375 0.0595703125 0.376953125
0 0.66943359375 0.021484375 0.1650390625 0.04296875
0 0.697265625 0.0859375 0.17578125 0.12890625
0 0.55126953125 0.1328125 0.1884765625 0.162109375
0 0.7109375 0.23095703125 0.201171875 0.2822265625
0 0.6806640625 0.30322265625 0.166015625 0.2197265625
0 0.76025390625 0.32177734375 0.2978515625 0.1650390625
0 0.775390625 0.43017578125 0.2265625 0.1806640625
0 0.814453125 0.4560546875 0.12890625 0.060546875
0 0.7890625 0.509765625 0.162109375 0.08203125
0 0.63037109375 0.49462890625 0.0634765625 0.1611328125
0 0.4736328125 0.521484375 0.287109375 0.2265625
0 0.53125 0.521484375 0.30078125 0.220703125
0 0.5791015625 0.62939453125 0.203125 0.1220703125
0 0.25830078125 0.55126953125 0.2158203125 0.2197265625
0 0.07275390625 0.60400390625 0.0673828125 0.2509765625
0 0.12109375 0.5390625 0.09375 0.09765625
0 0.04931640625 0.4599609375 0.0986328125 0.20703125
0 0.171875 0.4609375 0.16015625 0.0546875
0 0.2109375 0.4150390625 0.14453125 0.1796875
0 0.27392578125 0.29541015625 0.2783203125 0.0712890625
0 0.271484375 0.365234375 0.10546875 0.111328125
0 0.4072265625 0.333984375 0.0625 0.0703125
0 0.46875 0.24072265625 0.37890625 0.0830078125
0 0.40234375 0.2626953125 0.185546875 0.193359375
0 0.42333984375 0.1552734375 0.1181640625 0.310546875
0 0.3125 0.0888671875 0.068359375 0.037109375
0 0.35498046875 0.10986328125 0.0830078125 0.0556640625
0 0.0859375 0.01953125 0.04296875 0.0390625
0 0.01171875 0.01025390625 0.0234375 0.0205078125
0 0.162109375 0.1376953125 0.30078125 0.1328125
0 0.13525390625 0.11181640625 0.1650390625 0.2236328125
0 0.041015625 0.150390625 0.08203125 0.048828125
0 0.28125 0.0703125 0.15234375 0.140625
0 0.8017578125 0.689453125 0.28125 0.11328125
0 0.6591796875 0.939453125 0.056640625 0.12109375
0 0.69677734375 0.81103515625 0.1103515625 0.1689453125
0 0.73095703125 0.87548828125 0.0634765625 0.1962890625
0 0.814453125 0.89697265625 0.16796875 0.2041015625
0 0.953125 0.958984375 0.09375 0.046875
0 0.51171875 0.83935546875 0.248046875 0.0595703125
0 0.60205078125 0.923828125 0.0595703125 0.150390625
0 0.4443359375 0.869140625 0.08984375 0.26171875
0 0.30712890625 0.73876953125 0.2158203125 0.0439453125
0 0.26904296875 0.77783203125 0.3564453125 0.0712890625
0 0.2138671875 0.8720703125 0.306640625 0.068359375
0 0.07421875 0.91259765625 0.1484375 0.0478515625
0 0.11181640625 0.9384765625 0.2236328125 0.0625
0 0.072265625 0.9765625 0.14453125 0.046875
0 0.0234375 0.59716796875 0.046875 0.0439453125
