0 0.443359375 0.98681640625 0.0390625 0.0244140625
0 0.603515625 0.86865234375 0.048828125 0.0400390625
0 0.66845703125 0.25390625 0.0556640625 0.080078125
0 0.1103515625 0.10498046875 0.02734375 0.0458984375
0 0.70361328125 0.09130859375 0.0517578125 0.0517578125
0 0.98046875 0.58935546875 0.037109375 0.0576171875
0 0.49609375 0.36767578125 0.068359375 0.0634765625
0 0.8603515625 0.82275390625 0.048828125 0.0439453125
0 0.18115234375 0.962890625 0.0458984375 0.072265625
0 0.1953125 0.31640625 0.044921875 0.044921875
0 0.25048828125 0.677734375 0.0595703125 0.044921875
0 0.79248046875 0.29638671875 0.0771484375 0.0498046875
0 0.7431640625 0.36474609375 0.037109375 0.0458984375
0 0.46044921875 0.248046875 0.0458984375 0.0390625
0 0.955078125 0.52978515625 0.037109375 0.0595703125
0 0.9638671875 0.40380859375 0.037109375 0.0751953125
0 0.56591796875 0.77587890625 0.0595703125 0.0517578125
0 0.15478515625 0.208984375 0.0634765625 0.0546875
0 0.13134765625 0.3369140625 0.0595703125 0.02734375
0 0.650390625 0.85791015625 0.04296875 0.0439453125
0 0.42578125 0.248046875 0.068359375 0.03515625
0 0.80322265625 0.38427734375 0.0556640625 0.0458984375
0 0.48828125 0.2978515625 0.03125 0.0390625
0 0.43603515625 0.33935546875 0.0576171875 0.0341796875
0 0.29541015625 0.11279296875 0.0595703125 0.0537109375
0 0.599609375 0.26123046875 0.07421875 0.0478515625
0 0.78173828125 0.3095703125 0.0361328125 0.02734375
0 0.146484375 0.7236328125 0.064453125 0.0703125
0 0.705078125 0.3544921875 0.037109375 0.072265625
0 0.3642578125 0.43408203125 0.072265625 0.0458984375
0 0.40966796875 0.0537109375 0.0498046875 0.0390625
0 0.28076171875 0.24169921875 0.0908203125 0.0439453125
0 0.4091796875 0.75 0.05078125 0.0546875
0 0.869140625 0.859375 0.05859375 0.048828125
0 0.43115234375 0.3212890625 0.0458984375 0.029296875
0 0.76611328125 0.46484375 0.0478515625 0.103515625
0 0.98291015625 0.123046875 0.0322265625 0.03515625
0 0.0771484375 0.28955078125 0.044921875 0.0380859375
0 0.9638671875 0.33056640625 0.0390625 0.0791015625
0 0.13818359375 0.94677734375 0.0517578125 0.0537109375
0 0.5087890625 0.15576171875 0.046875 0.0380859375
