0 0.70849609375 0.49560546875 0.1044921875 0.2236328125
0 0.96337890625 0.94482421875 0.0732421875 0.1064453125
0 0.78564453125 0.923828125 0.0810546875 0.1171875
0 0.75146484375 0.916015625 0.0927734375 0.15234375
0 0.65380859375 0.912109375 0.0751953125 0.17578125
0 0.6416015625 0.82421875 0.0546875 0.08203125
0 0.58740234375 0.88232421875 0.0634765625 0.1552734375
0 0.73583984375 0.83642578125 0.1005859375 0.2001953125
0 0.83203125 0.84130859375 0.125 0.1533203125
0 0.9287109375 0.78759765625 0.142578125 0.1806640625
0 0.91162109375 0.70166015625 0.1611328125 0.2958984375
0 0.763671875 0.7109375 0.0390625 0.052734375
0 0.71826171875 0.7314453125 0.1435546875 0.18359375
0 0.73828125 0.595703125 0.12109375 0.29296875
0 0.81103515625 0.55810546875 0.0673828125 0.1005859375
0 0.62060546875 0.5029296875 0.0830078125 0.29296875
0 0.68408203125 0.38720703125 0.0595703125 0.1474609375
0 0.73779296875 0.35107421875 0.0458984375 0.0654296875
0 0.96728515625 0.51806640625 0.0654296875 0.0634765625
0 0.8525390625 0.50341796875 0.052734375 0.0576171875
0 0.96142578125 0.4228515625 0.0771484375 0.140625
0 0.95263671875 0.33740234375 0.0927734375 0.1904296875
0 0.95263671875 0.21484375 0.0927734375 0.18359375
0 0.91748046875 0.1953125 0.0380859375 0.11328125
0 0.9736328125 0.0478515625 0.052734375 0.095703125
0 0.92529296875 0.02880859375 0.0556640625 0.0576171875
0 0.8583984375 0.07080078125 0.060546875 0.0634765625
0 0.80517578125 0.37841796875 0.0693359375 0.1845703125
0 0.8505859375 0.3759765625 0.046875 0.18359375
0 0.724609375 0.21875 0.10546875 0.24609375
0 0.79638671875 0.22314453125 0.0712890625 0.1318359375
0 0.84912109375 0.201171875 0.1123046875 0.15625
0 0.78759765625 0.09033203125 0.0673828125 0.1181640625
0 0.52099609375 0.9013671875 0.0458984375 0.146484375
0 0.46533203125 0.8857421875 0.0341796875 0.083984375
0 0.44189453125 0.92333984375 0.0849609375 0.1533203125
0 0.34423828125 0.90625 0.1416015625 0.1875
0 0.59326171875 0.7626953125 0.0537109375 0.083984375
0 0.533203125 0.7841796875 0.076171875 0.08203125
0 0.46240234375 0.71044921875 0.0751953125 0.0810546875
0 0.51953125 0.560546875 0.16796875 0.150390625
0 0.50048828125 0.58251953125 0.0517578125 0.2119140625
0 0.5625 0.27783203125 0.078125 0.3603515625
0 0.5146484375 0.14404296875 0.0703125 0.1103515625
0 0.4189453125 0.501953125 0.06640625 0.166015625
0 0.24853515625 0.69384765625 0.0517578125 0.2119140625
0 0.0859375 0.50048828125 0.044921875 0.0595703125
0 0.1572265625 0.462890625 0.16015625 0.1640625
0 0.23828125 0.44287109375 0.109375 0.1630859375
0 0.26513671875 0.3642578125 0.1337890625 0.142578125
0 0.32080078125 0.294921875 0.0556640625 0.169921875
0 0.0576171875 0.19873046875 0.087890625 0.1279296875
0 0.15673828125 0.1748046875 0.1474609375 0.279296875
0 0.1943359375 0.0888671875 0.181640625 0.177734375
0 0.01708984375 0.17822265625 0.0341796875 0.0419921875
0 0.138671875 0.083984375 0.0546875 0.0625
0 0.85546875 0.01123046875 0.0390625 0.0224609375
0 0.08056640625 0.01025390625 0.0439453125 0.0205078125
0 0.884765625 0.00927734375 0.0234375 0.0185546875
0 0.85400390625 0.12353515625 0.0654296875 0.0498046875
0 0.6240234375 0.69580078125 0.033203125 0.0732421875
0 0.79541015625 0.46533203125 0.0751953125 0.0732421875
0 0.20849609375 0.1005859375 0.1435546875 0.037109375
0 0.85205078125 0.27734375 0.0576171875 0.056640625
