0 0.59814453125 0.7587890625 0.0361328125 0.046875
0 0.685546875 0.7607421875 0.0390625 0.03515625
0 0.7177734375 0.61669921875 0.02734375 0.0517578125
0 0.78125 0.4384765625 0.0234375 0.0234375
0 0.5830078125 0.49853515625 0.029296875 0.0224609375
0 0.68017578125 0.22412109375 0.0849609375 0.0810546875
0 0.3671875 0.45751953125 0.0234375 0.0380859375
0 0.0419921875 0.7978515625 0.02734375 0.021484375
0 0.94287109375 0.24658203125 0.0986328125 0.0771484375
0 0.81103515625 0.40478515625 0.0400390625 0.0830078125
0 0.84716796875 0.447265625 0.0927734375 0.01953125
0 0.78466796875 0.50048828125 0.0419921875 0.0771484375
0 0.431640625 0.978515625 0.08203125 0.04296875
0 0.0322265625 0.9921875 0.015625 0.015625
