0 0.0478515625 0.2041015625 0.095703125 0.080078125
0 0.1064453125 0.2900390625 0.111328125 0.068359375
0 0.1552734375 0.009765625 0.048828125 0.01953125
0 0.20703125 0.1025390625 0.169921875 0.126953125
0 0.2119140625 0.25537109375 0.060546875 0.1728515625
0 0.29638671875 0.330078125 0.2001953125 0.0625
0 0.119140625 0.60693359375 0.125 0.2119140625
0 0.01611328125 0.537109375 0.0322265625 0.0625
0 0.091796875 0.552734375 0.181640625 0.171875
0 0.119140625 0.4248046875 0.15625 0.130859375
0 0.32177734375 0.56689453125 0.1962890625 0.1259765625
0 0.5537109375 0.259765625 0.06640625 0.17578125
0 0.86572265625 0.3916015625 0.1572265625 0.087890625
0 0.7998046875 0.3154296875 0.09765625 0.19140625
0 0.92919921875 0.265625 0.1142578125 0.06640625
0 0.974609375 0.478515625 0.05078125 0.080078125
0 0.8603515625 0.15576171875 0.125 0.0908203125
0 0.7158203125 0.55126953125 0.0859375 0.1455078125
0 0.79052734375 0.52392578125 0.1025390625 0.1806640625
0 0.7158203125 0.6318359375 0.208984375 0.05859375
0 0.73388671875 0.123046875 0.0830078125 0.150390625
0 0.732421875 0.08984375 0.205078125 0.091796875
0 0.984375 0.15625 0.029296875 0.10546875
0 0.99072265625 0.06884765625 0.0166015625 0.0634765625
0 0.82080078125 0.01416015625 0.0517578125 0.0283203125
0 0.8759765625 0.021484375 0.048828125 0.04296875
0 0.9501953125 0.15185546875 0.046875 0.0830078125
0 0.853515625 0.328125 0.265625 0.0703125
0 0.59765625 0.501953125 0.14453125 0.166015625
0 0.572265625 0.59228515625 0.072265625 0.0673828125
0 0.44970703125 0.65234375 0.1689453125 0.0546875
0 0.49609375 0.6181640625 0.052734375 0.025390625
0 0.4453125 0.5849609375 0.19140625 0.103515625
0 0.646484375 0.8232421875 0.158203125 0.05859375
0 0.79150390625 0.7490234375 0.2001953125 0.111328125
0 0.7509765625 0.759765625 0.052734375 0.203125
0 0.5908203125 0.43017578125 0.1484375 0.2197265625
0 0.7060546875 0.91650390625 0.05859375 0.1650390625
0 0.927734375 0.94189453125 0.14453125 0.0517578125
0 0.8427734375 0.919921875 0.095703125 0.158203125
0 0.990234375 0.71826171875 0.01953125 0.0751953125
0 0.603515625 0.90673828125 0.1015625 0.1025390625
0 0.42431640625 0.916015625 0.2119140625 0.0625
0 0.58837890625 0.9609375 0.1259765625 0.078125
0 0.3330078125 0.970703125 0.087890625 0.05859375
0 0.1689453125 0.958984375 0.0625 0.0703125
0 0.0107421875 0.900390625 0.021484375 0.0390625
0 0.2470703125 0.794921875 0.2109375 0.072265625
0 0.271484375 0.791015625 0.064453125 0.18359375
0 0.20703125 0.68798828125 0.052734375 0.1337890625
0 0.087890625 0.84765625 0.15234375 0.21484375
0 0.1591796875 0.861328125 0.076171875 0.06640625
0 0.12548828125 0.90478515625 0.1376953125 0.1259765625
0 0.2412109375 0.95361328125 0.12109375 0.0908203125
0 0.9921875 0.9033203125 0.015625 0.033203125
0 0.986328125 0.8427734375 0.025390625 0.08203125
0 0.8984375 0.814453125 0.16796875 0.12890625
0 0.2080078125 0.6796875 0.130859375 0.09765625
0 0.12060546875 0.7197265625 0.0439453125 0.056640625
0 0.39453125 0.71533203125 0.2109375 0.1025390625
0 0.36572265625 0.6904296875 0.1259765625 0.19921875
0 0.412109375 0.43505859375 0.064453125 0.1884765625
0 0.6787109375 0.0263671875 0.064453125 0.052734375
0 0.6015625 0.0986328125 0.12109375 0.126953125
0 0.7666015625 0.06689453125 0.044921875 0.1220703125
0 0.4423828125 0.27734375 0.080078125 0.0625
0 0.45947265625 0.1337890625 0.0517578125 0.1015625
0 0.3701171875 0.5009765625 0.255859375 0.052734375
0 0.5146484375 0.28173828125 0.142578125 0.2119140625
0 0.2177734375 0.0625 0.23046875 0.091796875
0 0.40576171875 0.1826171875 0.0830078125 0.240234375
0 0.404296875 0.2197265625 0.1015625 0.087890625
0 0.43017578125 0.19189453125 0.0166015625 0.0400390625
0 0.35693359375 0.02001953125 0.1494140625 0.0400390625
0 0.34619140625 0.1298828125 0.0556640625 0.099609375
0 0.45166015625 0.099609375 0.0439453125 0.12109375
0 0.27734375 0.0517578125 0.154296875 0.076171875
0 0.98828125 0.359375 0.021484375 0.0234375
0 0.5546875 0.83251953125 0.0859375 0.1533203125
0 0.546875 0.80908203125 0.091796875 0.1533203125
