0 0.39404296875 0.3720703125 0.1025390625 0.115234375
0 0.39111328125 0.70068359375 0.0927734375 0.0849609375
0 0.6044921875 0.2900390625 0.103515625 0.099609375
0 0.9248046875 0.25244140625 0.0703125 0.0751953125
0 0.982421875 0.13671875 0.03515625 0.072265625
0 0.59912109375 0.15625 0.1005859375 0.16015625
0 0.267578125 0.322265625 0.12109375 0.103515625
0 0.74267578125 0.79541015625 0.0732421875 0.0673828125
0 0.45947265625 0.17138671875 0.0888671875 0.0791015625
0 0.6044921875 0.0556640625 0.07421875 0.072265625
0 0.08056640625 0.54150390625 0.1044921875 0.0869140625
0 0.44091796875 0.33349609375 0.1220703125 0.0927734375
0 0.05078125 0.22265625 0.1015625 0.115234375
