0 0.982421875 0.18994140625 0.009765625 0.0751953125
0 0.95654296875 0.23828125 0.0478515625 0.0703125
0 0.84912109375 0.3525390625 0.0771484375 0.080078125
0 0.90625 0.28759765625 0.05078125 0.0537109375
0 0.6201171875 0.384765625 0.072265625 0.044921875
0 0.5537109375 0.4189453125 0.083984375 0.0859375
0 0.8173828125 0.50634765625 0.09765625 0.0380859375
0 0.83154296875 0.5498046875 0.0947265625 0.052734375
0 0.93017578125 0.533203125 0.0400390625 0.05859375
0 0.55615234375 0.5361328125 0.0615234375 0.08203125
0 0.43896484375 0.53173828125 0.0966796875 0.0576171875
0 0.3681640625 0.65869140625 0.064453125 0.1044921875
0 0.52587890625 0.69091796875 0.0791015625 0.0517578125
0 0.52587890625 0.771484375 0.0654296875 0.087890625
0 0.13037109375 0.630859375 0.1123046875 0.04296875
0 0.22705078125 0.58837890625 0.0615234375 0.0498046875
0 0.2451171875 0.630859375 0.083984375 0.03515625
0 0.36181640625 0.556640625 0.0400390625 0.044921875
0 0.333984375 0.4892578125 0.0625 0.046875
0 0.2861328125 0.42578125 0.05078125 0.060546875
0 0.21337890625 0.43212890625 0.0634765625 0.0439453125
0 0.10302734375 0.45703125 0.0498046875 0.068359375
0 0.2265625 0.51416015625 0.08203125 0.0537109375
0 0.2080078125 0.32763671875 0.091796875 0.0673828125
0 0.3740234375 0.17138671875 0.076171875 0.0771484375
0 0.2705078125 0.11376953125 0.08984375 0.0380859375
0 0.126953125 0.09716796875 0.064453125 0.0771484375
0 0.19287109375 0.1240234375 0.0712890625 0.04296875
0 0.2177734375 0.19677734375 0.0546875 0.0458984375
0 0.26953125 0.2060546875 0.052734375 0.0546875
0 0.37255859375 0.28564453125 0.0595703125 0.0537109375
0 0.4423828125 0.24658203125 0.04296875 0.0419921875
0 0.48974609375 0.2109375 0.0361328125 0.033203125
0 0.56640625 0.20458984375 0.0390625 0.0458984375
0 0.55224609375 0.1357421875 0.0693359375 0.0390625
0 0.65576171875 0.203125 0.0517578125 0.04296875
0 0.82080078125 0.16845703125 0.0830078125 0.0458984375
0 0.8525390625 0.095703125 0.08203125 0.0390625
0 0.8203125 0.0576171875 0.080078125 0.056640625
0 0.962890625 0.09326171875 0.048828125 0.0537109375
0 0.81689453125 0.6591796875 0.0341796875 0.03125
0 0.8681640625 0.6337890625 0.029296875 0.037109375
0 0.8857421875 0.75830078125 0.03515625 0.0634765625
0 0.845703125 0.8271484375 0.033203125 0.05859375
0 0.1298828125 0.26953125 0.0390625 0.046875
0 0.8203125 0.30322265625 0.056640625 0.0283203125
0 0.18896484375 0.2880859375 0.0537109375 0.044921875
0 0.2392578125 0.3515625 0.046875 0.072265625
0 0.2978515625 0.51708984375 0.111328125 0.0458984375
0 0.31396484375 0.80322265625 0.0439453125 0.0537109375
0 0.181640625 0.6123046875 0.037109375 0.033203125
0 0.3056640625 0.10107421875 0.052734375 0.0380859375
0 0.84765625 0.7724609375 0.0234375 0.0546875
0 0.888671875 0.25634765625 0.06640625 0.0712890625
