0 0.35205078125 0.2666015625 0.1025390625 0.06640625
0 0.1435546875 0.7607421875 0.0859375 0.173828125
0 0.4912109375 0.10009765625 0.0625 0.0869140625
0 0.05126953125 0.51611328125 0.1025390625 0.0966796875
0 0.09228515625 0.96875 0.0517578125 0.0625
0 0.55322265625 0.1748046875 0.0908203125 0.087890625
0 0.45166015625 0.029296875 0.0673828125 0.05859375
0 0.28271484375 0.21533203125 0.1025390625 0.0341796875
0 0.9541015625 0.29638671875 0.046875 0.0537109375
0 0.89208984375 0.64453125 0.0380859375 0.048828125
0 0.8515625 0.4482421875 0.10546875 0.07421875
0 0.1669921875 0.04541015625 0.099609375 0.0908203125
0 0.751953125 0.49365234375 0.060546875 0.0908203125
0 0.84375 0.361328125 0.150390625 0.0859375
0 0.91796875 0.19287109375 0.0703125 0.0732421875
0 0.30419921875 0.98291015625 0.0869140625 0.0302734375
0 0.26318359375 0.443359375 0.0595703125 0.083984375
0 0.025390625 0.9423828125 0.05078125 0.083984375
0 0.701171875 0.4892578125 0.0390625 0.130859375
0 0.93701171875 0.97265625 0.1005859375 0.0546875
0 0.69580078125 0.66796875 0.0458984375 0.068359375
0 0.51513671875 0.529296875 0.0791015625 0.12109375
0 0.662109375 0.56005859375 0.04296875 0.1298828125
0 0.28466796875 0.615234375 0.1455078125 0.109375
0 0.96630859375 0.3955078125 0.0654296875 0.087890625
0 0.947265625 0.50830078125 0.0703125 0.1357421875
0 0.18408203125 0.982421875 0.0595703125 0.029296875
0 0.42529296875 0.9775390625 0.0439453125 0.044921875
0 0.18408203125 0.8642578125 0.0634765625 0.056640625
0 0.92529296875 0.77197265625 0.1435546875 0.2236328125
0 0.15771484375 0.89794921875 0.0751953125 0.0712890625
0 0.72265625 0.8017578125 0.056640625 0.154296875
0 0.05810546875 0.30615234375 0.0712890625 0.0947265625
0 0.0869140625 0.19775390625 0.119140625 0.0908203125
0 0.43017578125 0.2021484375 0.0654296875 0.0546875
0 0.33837890625 0.88671875 0.0537109375 0.041015625
0 0.62548828125 0.97216796875 0.0732421875 0.0517578125
0 0.3310546875 0.32373046875 0.044921875 0.0888671875
0 0.49560546875 0.41845703125 0.0615234375 0.0810546875
0 0.5908203125 0.55078125 0.0546875 0.10546875
0 0.2265625 0.35791015625 0.1171875 0.0654296875
0 0.0986328125 0.443359375 0.154296875 0.046875
0 0.8935546875 0.15576171875 0.212890625 0.0791015625
0 0.05810546875 0.57080078125 0.0888671875 0.1455078125
0 0.06494140625 0.07275390625 0.1025390625 0.1376953125
0 0.431640625 0.3271484375 0.056640625 0.0546875
0 0.150390625 0.3076171875 0.05078125 0.064453125
