0 0.2490234375 0.2333984375 0.458984375 0.146484375
0 0.083984375 0.119140625 0.08984375 0.1171875
0 0.2978515625 0.04296875 0.103515625 0.0859375
0 0.33203125 0.1396484375 0.078125 0.111328125
0 0.7841796875 0.9736328125 0.099609375 0.052734375
0 0.5634765625 0.837890625 0.115234375 0.11328125
0 0.083984375 0.4677734375 0.16796875 0.158203125
0 0.2880859375 0.55859375 0.189453125 0.09765625
0 0.1806640625 0.630859375 0.072265625 0.07421875
0 0.287109375 0.7578125 0.05859375 0.0625
0 0.0361328125 0.5986328125 0.072265625 0.130859375
0 0.140625 0.736328125 0.08203125 0.13671875
0 0.31640625 0.9453125 0.1328125 0.08984375
0 0.650390625 0.71875 0.0859375 0.08984375
0 0.486328125 0.720703125 0.10546875 0.05859375
0 0.58984375 0.5576171875 0.09765625 0.193359375
0 0.490234375 0.3095703125 0.078125 0.169921875
0 0.591796875 0.4248046875 0.109375 0.130859375
0 0.51953125 0.03515625 0.125 0.0703125
0 0.630859375 0.0419921875 0.09375 0.083984375
0 0.935546875 0.033203125 0.1015625 0.06640625
0 0.8916015625 0.087890625 0.177734375 0.0859375
0 0.76171875 0.484375 0.12890625 0.125
0 0.7900390625 0.5166015625 0.138671875 0.076171875
0 0.7802734375 0.2431640625 0.126953125 0.064453125
0 0.892578125 0.27734375 0.08984375 0.0625
0 0.9658203125 0.2998046875 0.068359375 0.068359375
0 0.95703125 0.4150390625 0.0859375 0.123046875
0 0.9638671875 0.6376953125 0.072265625 0.076171875
0 0.9814453125 0.8837890625 0.037109375 0.056640625
0 0.51953125 0.63671875 0.078125 0.109375
0 0.9599609375 0.5126953125 0.080078125 0.099609375
