0 0.6865234375 0.31591796875 0.228515625 0.0712890625
0 0.30126953125 0.59130859375 0.1435546875 0.1337890625
0 0.3779296875 0.1220703125 0.09765625 0.0703125
0 0.841796875 0.470703125 0.125 0.16015625
0 0.21044921875 0.16552734375 0.0654296875 0.0693359375
0 0.8759765625 0.3623046875 0.115234375 0.087890625
0 0.58544921875 0.93896484375 0.1669921875 0.1220703125
0 0.78564453125 0.2099609375 0.0771484375 0.080078125
0 0.39208984375 0.3291015625 0.0634765625 0.078125
0 0.44189453125 0.02880859375 0.1572265625 0.0576171875
0 0.96337890625 0.02587890625 0.0732421875 0.0517578125
0 0.85693359375 0.93212890625 0.1005859375 0.1298828125
0 0.9140625 0.6982421875 0.08984375 0.076171875
0 0.3583984375 0.23193359375 0.0859375 0.0712890625
0 0.97509765625 0.45849609375 0.0498046875 0.0751953125
0 0.10205078125 0.83349609375 0.0849609375 0.1533203125
0 0.2275390625 0.08740234375 0.154296875 0.0634765625
0 0.943359375 0.12548828125 0.09375 0.0751953125
0 0.1142578125 0.28759765625 0.072265625 0.1025390625
0 0.73291015625 0.93603515625 0.1279296875 0.1279296875
0 0.341796875 0.06103515625 0.0703125 0.0576171875
0 0.19677734375 0.66455078125 0.1123046875 0.0849609375
0 0.93603515625 0.55810546875 0.0673828125 0.0380859375
0 0.92724609375 0.91357421875 0.0947265625 0.1376953125
0 0.61669921875 0.2294921875 0.2724609375 0.1171875
0 0.470703125 0.40087890625 0.087890625 0.0771484375
0 0.54345703125 0.76513671875 0.1181640625 0.1083984375
0 0.14013671875 0.04541015625 0.1728515625 0.0908203125
0 0.60986328125 0.02734375 0.0673828125 0.0546875
0 0.4677734375 0.6611328125 0.24609375 0.15625
0 0.53271484375 0.28955078125 0.1005859375 0.0810546875
0 0.9296875 0.81201171875 0.140625 0.1005859375
0 0.6044921875 0.466796875 0.158203125 0.119140625
0 0.08154296875 0.16943359375 0.0595703125 0.0830078125
0 0.41455078125 0.93408203125 0.1279296875 0.1162109375
0 0.83544921875 0.1669921875 0.1279296875 0.134765625
0 0.2392578125 0.76025390625 0.171875 0.1591796875
0 0.71484375 0.0263671875 0.146484375 0.052734375
0 0.2783203125 0.41064453125 0.099609375 0.0654296875
0 0.58349609375 0.2626953125 0.0927734375 0.06640625
0 0.1669921875 0.88671875 0.05078125 0.1640625
0 0.1728515625 0.9755859375 0.0703125 0.044921875
0 0.091796875 0.64794921875 0.087890625 0.1728515625
0 0.9697265625 0.51708984375 0.060546875 0.0654296875
0 0.64990234375 0.724609375 0.0771484375 0.099609375
0 0.140625 0.12939453125 0.068359375 0.0595703125
0 0.70166015625 0.68701171875 0.0654296875 0.1298828125
0 0.6806640625 0.83642578125 0.091796875 0.1083984375
0 0.2666015625 0.818359375 0.046875 0.068359375
