0 0.92431640625 0.15087890625 0.0693359375 0.0478515625
0 0.81201171875 0.32275390625 0.0654296875 0.0615234375
0 0.80517578125 0.49072265625 0.0693359375 0.0361328125
0 0.32763671875 0.76513671875 0.0634765625 0.0634765625
0 0.328125 0.02978515625 0.072265625 0.0498046875
0 0.390625 0.57421875 0.091796875 0.056640625
0 0.8359375 0.787109375 0.072265625 0.05078125
0 0.94482421875 0.08447265625 0.1025390625 0.0751953125
0 0.8212890625 0.73095703125 0.060546875 0.0458984375
0 0.21826171875 0.81787109375 0.0517578125 0.0498046875
0 0.2841796875 0.966796875 0.048828125 0.05859375
0 0.09423828125 0.69677734375 0.0634765625 0.0556640625
0 0.97119140625 0.783203125 0.0576171875 0.107421875
0 0.28466796875 0.876953125 0.1005859375 0.080078125
0 0.43994140625 0.64453125 0.0810546875 0.048828125
0 0.87109375 0.6123046875 0.068359375 0.046875
0 0.45947265625 0.25244140625 0.1083984375 0.0966796875
0 0.95556640625 0.3837890625 0.0830078125 0.0703125
0 0.205078125 0.0458984375 0.044921875 0.056640625
0 0.7734375 0.6533203125 0.05078125 0.03125
0 0.97216796875 0.9375 0.0556640625 0.076171875
0 0.033203125 0.8056640625 0.06640625 0.13671875
0 0.1328125 0.93603515625 0.037109375 0.0537109375
0 0.3349609375 0.279296875 0.060546875 0.060546875
