0 0.2705078125 0.015625 0.109375 0.03125
0 0.099609375 0.09619140625 0.05078125 0.1494140625
0 0.0302734375 0.0439453125 0.060546875 0.052734375
0 0.154296875 0.02734375 0.30859375 0.0546875
0 0.3125 0.07421875 0.349609375 0.08203125
0 0.39306640625 0.1611328125 0.0947265625 0.322265625
0 0.37158203125 0.17578125 0.2158203125 0.08203125
0 0.3974609375 0.0185546875 0.130859375 0.037109375
0 0.4931640625 0.0166015625 0.037109375 0.033203125
0 0.26123046875 0.240234375 0.3564453125 0.056640625
0 0.19140625 0.29931640625 0.265625 0.0986328125
0 0.107421875 0.576171875 0.1640625 0.27734375
0 0.013671875 0.67919921875 0.02734375 0.0673828125
0 0.171875 0.8037109375 0.279296875 0.05859375
0 0.1640625 0.6865234375 0.1171875 0.169921875
0 0.240234375 0.8349609375 0.28515625 0.146484375
0 0.2216796875 0.880859375 0.302734375 0.072265625
0 0.11376953125 0.955078125 0.2275390625 0.087890625
0 0.1875 0.958984375 0.17578125 0.080078125
0 0.22021484375 0.962890625 0.2275390625 0.072265625
0 0.11376953125 0.9833984375 0.0400390625 0.029296875
0 0.412109375 0.68798828125 0.09375 0.2587890625
0 0.546875 0.603515625 0.16015625 0.220703125
0 0.66943359375 0.845703125 0.1416015625 0.087890625
0 0.58447265625 0.93212890625 0.2158203125 0.1337890625
0 0.3603515625 0.58984375 0.15625 0.396484375
0 0.5068359375 0.40869140625 0.23046875 0.2509765625
0 0.072265625 0.5244140625 0.06640625 0.3828125
0 0.296875 0.3193359375 0.2734375 0.349609375
0 0.734375 0.36279296875 0.20703125 0.3408203125
0 0.728515625 0.5419921875 0.220703125 0.19140625
0 0.916015625 0.5205078125 0.166015625 0.119140625
0 0.84765625 0.673828125 0.302734375 0.1328125
0 0.865234375 0.7109375 0.267578125 0.09375
0 0.95166015625 0.4267578125 0.0947265625 0.15625
0 0.71875 0.0849609375 0.08984375 0.107421875
0 0.6640625 0.17822265625 0.09375 0.1923828125
0 0.89697265625 0.13134765625 0.2041015625 0.1455078125
0 0.908203125 0.07568359375 0.18359375 0.1025390625
0 0.58984375 0.25 0.044921875 0.328125
0 0.45703125 0.318359375 0.1171875 0.15234375
0 0.548828125 0.150390625 0.080078125 0.30078125
0 0.66943359375 0.01025390625 0.0322265625 0.0205078125
0 0.9765625 0.02783203125 0.044921875 0.0556640625
