0 0.232421875 0.26904296875 0.05859375 0.0654296875
0 0.34716796875 0.2578125 0.0517578125 0.052734375
0 0.83349609375 0.04736328125 0.0634765625 0.0595703125
0 0.3212890625 0.29150390625 0.07421875 0.0654296875
0 0.71240234375 0.943359375 0.1142578125 0.06640625
0 0.36962890625 0.634765625 0.1025390625 0.095703125
0 0.19482421875 0.30029296875 0.0712890625 0.0615234375
0 0.2666015625 0.77490234375 0.064453125 0.0947265625
0 0.974609375 0.97265625 0.037109375 0.03515625
0 0.43896484375 0.6875 0.0810546875 0.072265625
0 0.6611328125 0.25634765625 0.064453125 0.0498046875
0 0.20751953125 0.74169921875 0.0751953125 0.1181640625
0 0.39990234375 0.283203125 0.0498046875 0.052734375
0 0.38525390625 0.7373046875 0.0458984375 0.0390625
0 0.642578125 0.31103515625 0.068359375 0.0712890625
0 0.42431640625 0.03662109375 0.0830078125 0.0634765625
0 0.2607421875 0.18115234375 0.107421875 0.0947265625
0 0.81787109375 0.6015625 0.0595703125 0.0546875
0 0.02587890625 0.22998046875 0.0517578125 0.0888671875
0 0.3310546875 0.88134765625 0.064453125 0.0693359375
0 0.22900390625 0.81982421875 0.0869140625 0.0498046875
0 0.55712890625 0.609375 0.1044921875 0.072265625
0 0.439453125 0.8759765625 0.08984375 0.07421875
0 0.66357421875 0.82177734375 0.0458984375 0.0439453125
0 0.57470703125 0.83056640625 0.0556640625 0.0693359375
0 0.84326171875 0.85986328125 0.0595703125 0.0556640625
0 0.90625 0.87744140625 0.06640625 0.0576171875
0 0.93603515625 0.72216796875 0.0712890625 0.0869140625
0 0.5126953125 0.0712890625 0.146484375 0.072265625
0 0.97705078125 0.92041015625 0.0361328125 0.0341796875
0 0.783203125 0.3642578125 0.03515625 0.0390625
0 0.82470703125 0.22021484375 0.0654296875 0.0966796875
0 0.7529296875 0.26513671875 0.0859375 0.0869140625
0 0.650390625 0.451171875 0.0390625 0.04296875
0 0.5751953125 0.6845703125 0.064453125 0.087890625
0 0.486328125 0.376953125 0.087890625 0.0703125
0 0.81396484375 0.9423828125 0.0751953125 0.06640625
0 0.89208984375 0.03173828125 0.0751953125 0.0615234375
0 0.27587890625 0.36083984375 0.0869140625 0.0693359375
0 0.9736328125 0.359375 0.052734375 0.07421875
0 0.521484375 0.3564453125 0.056640625 0.048828125
