0 0.11572265625 0.2509765625 0.0791015625 0.0625
0 0.16162109375 0.3740234375 0.0361328125 0.083984375
0 0.1162109375 0.34814453125 0.05078125 0.0791015625
0 0.31396484375 0.35400390625 0.0595703125 0.0771484375
0 0.96337890625 0.08251953125 0.0732421875 0.1318359375
0 0.87109375 0.02099609375 0.052734375 0.0419921875
0 0.8359375 0.13330078125 0.044921875 0.1083984375
0 0.87744140625 0.267578125 0.0791015625 0.162109375
0 0.71826171875 0.2412109375 0.0478515625 0.107421875
0 0.6826171875 0.0673828125 0.060546875 0.134765625
0 0.81201171875 0.30029296875 0.0439453125 0.1162109375
0 0.77001953125 0.2822265625 0.0498046875 0.076171875
0 0.76416015625 0.34033203125 0.0400390625 0.0791015625
0 0.6181640625 0.18359375 0.0859375 0.12109375
0 0.4443359375 0.22216796875 0.1875 0.0791015625
0 0.57958984375 0.12744140625 0.1142578125 0.1162109375
0 0.19921875 0.171875 0.09375 0.13671875
0 0.2890625 0.20947265625 0.107421875 0.0478515625
0 0.2783203125 0.16015625 0.0703125 0.046875
0 0.35009765625 0.31982421875 0.0458984375 0.0947265625
0 0.345703125 0.24072265625 0.0859375 0.1435546875
0 0.2978515625 0.03564453125 0.0859375 0.0712890625
0 0.3896484375 0.064453125 0.046875 0.03515625
0 0.4833984375 0.03369140625 0.0234375 0.0498046875
0 0.51953125 0.0517578125 0.0625 0.0546875
0 0.2119140625 0.03662109375 0.041015625 0.0400390625
0 0.0546875 0.025390625 0.0703125 0.05078125
0 0.060546875 0.13232421875 0.11328125 0.0498046875
0 0.02001953125 0.08935546875 0.0400390625 0.0654296875
0 0.1474609375 0.1240234375 0.037109375 0.052734375
0 0.4541015625 0.1728515625 0.169921875 0.142578125
0 0.64794921875 0.35107421875 0.0615234375 0.0869140625
0 0.62158203125 0.38671875 0.0947265625 0.08984375
0 0.51220703125 0.39892578125 0.1201171875 0.0830078125
0 0.34375 0.41455078125 0.076171875 0.0654296875
0 0.47265625 0.419921875 0.119140625 0.158203125
0 0.2607421875 0.4775390625 0.2734375 0.068359375
0 0.02783203125 0.43212890625 0.0537109375 0.0927734375
0 0.14990234375 0.52685546875 0.0908203125 0.0595703125
0 0.05517578125 0.5244140625 0.0732421875 0.072265625
0 0.07568359375 0.61083984375 0.0517578125 0.0673828125
0 0.18994140625 0.58203125 0.0771484375 0.052734375
0 0.14697265625 0.630859375 0.0556640625 0.087890625
0 0.107421875 0.6884765625 0.21484375 0.125
0 0.06689453125 0.85498046875 0.0498046875 0.0439453125
0 0.14306640625 0.87890625 0.1220703125 0.044921875
0 0.25634765625 0.80224609375 0.0439453125 0.0380859375
0 0.5166015625 0.873046875 0.05859375 0.08203125
0 0.1201171875 0.97900390625 0.03515625 0.0419921875
0 0.013671875 0.892578125 0.02734375 0.041015625
0 0.43603515625 0.9619140625 0.0712890625 0.076171875
0 0.541015625 0.955078125 0.056640625 0.04296875
0 0.71533203125 0.44091796875 0.1103515625 0.0810546875
0 0.736328125 0.4072265625 0.041015625 0.04296875
0 0.59521484375 0.46728515625 0.0517578125 0.0498046875
0 0.87451171875 0.46826171875 0.0673828125 0.0517578125
0 0.80419921875 0.40185546875 0.0673828125 0.0478515625
0 0.576171875 0.51171875 0.064453125 0.04296875
0 0.75927734375 0.498046875 0.0517578125 0.0703125
0 0.71875 0.56005859375 0.05859375 0.0869140625
0 0.44970703125 0.572265625 0.1337890625 0.083984375
0 0.45556640625 0.50732421875 0.1083984375 0.0458984375
0 0.62255859375 0.5869140625 0.1103515625 0.072265625
0 0.8896484375 0.60888671875 0.072265625 0.0478515625
0 0.87890625 0.658203125 0.0703125 0.0546875
0 0.890625 0.75439453125 0.05078125 0.0458984375
0 0.732421875 0.71826171875 0.1171875 0.1162109375
0 0.7861328125 0.615234375 0.080078125 0.06640625
0 0.8037109375 0.66064453125 0.12109375 0.1455078125
0 0.73291015625 0.83056640625 0.0771484375 0.1455078125
0 0.56005859375 0.75927734375 0.0849609375 0.1025390625
0 0.59912109375 0.8369140625 0.0576171875 0.052734375
0 0.623046875 0.8779296875 0.048828125 0.0625
0 0.44189453125 0.69091796875 0.0908203125 0.1142578125
0 0.39990234375 0.69580078125 0.0966796875 0.0732421875
0 0.43408203125 0.62744140625 0.1103515625 0.0810546875
0 0.58349609375 0.63818359375 0.0361328125 0.1220703125
0 0.35498046875 0.62548828125 0.0458984375 0.0810546875
0 0.2998046875 0.65869140625 0.041015625 0.0380859375
0 0.01416015625 0.52880859375 0.0283203125 0.0537109375
0 0.35205078125 0.98681640625 0.0302734375 0.0263671875
0 0.57763671875 0.9814453125 0.0263671875 0.0234375
0 0.68798828125 0.9453125 0.0498046875 0.044921875
0 0.6806640625 0.7744140625 0.044921875 0.048828125
0 0.66748046875 0.81591796875 0.0322265625 0.0361328125
0 0.3671875 0.49755859375 0.0390625 0.0380859375
0 0.111328125 0.087890625 0.0390625 0.05859375
0 0.9150390625 0.0615234375 0.0390625 0.044921875
0 0.9697265625 0.01171875 0.04296875 0.0234375
0 0.423828125 0.4140625 0.09375 0.123046875
0 0.533203125 0.478515625 0.044921875 0.041015625
0 0.39599609375 0.458984375 0.0400390625 0.033203125
0 0.5673828125 0.55615234375 0.0546875 0.0302734375
0 0.13720703125 0.2861328125 0.0205078125 0.029296875
0 0.29541015625 0.74755859375 0.0400390625 0.0185546875
0 0.59912109375 0.8662109375 0.0341796875 0.02734375
0 0.56005859375 0.40234375 0.0576171875 0.048828125
0 0.37353515625 0.46728515625 0.0400390625 0.0322265625
0 0.10400390625 0.66357421875 0.0615234375 0.0615234375
0 0.060546875 0.244140625 0.046875 0.03515625
0 0.00830078125 0.25341796875 0.0166015625 0.0341796875
0 0.01123046875 0.92822265625 0.0224609375 0.0341796875
