0 0.359375 0.0263671875 0.091796875 0.052734375
0 0.8056640625 0.62841796875 0.068359375 0.0634765625
0 0.28369140625 0.6337890625 0.0322265625 0.04296875
0 0.0224609375 0.1630859375 0.029296875 0.0546875
0 0.91748046875 0.90478515625 0.0537109375 0.0400390625
0 0.9384765625 0.49951171875 0.072265625 0.0947265625
0 0.970703125 0.93798828125 0.05078125 0.0537109375
0 0.6484375 0.31396484375 0.0546875 0.0634765625
0 0.34814453125 0.51318359375 0.0478515625 0.0302734375
0 0.24609375 0.23095703125 0.064453125 0.0615234375
0 0.4267578125 0.96142578125 0.046875 0.0361328125
0 0.24267578125 0.11181640625 0.0537109375 0.0322265625
0 0.95947265625 0.7841796875 0.0634765625 0.064453125
0 0.97802734375 0.447265625 0.0419921875 0.0390625
0 0.53369140625 0.62060546875 0.0693359375 0.0615234375
0 0.31982421875 0.55859375 0.0654296875 0.060546875
0 0.60009765625 0.7314453125 0.0595703125 0.08984375
0 0.16650390625 0.26953125 0.0888671875 0.052734375
0 0.1044921875 0.38037109375 0.044921875 0.0673828125
0 0.12548828125 0.6611328125 0.0654296875 0.0390625
0 0.77294921875 0.44189453125 0.0927734375 0.1044921875
0 0.90771484375 0.38232421875 0.0634765625 0.0537109375
0 0.37451171875 0.37841796875 0.0537109375 0.0751953125
