0 0.404296875 0.4130859375 0.099609375 0.056640625
0 0.220703125 0.56689453125 0.111328125 0.0966796875
0 0.13623046875 0.83984375 0.0947265625 0.080078125
0 0.03369140625 0.37841796875 0.0673828125 0.0869140625
0 0.423828125 0.1044921875 0.060546875 0.046875
0 0.68310546875 0.7138671875 0.1396484375 0.09765625
0 0.9111328125 0.8759765625 0.1328125 0.091796875
0 0.42333984375 0.681640625 0.1103515625 0.140625
0 0.890625 0.52001953125 0.119140625 0.0830078125
0 0.69287109375 0.93505859375 0.0849609375 0.0810546875
0 0.5810546875 0.2275390625 0.107421875 0.11328125
0 0.39794921875 0.259765625 0.0673828125 0.05859375
0 0.974609375 0.36474609375 0.048828125 0.0966796875
0 0.5537109375 0.3505859375 0.126953125 0.095703125
0 0.7412109375 0.45654296875 0.09765625 0.0654296875
0 0.2978515625 0.0576171875 0.068359375 0.107421875
0 0.5283203125 0.580078125 0.072265625 0.1171875
0 0.064453125 0.12109375 0.095703125 0.10546875
0 0.95849609375 0.97705078125 0.0791015625 0.0458984375
0 0.0908203125 0.029296875 0.1171875 0.05859375
0 0.7734375 0.1435546875 0.08984375 0.21875
0 0.8955078125 0.2919921875 0.072265625 0.05078125
0 0.9345703125 0.08349609375 0.130859375 0.1298828125
0 0.140625 0.2724609375 0.09375 0.12890625
0 0.54833984375 0.68359375 0.0986328125 0.087890625
0 0.29736328125 0.8310546875 0.1005859375 0.1328125
0 0.18359375 0.76904296875 0.09375 0.1103515625
