0 0.0205078125 0.5078125 0.041015625 0.052734375
0 0.63623046875 0.2197265625 0.0478515625 0.06640625
0 0.41943359375 0.083984375 0.0654296875 0.123046875
0 0.0361328125 0.0712890625 0.052734375 0.115234375
0 0.51806640625 0.5146484375 0.0380859375 0.025390625
0 0.14306640625 0.595703125 0.0908203125 0.04296875
0 0.53271484375 0.7890625 0.1279296875 0.05078125
0 0.91162109375 0.96923828125 0.0380859375 0.0380859375
0 0.52001953125 0.572265625 0.0634765625 0.037109375
0 0.02978515625 0.9794921875 0.0595703125 0.041015625
0 0.48779296875 0.41357421875 0.0439453125 0.0341796875
0 0.05322265625 0.7392578125 0.0576171875 0.05078125
0 0.7919921875 0.568359375 0.044921875 0.05859375
0 0.55859375 0.12646484375 0.048828125 0.0771484375
0 0.21728515625 0.22119140625 0.0556640625 0.1162109375
0 0.69140625 0.80078125 0.03515625 0.017578125
0 0.41845703125 0.59619140625 0.0322265625 0.0341796875
0 0.5615234375 0.578125 0.087890625 0.068359375
0 0.8642578125 0.33251953125 0.06640625 0.1083984375
0 0.59033203125 0.24609375 0.0615234375 0.080078125
0 0.77392578125 0.45947265625 0.0458984375 0.0537109375
0 0.84375 0.4609375 0.072265625 0.05078125
0 0.74462890625 0.84375 0.0283203125 0.07421875
0 0.83837890625 0.8818359375 0.0751953125 0.044921875
0 0.0244140625 0.33935546875 0.048828125 0.0576171875
0 0.2578125 0.7607421875 0.11328125 0.04296875
0 0.79443359375 0.9130859375 0.0400390625 0.0234375
0 0.6767578125 0.7734375 0.0546875 0.03515625
0 0.68701171875 0.361328125 0.0615234375 0.107421875
0 0.71044921875 0.037109375 0.0341796875 0.044921875
0 0.83935546875 0.98388671875 0.0458984375 0.0322265625
0 0.060546875 0.57666015625 0.046875 0.0498046875
0 0.68408203125 0.71044921875 0.0419921875 0.0341796875
0 0.45947265625 0.62451171875 0.0498046875 0.0810546875
0 0.89404296875 0.58544921875 0.0576171875 0.0380859375
0 0.26220703125 0.05419921875 0.0751953125 0.0986328125
0 0.76318359375 0.06201171875 0.0400390625 0.0302734375
0 0.48193359375 0.27490234375 0.0576171875 0.0595703125
0 0.09521484375 0.1337890625 0.0419921875 0.091796875
0 0.8818359375 0.10400390625 0.109375 0.0771484375
