0 0.9609375 0.31640625 0.078125 0.080078125
0 0.91162109375 0.85791015625 0.0927734375 0.0439453125
0 0.93994140625 0.6689453125 0.1064453125 0.056640625
0 0.55615234375 0.95166015625 0.0947265625 0.0654296875
0 0.72314453125 0.7890625 0.0751953125 0.060546875
0 0.70263671875 0.45458984375 0.0927734375 0.1318359375
0 0.666015625 0.63818359375 0.072265625 0.0556640625
0 0.95068359375 0.525390625 0.0947265625 0.080078125
0 0.80810546875 0.24267578125 0.0712890625 0.0888671875
0 0.9267578125 0.7646484375 0.146484375 0.060546875
0 0.81298828125 0.12890625 0.0634765625 0.0703125
0 0.73583984375 0.9228515625 0.1318359375 0.0625
0 0.802734375 0.552734375 0.07421875 0.08203125
0 0.94873046875 0.9365234375 0.1025390625 0.0703125
