0 0.6103515625 0.732421875 0.048828125 0.044921875
0 0.55029296875 0.52294921875 0.0498046875 0.0380859375
0 0.7705078125 0.638671875 0.044921875 0.10546875
0 0.5712890625 0.23876953125 0.0625 0.1123046875
0 0.37646484375 0.44873046875 0.0576171875 0.0419921875
0 0.77490234375 0.47216796875 0.0458984375 0.0458984375
0 0.73583984375 0.69921875 0.0576171875 0.060546875
0 0.18212890625 0.90185546875 0.0654296875 0.0732421875
0 0.51416015625 0.634765625 0.0595703125 0.0859375
0 0.34912109375 0.28466796875 0.0947265625 0.0732421875
0 0.55224609375 0.759765625 0.0634765625 0.0703125
0 0.314453125 0.3955078125 0.052734375 0.048828125
0 0.59033203125 0.05859375 0.0498046875 0.076171875
0 0.97314453125 0.423828125 0.0498046875 0.0390625
0 0.8681640625 0.787109375 0.0859375 0.083984375
0 0.9462890625 0.85400390625 0.087890625 0.0927734375
0 0.78466796875 0.36767578125 0.0673828125 0.0576171875
0 0.33154296875 0.1923828125 0.1044921875 0.109375
0 0.98681640625 0.5458984375 0.0244140625 0.0390625
0 0.7734375 0.2685546875 0.05078125 0.03125
0 0.013671875 0.7939453125 0.02734375 0.0390625
0 0.4638671875 0.7080078125 0.0390625 0.044921875
0 0.11376953125 0.44482421875 0.0693359375 0.0595703125
0 0.70654296875 0.77001953125 0.0732421875 0.0810546875
0 0.2021484375 0.78564453125 0.078125 0.0634765625
0 0.72509765625 0.97607421875 0.0810546875 0.0439453125
0 0.89697265625 0.35595703125 0.0576171875 0.0419921875
0 0.23193359375 0.736328125 0.0634765625 0.029296875
0 0.9365234375 0.74658203125 0.068359375 0.0498046875
0 0.802734375 0.22802734375 0.041015625 0.0341796875
0 0.94091796875 0.13232421875 0.0419921875 0.0693359375
0 0.45947265625 0.97119140625 0.0751953125 0.0576171875
0 0.75927734375 0.41357421875 0.0927734375 0.0517578125
0 0.2412109375 0.93798828125 0.107421875 0.1220703125
0 0.68310546875 0.35693359375 0.0615234375 0.0595703125
0 0.810546875 0.7548828125 0.0390625 0.041015625
0 0.1220703125 0.708984375 0.048828125 0.033203125
0 0.0205078125 0.28125 0.041015625 0.060546875
0 0.71484375 0.23974609375 0.046875 0.0439453125
0 0.6298828125 0.95654296875 0.048828125 0.0537109375
0 0.3349609375 0.7587890625 0.080078125 0.072265625
0 0.47314453125 0.80029296875 0.0810546875 0.0634765625
0 0.88916015625 0.43212890625 0.0966796875 0.0439453125
0 0.18408203125 0.23974609375 0.0615234375 0.0517578125
0 0.451171875 0.908203125 0.080078125 0.060546875
0 0.70751953125 0.47705078125 0.0419921875 0.0400390625
0 0.0595703125 0.35791015625 0.08984375 0.0615234375
0 0.63623046875 0.673828125 0.0517578125 0.044921875
0 0.0908203125 0.64990234375 0.083984375 0.0498046875
0 0.5654296875 0.431640625 0.033203125 0.05078125
0 0.884765625 0.9541015625 0.076171875 0.08984375
0 0.93896484375 0.5205078125 0.0615234375 0.08984375
0 0.08837890625 0.2666015625 0.0498046875 0.052734375
0 0.0341796875 0.8486328125 0.068359375 0.068359375
0 0.5126953125 0.88232421875 0.083984375 0.0888671875
0 0.64404296875 0.83935546875 0.0830078125 0.0498046875
0 0.3193359375 0.92431640625 0.044921875 0.0380859375
0 0.64208984375 0.47021484375 0.0556640625 0.0595703125
