0 0.1240234375 0.49755859375 0.099609375 0.0498046875
0 0.72119140625 0.97265625 0.0537109375 0.0546875
0 0.38623046875 0.8935546875 0.1318359375 0.138671875
0 0.65771484375 0.15087890625 0.0654296875 0.0634765625
0 0.9755859375 0.296875 0.048828125 0.03515625
0 0.2626953125 0.0908203125 0.05859375 0.0703125
0 0.875 0.951171875 0.111328125 0.08984375
0 0.1640625 0.2646484375 0.064453125 0.087890625
0 0.08984375 0.6748046875 0.0859375 0.052734375
0 0.57861328125 0.3798828125 0.0673828125 0.056640625
0 0.31884765625 0.26611328125 0.1708984375 0.0693359375
0 0.2451171875 0.0380859375 0.0546875 0.03515625
0 0.951171875 0.1591796875 0.095703125 0.060546875
0 0.3681640625 0.01708984375 0.048828125 0.0341796875
0 0.28271484375 0.9482421875 0.0498046875 0.0546875
0 0.72607421875 0.2822265625 0.0849609375 0.08984375
0 0.29248046875 0.7158203125 0.1201171875 0.0625
0 0.8056640625 0.27099609375 0.05859375 0.0732421875
0 0.88232421875 0.55029296875 0.1357421875 0.0810546875
0 0.17626953125 0.9130859375 0.1103515625 0.04296875
0 0.16845703125 0.1669921875 0.0849609375 0.0703125
0 0.21142578125 0.1669921875 0.0595703125 0.0546875
0 0.75390625 0.1171875 0.08203125 0.076171875
0 0.09228515625 0.3486328125 0.0673828125 0.091796875
0 0.5478515625 0.8857421875 0.078125 0.064453125
0 0.06201171875 0.2294921875 0.0927734375 0.1171875
0 0.79150390625 0.97705078125 0.0517578125 0.0458984375
0 0.49755859375 0.48681640625 0.0712890625 0.0927734375
0 0.4931640625 0.220703125 0.08984375 0.1171875
0 0.63916015625 0.21337890625 0.0556640625 0.0556640625
0 0.42626953125 0.7900390625 0.0556640625 0.052734375
0 0.06591796875 0.5576171875 0.0810546875 0.0703125
0 0.32373046875 0.775390625 0.0458984375 0.03515625
0 0.35400390625 0.4052734375 0.0537109375 0.0703125
0 0.7080078125 0.85205078125 0.056640625 0.1279296875
0 0.439453125 0.5703125 0.064453125 0.17578125
0 0.337890625 0.80078125 0.095703125 0.05859375
0 0.16943359375 0.056640625 0.0595703125 0.068359375
0 0.61669921875 0.91357421875 0.0654296875 0.0869140625
0 0.77392578125 0.3330078125 0.0634765625 0.052734375
0 0.53515625 0.9658203125 0.091796875 0.06640625
0 0.48681640625 0.08447265625 0.0654296875 0.0556640625
0 0.38330078125 0.97119140625 0.0439453125 0.0556640625
0 0.70263671875 0.37939453125 0.0654296875 0.0498046875
0 0.39404296875 0.35400390625 0.0654296875 0.0498046875
0 0.0576171875 0.77734375 0.08984375 0.037109375
0 0.01904296875 0.115234375 0.0380859375 0.05859375
0 0.5595703125 0.28125 0.044921875 0.0546875
