0 0.3896484375 0.2255859375 0.083984375 0.076171875
0 0.0654296875 0.2421875 0.072265625 0.13671875
0 0.2802734375 0.458984375 0.123046875 0.11328125
0 0.388671875 0.4541015625 0.10546875 0.068359375
0 0.4619140625 0.42578125 0.064453125 0.125
0 0.2685546875 0.3818359375 0.056640625 0.044921875
0 0.5166015625 0.4296875 0.091796875 0.0859375
0 0.806640625 0.38671875 0.0703125 0.06640625
0 0.8740234375 0.359375 0.099609375 0.0703125
0 0.9501953125 0.2958984375 0.099609375 0.076171875
0 0.6845703125 0.2880859375 0.060546875 0.060546875
0 0.9853515625 0.5068359375 0.029296875 0.068359375
0 0.716796875 0.9755859375 0.0625 0.048828125
0 0.6103515625 0.9892578125 0.044921875 0.021484375
0 0.1923828125 0.9501953125 0.103515625 0.083984375
0 0.0439453125 0.9345703125 0.087890625 0.091796875
0 0.12109375 0.6875 0.1015625 0.25390625
0 0.1474609375 0.5419921875 0.119140625 0.083984375
0 0.3671875 0.30859375 0.19921875 0.09765625
0 0.0205078125 0.9697265625 0.041015625 0.060546875
