0 0.365234375 0.91015625 0.14453125 0.125
0 0.7119140625 0.111328125 0.05859375 0.0625
0 0.91796875 0.265625 0.076171875 0.064453125
0 0.68505859375 0.376953125 0.0693359375 0.060546875
0 0.54443359375 0.81982421875 0.0400390625 0.0537109375
0 0.90087890625 0.3212890625 0.0771484375 0.1015625
0 0.83642578125 0.87646484375 0.0673828125 0.0654296875
0 0.27587890625 0.9345703125 0.0634765625 0.064453125
0 0.724609375 0.70751953125 0.0390625 0.0361328125
0 0.5634765625 0.390625 0.07421875 0.05078125
0 0.60009765625 0.93798828125 0.0419921875 0.0458984375
0 0.3251953125 0.41796875 0.044921875 0.083984375
0 0.0908203125 0.95849609375 0.11328125 0.0537109375
0 0.22119140625 0.025390625 0.0693359375 0.05078125
0 0.734375 0.83984375 0.083984375 0.048828125
0 0.05419921875 0.42919921875 0.0888671875 0.0537109375
0 0.51416015625 0.92529296875 0.0654296875 0.0654296875
0 0.22900390625 0.8623046875 0.0615234375 0.080078125
0 0.96728515625 0.552734375 0.0634765625 0.095703125
0 0.8232421875 0.78955078125 0.05078125 0.0673828125
0 0.23193359375 0.21533203125 0.0419921875 0.0595703125
0 0.56103515625 0.7275390625 0.0673828125 0.0546875
0 0.60546875 0.8603515625 0.046875 0.041015625
0 0.9169921875 0.83447265625 0.0546875 0.0458984375
0 0.16796875 0.33251953125 0.07421875 0.0439453125
0 0.947265625 0.03271484375 0.029296875 0.0380859375
0 0.08642578125 0.90625 0.0361328125 0.04296875
0 0.76318359375 0.0244140625 0.0400390625 0.048828125
0 0.34228515625 0.79638671875 0.0791015625 0.1025390625
0 0.10009765625 0.3642578125 0.0498046875 0.052734375
0 0.859375 0.53125 0.0546875 0.0703125
0 0.376953125 0.8046875 0.02734375 0.0625
0 0.20556640625 0.1416015625 0.0732421875 0.068359375
0 0.0908203125 0.45703125 0.111328125 0.078125
0 0.2763671875 0.1962890625 0.08984375 0.052734375
0 0.1806640625 0.85302734375 0.041015625 0.0498046875
0 0.779296875 0.80810546875 0.0546875 0.0595703125
0 0.9267578125 0.71533203125 0.099609375 0.0966796875
0 0.37841796875 0.2568359375 0.0576171875 0.068359375
0 0.7412109375 0.06103515625 0.048828125 0.0556640625
0 0.4716796875 0.2060546875 0.091796875 0.103515625
0 0.19287109375 0.18798828125 0.0361328125 0.0380859375
0 0.46240234375 0.4013671875 0.0869140625 0.078125
