0 0.6376953125 0.05078125 0.05859375 0.06640625
0 0.82568359375 0.0966796875 0.0498046875 0.0546875
0 0.787109375 0.11376953125 0.033203125 0.0654296875
0 0.876953125 0.01123046875 0.0625 0.0224609375
0 0.921875 0.07275390625 0.064453125 0.0478515625
0 0.8720703125 0.09326171875 0.0546875 0.0537109375
0 0.892578125 0.13818359375 0.09375 0.0615234375
0 0.98828125 0.1005859375 0.0234375 0.05078125
0 0.9169921875 0.22802734375 0.0546875 0.0732421875
0 0.9365234375 0.2734375 0.06640625 0.052734375
0 0.81396484375 0.28173828125 0.0458984375 0.0283203125
0 0.5869140625 0.22900390625 0.041015625 0.0361328125
0 0.4541015625 0.09716796875 0.072265625 0.0751953125
0 0.51416015625 0.2333984375 0.1435546875 0.0703125
0 0.19287109375 0.22802734375 0.0732421875 0.0556640625
0 0.26171875 0.025390625 0.064453125 0.05078125
0 0.2080078125 0.03125 0.033203125 0.0625
0 0.1396484375 0.07568359375 0.03515625 0.0888671875
0 0.09326171875 0.10205078125 0.0458984375 0.0478515625
0 0.03857421875 0.14208984375 0.0771484375 0.0712890625
0 0.02880859375 0.0654296875 0.0419921875 0.048828125
0 0.046875 0.33203125 0.046875 0.03125
0 0.42529296875 0.34228515625 0.0771484375 0.0634765625
0 0.56689453125 0.31494140625 0.0869140625 0.0419921875
0 0.203125 0.4189453125 0.037109375 0.0703125
0 0.2978515625 0.4453125 0.072265625 0.0546875
0 0.3671875 0.44970703125 0.07421875 0.0654296875
0 0.5126953125 0.54296875 0.060546875 0.0390625
0 0.5107421875 0.4443359375 0.056640625 0.052734375
0 0.48046875 0.49072265625 0.064453125 0.0810546875
0 0.48974609375 0.58935546875 0.0439453125 0.0556640625
0 0.203125 0.568359375 0.0625 0.04296875
0 0.20263671875 0.515625 0.0654296875 0.060546875
0 0.29248046875 0.4775390625 0.1083984375 0.068359375
0 0.23583984375 0.6220703125 0.0283203125 0.056640625
0 0.244140625 0.70654296875 0.072265625 0.0400390625
0 0.03173828125 0.736328125 0.0458984375 0.04296875
0 0.06884765625 0.61767578125 0.0615234375 0.0537109375
0 0.1015625 0.74560546875 0.046875 0.1298828125
0 0.23388671875 0.76171875 0.0771484375 0.05859375
0 0.109375 0.826171875 0.0703125 0.076171875
0 0.21240234375 0.8369140625 0.1357421875 0.091796875
0 0.21337890625 0.86328125 0.1083984375 0.044921875
0 0.14892578125 0.92529296875 0.0537109375 0.0595703125
0 0.07666015625 0.93408203125 0.1044921875 0.0927734375
0 0.294921875 0.95751953125 0.068359375 0.0283203125
0 0.34375 0.91259765625 0.119140625 0.1279296875
0 0.455078125 0.89306640625 0.08984375 0.0478515625
0 0.45166015625 0.93212890625 0.0380859375 0.0361328125
0 0.521484375 0.806640625 0.041015625 0.037109375
0 0.53857421875 0.95703125 0.0400390625 0.0546875
0 0.84814453125 0.33740234375 0.0380859375 0.0341796875
0 0.83447265625 0.31640625 0.0361328125 0.025390625
0 0.8017578125 0.380859375 0.029296875 0.025390625
0 0.6943359375 0.3828125 0.0390625 0.037109375
0 0.79296875 0.35791015625 0.09375 0.0341796875
0 0.40283203125 0.6220703125 0.0634765625 0.048828125
0 0.412109375 0.673828125 0.068359375 0.056640625
0 0.4296875 0.724609375 0.048828125 0.048828125
0 0.50830078125 0.6953125 0.0458984375 0.04296875
0 0.71044921875 0.626953125 0.1337890625 0.046875
0 0.81689453125 0.64990234375 0.0341796875 0.0458984375
0 0.7109375 0.6943359375 0.05859375 0.0546875
0 0.7783203125 0.71826171875 0.046875 0.0458984375
0 0.818359375 0.7314453125 0.044921875 0.044921875
0 0.861328125 0.7509765625 0.068359375 0.044921875
0 0.68994140625 0.865234375 0.0458984375 0.0390625
0 0.7236328125 0.7705078125 0.078125 0.072265625
0 0.732421875 0.80419921875 0.03125 0.0439453125
0 0.85546875 0.853515625 0.044921875 0.041015625
0 0.88037109375 0.68212890625 0.0712890625 0.0439453125
0 0.96533203125 0.61083984375 0.0615234375 0.0615234375
0 0.015625 0.87060546875 0.03125 0.0322265625
0 0.8173828125 0.984375 0.046875 0.03125
0 0.5400390625 0.84228515625 0.021484375 0.0166015625
0 0.75927734375 0.81982421875 0.0263671875 0.0263671875
0 0.9462890625 0.8232421875 0.044921875 0.03125
0 0.95751953125 0.8466796875 0.0654296875 0.03515625
0 0.84326171875 0.04345703125 0.0439453125 0.0458984375
0 0.8173828125 0.04296875 0.029296875 0.05078125
0 0.79248046875 0.03076171875 0.0439453125 0.0439453125
