0 0.8564453125 0.3515625 0.080078125 0.09375
0 0.7734375 0.42724609375 0.087890625 0.0673828125
0 0.96435546875 0.2978515625 0.0693359375 0.07421875
0 0.7783203125 0.25732421875 0.107421875 0.1298828125
0 0.65625 0.4658203125 0.09375 0.078125
0 0.57275390625 0.51123046875 0.0888671875 0.1220703125
0 0.95947265625 0.56005859375 0.0751953125 0.2333984375
0 0.591796875 0.3662109375 0.08203125 0.0703125
0 0.49951171875 0.33740234375 0.1474609375 0.1005859375
0 0.28759765625 0.2646484375 0.1044921875 0.125
0 0.3037109375 0.25439453125 0.111328125 0.1923828125
0 0.4462890625 0.4052734375 0.103515625 0.08984375
0 0.53662109375 0.42041015625 0.0888671875 0.0615234375
0 0.4013671875 0.37158203125 0.130859375 0.0869140625
0 0.6220703125 0.15283203125 0.064453125 0.0810546875
0 0.60498046875 0.1943359375 0.1494140625 0.044921875
0 0.54736328125 0.04150390625 0.1513671875 0.0830078125
0 0.16064453125 0.1005859375 0.0712890625 0.201171875
0 0.41796875 0.07763671875 0.0859375 0.1533203125
0 0.3603515625 0.05126953125 0.0625 0.1005859375
0 0.4296875 0.1455078125 0.0859375 0.064453125
0 0.390625 0.20849609375 0.115234375 0.2333984375
0 0.4833984375 0.68408203125 0.08203125 0.0830078125
0 0.46044921875 0.57275390625 0.1357421875 0.0732421875
0 0.65283203125 0.8427734375 0.0791015625 0.111328125
0 0.71826171875 0.85986328125 0.1044921875 0.1005859375
0 0.81982421875 0.8486328125 0.1845703125 0.16796875
0 0.875 0.88037109375 0.125 0.0732421875
0 0.85009765625 0.76220703125 0.0712890625 0.0498046875
0 0.23046875 0.95458984375 0.06640625 0.0908203125
0 0.22216796875 0.810546875 0.0458984375 0.068359375
0 0.29541015625 0.39404296875 0.1787109375 0.1103515625
0 0.63720703125 0.939453125 0.0517578125 0.05078125
0 0.6103515625 0.9833984375 0.05859375 0.033203125
0 0.54931640625 0.30419921875 0.0615234375 0.0498046875
0 0.65478515625 0.0361328125 0.0537109375 0.0703125
0 0.607421875 0.11328125 0.173828125 0.130859375
0 0.51025390625 0.6259765625 0.0693359375 0.068359375
0 0.1015625 0.0322265625 0.056640625 0.05859375
0 0.59521484375 0.46728515625 0.0361328125 0.0458984375
0 0.96826171875 0.24755859375 0.0634765625 0.0576171875
0 0.53369140625 0.98779296875 0.0458984375 0.0244140625
0 0.53466796875 0.98779296875 0.0439453125 0.0244140625
0 0.5751953125 0.97265625 0.046875 0.0546875
