0 0.83447265625 0.51806640625 0.1201171875 0.0771484375
0 0.0673828125 0.07421875 0.09765625 0.08203125
0 0.912109375 0.38427734375 0.095703125 0.1103515625
0 0.017578125 0.603515625 0.03515625 0.0546875
0 0.8466796875 0.95263671875 0.107421875 0.0947265625
0 0.95751953125 0.671875 0.0849609375 0.1484375
0 0.97265625 0.91357421875 0.0546875 0.0810546875
0 0.103515625 0.5078125 0.107421875 0.125
0 0.0185546875 0.6875 0.037109375 0.091796875
0 0.9697265625 0.46728515625 0.060546875 0.0751953125
0 0.03271484375 0.48193359375 0.0419921875 0.0556640625
0 0.119140625 0.494140625 0.0859375 0.08203125
0 0.16259765625 0.40576171875 0.0849609375 0.0810546875
0 0.08203125 0.14501953125 0.12109375 0.0732421875
0 0.13232421875 0.2021484375 0.1201171875 0.06640625
0 0.91064453125 0.81689453125 0.0927734375 0.1044921875
0 0.9130859375 0.69189453125 0.119140625 0.0986328125
0 0.9404296875 0.53662109375 0.107421875 0.0849609375
0 0.19970703125 0.05908203125 0.1083984375 0.0673828125
