0 0.3232421875 0.10302734375 0.068359375 0.0537109375
0 0.29248046875 0.9384765625 0.0322265625 0.033203125
0 0.66845703125 0.38720703125 0.0341796875 0.0400390625
0 0.66064453125 0.20068359375 0.0556640625 0.0751953125
0 0.7548828125 0.66064453125 0.08203125 0.1083984375
0 0.91259765625 0.26318359375 0.0634765625 0.0947265625
0 0.7998046875 0.74462890625 0.044921875 0.0341796875
0 0.09033203125 0.8505859375 0.0517578125 0.068359375
0 0.03271484375 0.66064453125 0.0654296875 0.0791015625
0 0.96728515625 0.630859375 0.0654296875 0.083984375
0 0.95947265625 0.7451171875 0.0576171875 0.09765625
0 0.31640625 0.43212890625 0.046875 0.0419921875
0 0.15380859375 0.28857421875 0.0556640625 0.0732421875
0 0.77392578125 0.1162109375 0.0634765625 0.076171875
0 0.6953125 0.87548828125 0.05078125 0.0556640625
0 0.263671875 0.884765625 0.048828125 0.0546875
0 0.865234375 0.74072265625 0.048828125 0.0537109375
0 0.05908203125 0.548828125 0.0673828125 0.080078125
0 0.9794921875 0.19921875 0.041015625 0.078125
0 0.79833984375 0.380859375 0.0478515625 0.052734375
0 0.8037109375 0.455078125 0.056640625 0.076171875
0 0.22216796875 0.203125 0.0576171875 0.0859375
0 0.10595703125 0.1708984375 0.0693359375 0.103515625
0 0.14453125 0.697265625 0.06640625 0.064453125
0 0.7041015625 0.978515625 0.05859375 0.041015625
0 0.75732421875 0.5009765625 0.0673828125 0.072265625
0 0.841796875 0.86767578125 0.09375 0.0888671875
0 0.72216796875 0.5 0.0517578125 0.07421875
