0 0.75146484375 0.04248046875 0.0771484375 0.0849609375
0 0.787109375 0.07177734375 0.07421875 0.1298828125
0 0.759765625 0.1513671875 0.064453125 0.046875
0 0.77294921875 0.1826171875 0.0888671875 0.064453125
0 0.8388671875 0.17626953125 0.130859375 0.0986328125
0 0.8876953125 0.2646484375 0.05078125 0.05859375
0 0.92333984375 0.31201171875 0.1416015625 0.0712890625
0 0.97509765625 0.35986328125 0.0498046875 0.0888671875
0 0.81103515625 0.30126953125 0.0810546875 0.0595703125
0 0.7705078125 0.353515625 0.068359375 0.044921875
0 0.6337890625 0.115234375 0.060546875 0.07421875
0 0.5537109375 0.158203125 0.06640625 0.091796875
0 0.5419921875 0.19189453125 0.07421875 0.0458984375
0 0.3720703125 0.1748046875 0.14453125 0.0546875
0 0.28662109375 0.08251953125 0.0458984375 0.0478515625
0 0.390625 0.0361328125 0.044921875 0.064453125
0 0.42431640625 0.109375 0.0537109375 0.060546875
0 0.48046875 0.0791015625 0.115234375 0.0703125
0 0.34619140625 0.3076171875 0.0556640625 0.119140625
0 0.35302734375 0.21875 0.0478515625 0.0546875
0 0.29296875 0.38232421875 0.0703125 0.0576171875
0 0.4091796875 0.40966796875 0.07421875 0.0615234375
0 0.4619140625 0.3544921875 0.11328125 0.0390625
0 0.4541015625 0.20166015625 0.041015625 0.0693359375
0 0.53857421875 0.3359375 0.0576171875 0.095703125
0 0.65234375 0.3720703125 0.052734375 0.142578125
0 0.60107421875 0.37109375 0.0478515625 0.05859375
0 0.7392578125 0.46142578125 0.072265625 0.0771484375
0 0.6923828125 0.23388671875 0.02734375 0.0400390625
0 0.5869140625 0.041015625 0.056640625 0.08203125
0 0.4931640625 0.00927734375 0.087890625 0.0185546875
0 0.3515625 0.02197265625 0.04296875 0.0439453125
0 0.0205078125 0.0361328125 0.041015625 0.05859375
0 0.056640625 0.05224609375 0.0546875 0.1044921875
0 0.1826171875 0.0302734375 0.09765625 0.060546875
0 0.15869140625 0.0849609375 0.0341796875 0.1015625
0 0.1171875 0.0546875 0.046875 0.03515625
0 0.0380859375 0.2578125 0.076171875 0.076171875
0 0.08935546875 0.22412109375 0.0751953125 0.0517578125
0 0.20947265625 0.29345703125 0.0517578125 0.0478515625
0 0.16943359375 0.25244140625 0.0634765625 0.0478515625
0 0.11767578125 0.32470703125 0.0927734375 0.0576171875
0 0.1015625 0.38671875 0.1015625 0.068359375
0 0.03955078125 0.3720703125 0.0791015625 0.04296875
0 0.02490234375 0.41259765625 0.0498046875 0.0400390625
0 0.0517578125 0.45361328125 0.060546875 0.0615234375
0 0.05322265625 0.51025390625 0.0595703125 0.0576171875
0 0.02783203125 0.56494140625 0.0556640625 0.0537109375
0 0.02490234375 0.61181640625 0.0439453125 0.0419921875
0 0.01611328125 0.66015625 0.0322265625 0.046875
0 0.02587890625 0.72802734375 0.0517578125 0.0537109375
0 0.076171875 0.74755859375 0.060546875 0.0732421875
0 0.10205078125 0.666015625 0.1025390625 0.060546875
0 0.14013671875 0.62451171875 0.0458984375 0.0361328125
0 0.15087890625 0.70751953125 0.0673828125 0.0576171875
0 0.1416015625 0.755859375 0.0703125 0.046875
0 0.20068359375 0.72412109375 0.0771484375 0.0712890625
0 0.26171875 0.7294921875 0.046875 0.0390625
0 0.22998046875 0.7568359375 0.0439453125 0.05078125
0 0.31396484375 0.6904296875 0.0419921875 0.068359375
0 0.2802734375 0.5478515625 0.060546875 0.056640625
0 0.28662109375 0.53076171875 0.0693359375 0.1357421875
0 0.40234375 0.611328125 0.056640625 0.072265625
0 0.1484375 0.57568359375 0.1171875 0.0537109375
0 0.16455078125 0.52587890625 0.1201171875 0.1279296875
0 0.1142578125 0.52978515625 0.05859375 0.0400390625
0 0.14697265625 0.888671875 0.0751953125 0.1328125
0 0.20654296875 0.7998046875 0.0654296875 0.041015625
0 0.056640625 0.83056640625 0.05078125 0.0576171875
0 0.17236328125 0.80810546875 0.0419921875 0.0654296875
0 0.21533203125 0.89892578125 0.0712890625 0.0869140625
0 0.22900390625 0.83642578125 0.0537109375 0.0458984375
0 0.30517578125 0.81396484375 0.0478515625 0.0576171875
0 0.34130859375 0.83349609375 0.0341796875 0.0380859375
0 0.4384765625 0.76318359375 0.126953125 0.0888671875
0 0.48095703125 0.85205078125 0.1044921875 0.1181640625
0 0.564453125 0.8330078125 0.0703125 0.11328125
0 0.59619140625 0.75439453125 0.0732421875 0.0595703125
0 0.6318359375 0.8310546875 0.05859375 0.087890625
0 0.634765625 0.67578125 0.05859375 0.0703125
0 0.67626953125 0.71240234375 0.0498046875 0.0400390625
0 0.70263671875 0.5439453125 0.0712890625 0.0390625
0 0.2666015625 0.98291015625 0.05859375 0.0341796875
0 0.38134765625 0.97412109375 0.0751953125 0.0517578125
0 0.75146484375 0.88720703125 0.1259765625 0.1455078125
0 0.80078125 0.6611328125 0.142578125 0.0859375
0 0.93212890625 0.712890625 0.0478515625 0.041015625
0 0.89208984375 0.6943359375 0.0634765625 0.12890625
0 0.9384765625 0.6279296875 0.078125 0.146484375
0 0.80810546875 0.5009765625 0.0576171875 0.06640625
0 0.86962890625 0.53369140625 0.0712890625 0.1025390625
0 0.947265625 0.53662109375 0.05859375 0.0615234375
0 0.98583984375 0.52294921875 0.0283203125 0.0966796875
0 0.0556640625 0.6337890625 0.037109375 0.046875
0 0.85546875 0.6376953125 0.046875 0.09375
0 0.3291015625 0.6552734375 0.029296875 0.033203125
0 0.01171875 0.51904296875 0.0234375 0.0361328125
