0 0.3310546875 0.26220703125 0.125 0.0673828125
0 0.80224609375 0.224609375 0.0673828125 0.072265625
0 0.12841796875 0.03515625 0.0771484375 0.0703125
0 0.8408203125 0.49658203125 0.0546875 0.0751953125
0 0.8388671875 0.87109375 0.091796875 0.0859375
0 0.1181640625 0.8896484375 0.14453125 0.083984375
0 0.48974609375 0.53662109375 0.0576171875 0.0869140625
0 0.61328125 0.57275390625 0.099609375 0.0771484375
0 0.57177734375 0.18505859375 0.0751953125 0.0986328125
0 0.88818359375 0.25146484375 0.0732421875 0.0771484375
0 0.048828125 0.2861328125 0.09765625 0.130859375
0 0.25927734375 0.576171875 0.1162109375 0.134765625
0 0.978515625 0.31201171875 0.04296875 0.0966796875
0 0.7119140625 0.0419921875 0.06640625 0.076171875
0 0.3447265625 0.05810546875 0.083984375 0.0537109375
0 0.720703125 0.31689453125 0.09765625 0.0888671875
0 0.974609375 0.74951171875 0.05078125 0.0849609375
0 0.267578125 0.3916015625 0.08203125 0.087890625
0 0.2958984375 0.7412109375 0.091796875 0.10546875
0 0.1669921875 0.95068359375 0.107421875 0.0751953125
0 0.42724609375 0.5673828125 0.0751953125 0.1015625
0 0.25439453125 0.861328125 0.0791015625 0.087890625
0 0.88232421875 0.01025390625 0.0888671875 0.0205078125
0 0.7265625 0.18505859375 0.076171875 0.0751953125
0 0.041015625 0.94921875 0.08203125 0.083984375
0 0.0263671875 0.63525390625 0.052734375 0.1083984375
0 0.75537109375 0.7568359375 0.0732421875 0.099609375
0 0.5205078125 0.3505859375 0.119140625 0.09375
0 0.28515625 0.212890625 0.109375 0.068359375
0 0.5830078125 0.048828125 0.09765625 0.09765625
0 0.81396484375 0.37548828125 0.0791015625 0.0751953125
0 0.8134765625 0.953125 0.109375 0.078125
0 0.66552734375 0.47998046875 0.0751953125 0.0595703125
0 0.31201171875 0.11572265625 0.1103515625 0.0556640625
0 0.0263671875 0.45703125 0.052734375 0.064453125
0 0.8359375 0.74755859375 0.072265625 0.0732421875
0 0.974609375 0.65283203125 0.05078125 0.0712890625
