0 0.25537109375 0.75244140625 0.0654296875 0.0595703125
0 0.58935546875 0.53271484375 0.1083984375 0.0693359375
0 0.47802734375 0.0380859375 0.0771484375 0.076171875
0 0.8515625 0.677734375 0.064453125 0.06640625
0 0.75390625 0.73095703125 0.060546875 0.0654296875
0 0.6396484375 0.53369140625 0.0546875 0.0654296875
0 0.95361328125 0.6806640625 0.0810546875 0.080078125
0 0.33447265625 0.6494140625 0.1181640625 0.1171875
0 0.68798828125 0.1875 0.0634765625 0.06640625
0 0.5517578125 0.46044921875 0.08984375 0.0849609375
0 0.0654296875 0.15185546875 0.10546875 0.0849609375
0 0.86328125 0.1962890625 0.0859375 0.068359375
0 0.35546875 0.0361328125 0.0625 0.0703125
0 0.86279296875 0.84033203125 0.0927734375 0.0693359375
0 0.11767578125 0.7314453125 0.0712890625 0.08984375
0 0.1982421875 0.92919921875 0.0546875 0.0810546875
0 0.43212890625 0.75830078125 0.0458984375 0.0791015625
0 0.880859375 0.71826171875 0.0703125 0.0634765625
0 0.96826171875 0.83642578125 0.0595703125 0.0673828125
0 0.15380859375 0.4140625 0.0556640625 0.04296875
0 0.79296875 0.31201171875 0.07421875 0.0615234375
0 0.09814453125 0.22607421875 0.0693359375 0.0791015625
0 0.2900390625 0.904296875 0.083984375 0.056640625
0 0.9580078125 0.29833984375 0.08203125 0.0673828125
0 0.638671875 0.892578125 0.056640625 0.048828125
0 0.7265625 0.48486328125 0.0546875 0.0537109375
0 0.0380859375 0.4443359375 0.076171875 0.1484375
0 0.494140625 0.931640625 0.076171875 0.056640625
0 0.16455078125 0.03125 0.1318359375 0.0625
0 0.63134765625 0.45361328125 0.0771484375 0.0751953125
0 0.2705078125 0.56396484375 0.064453125 0.0751953125
0 0.16650390625 0.3271484375 0.0576171875 0.060546875
0 0.6044921875 0.046875 0.072265625 0.060546875
0 0.4345703125 0.68017578125 0.083984375 0.0751953125
0 0.0224609375 0.53271484375 0.041015625 0.0498046875
0 0.27099609375 0.80517578125 0.1083984375 0.0498046875
0 0.19384765625 0.25927734375 0.0732421875 0.0654296875
0 0.55224609375 0.22265625 0.0869140625 0.068359375
0 0.8525390625 0.7802734375 0.060546875 0.068359375
0 0.8525390625 0.392578125 0.064453125 0.0625
0 0.5615234375 0.9794921875 0.0625 0.041015625
0 0.67822265625 0.96826171875 0.1318359375 0.0634765625
0 0.47314453125 0.44775390625 0.0654296875 0.0654296875
0 0.154296875 0.11767578125 0.064453125 0.0673828125
0 0.05224609375 0.75537109375 0.0791015625 0.0830078125
0 0.69189453125 0.65380859375 0.0673828125 0.0751953125
0 0.5068359375 0.8173828125 0.05859375 0.064453125
0 0.89599609375 0.5380859375 0.0458984375 0.048828125
0 0.78564453125 0.97265625 0.1181640625 0.0546875
0 0.97119140625 0.9580078125 0.0576171875 0.064453125
0 0.51220703125 0.36962890625 0.1005859375 0.0693359375
0 0.794921875 0.82080078125 0.07421875 0.0634765625
0 0.77880859375 0.90087890625 0.0830078125 0.0576171875
0 0.59521484375 0.9248046875 0.0966796875 0.05859375
0 0.33837890625 0.94384765625 0.1298828125 0.0908203125
0 0.32666015625 0.97802734375 0.1162109375 0.0439453125
0 0.2392578125 0.0244140625 0.0625 0.046875
0 0.90869140625 0.126953125 0.0654296875 0.0625
0 0.69677734375 0.7138671875 0.0498046875 0.0546875
