0 0.81689453125 0.2529296875 0.0517578125 0.107421875
0 0.38330078125 0.31201171875 0.0634765625 0.1728515625
0 0.4697265625 0.40283203125 0.056640625 0.1259765625
0 0.525390625 0.28759765625 0.083984375 0.1064453125
0 0.349609375 0.78076171875 0.078125 0.0673828125
0 0.56298828125 0.880859375 0.0849609375 0.09375
0 0.78369140625 0.96240234375 0.0478515625 0.0751953125
0 0.759765625 0.11962890625 0.1171875 0.0947265625
0 0.6279296875 0.74609375 0.0234375 0.033203125
0 0.17529296875 0.21435546875 0.0908203125 0.0751953125
0 0.44140625 0.515625 0.09375 0.037109375
0 0.63525390625 0.72216796875 0.0478515625 0.0341796875
0 0.1474609375 0.3671875 0.078125 0.076171875
0 0.30908203125 0.53759765625 0.1259765625 0.0986328125
0 0.03076171875 0.98681640625 0.0576171875 0.0205078125
0 0.48974609375 0.1552734375 0.0537109375 0.068359375
0 0.01806640625 0.02880859375 0.0361328125 0.0576171875
0 0.88232421875 0.71533203125 0.0458984375 0.0537109375
0 0.9501953125 0.44189453125 0.087890625 0.1123046875
0 0.65771484375 0.57373046875 0.0693359375 0.0419921875
0 0.4384765625 0.4140625 0.033203125 0.056640625
0 0.61669921875 0.96337890625 0.0595703125 0.0556640625
0 0.61279296875 0.830078125 0.0380859375 0.056640625
0 0.830078125 0.8076171875 0.068359375 0.08984375
0 0.07958984375 0.9404296875 0.0380859375 0.02734375
0 0.93359375 0.359375 0.1328125 0.09765625
0 0.2939453125 0.947265625 0.0546875 0.0390625
0 0.2529296875 0.7490234375 0.068359375 0.06640625
0 0.74169921875 0.2373046875 0.0478515625 0.171875
0 0.12841796875 0.64013671875 0.0810546875 0.0419921875
0 0.146484375 0.494140625 0.166015625 0.0625
0 0.8173828125 0.41259765625 0.048828125 0.1181640625
0 0.3798828125 0.9833984375 0.115234375 0.033203125
0 0.71240234375 0.4970703125 0.0771484375 0.044921875
0 0.09375 0.13232421875 0.08984375 0.0322265625
0 0.1689453125 0.71142578125 0.03125 0.0712890625
0 0.34716796875 0.150390625 0.0498046875 0.07421875
0 0.37890625 0.869140625 0.11328125 0.052734375
0 0.140625 0.9091796875 0.068359375 0.037109375
0 0.19921875 0.283203125 0.10546875 0.1015625
0 0.056640625 0.19580078125 0.080078125 0.0458984375
0 0.77978515625 0.9091796875 0.0458984375 0.060546875
0 0.27490234375 0.46044921875 0.0595703125 0.0439453125
