0 0.2900390625 0.27685546875 0.091796875 0.0517578125
0 0.259765625 0.3955078125 0.14453125 0.109375
0 0.4423828125 0.7099609375 0.068359375 0.12890625
0 0.6650390625 0.7958984375 0.177734375 0.087890625
0 0.435546875 0.2900390625 0.21484375 0.091796875
0 0.4541015625 0.33203125 0.048828125 0.029296875
0 0.53173828125 0.43359375 0.2197265625 0.1171875
0 0.4130859375 0.6298828125 0.236328125 0.095703125
0 0.05078125 0.5986328125 0.1015625 0.158203125
0 0.3203125 0.5986328125 0.060546875 0.0625
0 0.052734375 0.3994140625 0.10546875 0.072265625
0 0.38330078125 0.4931640625 0.0751953125 0.2109375
0 0.814453125 0.85009765625 0.1171875 0.0712890625
0 0.9296875 0.970703125 0.138671875 0.056640625
0 0.900390625 0.8701171875 0.078125 0.181640625
0 0.697265625 0.88916015625 0.126953125 0.0791015625
0 0.68359375 0.95361328125 0.0703125 0.0908203125
0 0.63671875 0.98486328125 0.0625 0.0283203125
0 0.4912109375 0.974609375 0.041015625 0.05078125
0 0.595703125 0.8984375 0.05859375 0.203125
0 0.33837890625 0.97265625 0.0751953125 0.0546875
0 0.220703125 0.7802734375 0.041015625 0.048828125
0 0.28271484375 0.88134765625 0.0869140625 0.1923828125
0 0.50390625 0.830078125 0.044921875 0.1015625
0 0.53759765625 0.82373046875 0.0712890625 0.1455078125
0 0.451171875 0.7861328125 0.0390625 0.03125
0 0.8408203125 0.60400390625 0.064453125 0.0673828125
0 0.974609375 0.49365234375 0.048828125 0.0478515625
0 0.9052734375 0.60693359375 0.06640625 0.1962890625
0 0.5810546875 0.35546875 0.087890625 0.099609375
0 0.689453125 0.31103515625 0.087890625 0.0478515625
0 0.71484375 0.322265625 0.09765625 0.19921875
0 0.7294921875 0.50146484375 0.064453125 0.1181640625
0 0.91796875 0.1591796875 0.1640625 0.11328125
0 0.7412109375 0.13671875 0.197265625 0.06640625
0 0.96875 0.60205078125 0.060546875 0.0595703125
0 0.8349609375 0.36279296875 0.048828125 0.1220703125
0 0.984375 0.28125 0.03125 0.0625
0 0.78369140625 0.884765625 0.0830078125 0.2265625
0 0.55908203125 0.9345703125 0.1728515625 0.09375
0 0.70751953125 0.1533203125 0.0673828125 0.125
0 0.2373046875 0.2001953125 0.099609375 0.15625
0 0.05908203125 0.216796875 0.1181640625 0.166015625
0 0.0498046875 0.09326171875 0.052734375 0.1611328125
0 0.2861328125 0.0615234375 0.1640625 0.064453125
0 0.18115234375 0.056640625 0.0634765625 0.11328125
0 0.380859375 0.0107421875 0.048828125 0.021484375
0 0.32421875 0.0205078125 0.083984375 0.041015625
0 0.6025390625 0.04345703125 0.056640625 0.0869140625
0 0.5771484375 0.091796875 0.193359375 0.18359375
0 0.29345703125 0.1162109375 0.0869140625 0.173828125
0 0.94970703125 0.01220703125 0.0712890625 0.0244140625
0 0.5791015625 0.18212890625 0.1015625 0.0673828125
0 0.65283203125 0.1123046875 0.0595703125 0.224609375
0 0.8603515625 0.404296875 0.138671875 0.2109375
0 0.986328125 0.427734375 0.02734375 0.078125
0 0.98046875 0.2333984375 0.0390625 0.064453125
0 0.9443359375 0.36279296875 0.076171875 0.2548828125
0 0.71337890625 0.44921875 0.0439453125 0.08203125
0 0.595703125 0.1748046875 0.0703125 0.123046875
0 0.9794921875 0.994140625 0.033203125 0.01171875
0 0.619140625 0.3837890625 0.0703125 0.162109375
0 0.3408203125 0.46875 0.0703125 0.078125
