0 0.79443359375 0.82568359375 0.1083984375 0.0478515625
0 0.9453125 0.32177734375 0.06640625 0.0478515625
0 0.54150390625 0.4541015625 0.0771484375 0.05078125
0 0.1123046875 0.68115234375 0.048828125 0.0654296875
0 0.87060546875 0.57763671875 0.0673828125 0.0693359375
0 0.18359375 0.908203125 0.080078125 0.0859375
0 0.48583984375 0.181640625 0.0634765625 0.052734375
0 0.603515625 0.8076171875 0.083984375 0.03515625
0 0.912109375 0.74169921875 0.0859375 0.0556640625
0 0.08642578125 0.7197265625 0.0478515625 0.046875
0 0.51806640625 0.0498046875 0.0751953125 0.09765625
0 0.798828125 0.34423828125 0.080078125 0.0556640625
0 0.90380859375 0.21142578125 0.0771484375 0.0419921875
0 0.4228515625 0.369140625 0.080078125 0.0546875
0 0.97265625 0.72265625 0.0546875 0.091796875
0 0.1240234375 0.3447265625 0.056640625 0.056640625
0 0.32177734375 0.96875 0.0439453125 0.048828125
0 0.970703125 0.15380859375 0.05859375 0.0517578125
0 0.44970703125 0.88818359375 0.0751953125 0.0595703125
0 0.126953125 0.14892578125 0.052734375 0.0595703125
0 0.3564453125 0.666015625 0.072265625 0.068359375
0 0.548828125 0.80517578125 0.08984375 0.0693359375
0 0.17822265625 0.34130859375 0.0634765625 0.0693359375
0 0.48193359375 0.8623046875 0.0654296875 0.046875
0 0.28515625 0.49072265625 0.0546875 0.0537109375
0 0.29345703125 0.43310546875 0.0693359375 0.0810546875
0 0.572265625 0.294921875 0.072265625 0.0546875
0 0.2412109375 0.58740234375 0.046875 0.0439453125
0 0.8525390625 0.98095703125 0.06640625 0.0380859375
0 0.58642578125 0.3408203125 0.0693359375 0.052734375
0 0.0595703125 0.68701171875 0.060546875 0.0634765625
0 0.75732421875 0.40673828125 0.0908203125 0.0615234375
0 0.8642578125 0.076171875 0.048828125 0.078125
0 0.921875 0.96435546875 0.060546875 0.0712890625
0 0.76513671875 0.85986328125 0.1396484375 0.0908203125
0 0.04541015625 0.3759765625 0.0478515625 0.0703125
0 0.85400390625 0.30419921875 0.0615234375 0.0439453125
0 0.8828125 0.1865234375 0.09375 0.044921875
0 0.599609375 0.4716796875 0.064453125 0.0703125
0 0.9248046875 0.4091796875 0.08984375 0.080078125
0 0.310546875 0.83349609375 0.06640625 0.0498046875
0 0.40771484375 0.01513671875 0.0517578125 0.0302734375
0 0.400390625 0.30615234375 0.05859375 0.0498046875
0 0.32568359375 0.779296875 0.0498046875 0.048828125
0 0.29736328125 0.26416015625 0.0615234375 0.0478515625
0 0.01123046875 0.9921875 0.0224609375 0.015625
0 0.01806640625 0.10693359375 0.0341796875 0.0478515625
0 0.6513671875 0.56494140625 0.099609375 0.0576171875
0 0.93701171875 0.44775390625 0.0732421875 0.0908203125
0 0.35888671875 0.94091796875 0.0673828125 0.0576171875
0 0.26806640625 0.72265625 0.0556640625 0.05078125
0 0.31787109375 0.60009765625 0.0771484375 0.0478515625
0 0.5908203125 0.87158203125 0.052734375 0.0458984375
0 0.22314453125 0.40869140625 0.0322265625 0.0400390625
0 0.34033203125 0.23876953125 0.0556640625 0.0439453125
0 0.36865234375 0.716796875 0.1025390625 0.068359375
0 0.05712890625 0.32177734375 0.0537109375 0.0458984375
0 0.7587890625 0.537109375 0.107421875 0.076171875
0 0.33203125 0.40087890625 0.0390625 0.0419921875
0 0.921875 0.115234375 0.05859375 0.0703125
0 0.1435546875 0.4228515625 0.060546875 0.060546875
0 0.2236328125 0.66064453125 0.06640625 0.0478515625
0 0.9560546875 0.5654296875 0.08203125 0.08203125
0 0.78564453125 0.64306640625 0.0849609375 0.0634765625
0 0.61279296875 0.1396484375 0.0595703125 0.068359375
0 0.60693359375 0.09423828125 0.0478515625 0.0869140625
0 0.2177734375 0.17041015625 0.052734375 0.0712890625
0 0.505859375 0.689453125 0.078125 0.111328125
0 0.1669921875 0.48828125 0.087890625 0.0546875
0 0.2666015625 0.21484375 0.056640625 0.056640625
0 0.5263671875 0.2275390625 0.06640625 0.05859375
0 0.27197265625 0.166015625 0.0810546875 0.0625
0 0.6689453125 0.74853515625 0.060546875 0.0556640625
0 0.13671875 0.62744140625 0.07421875 0.0654296875
0 0.314453125 0.880859375 0.05859375 0.052734375
0 0.91796875 0.529296875 0.0546875 0.0546875
0 0.40380859375 0.53125 0.0693359375 0.05859375
0 0.11376953125 0.9638671875 0.0654296875 0.0546875
0 0.0595703125 0.82958984375 0.048828125 0.0634765625
0 0.9453125 0.78125 0.07421875 0.041015625
0 0.47216796875 0.95751953125 0.0791015625 0.0615234375
0 0.52099609375 0.376953125 0.0576171875 0.056640625
0 0.64013671875 0.927734375 0.0673828125 0.0546875
0 0.85302734375 0.390625 0.0869140625 0.095703125
0 0.5078125 0.3115234375 0.052734375 0.052734375
0 0.7412109375 0.9248046875 0.052734375 0.0546875
0 0.4462890625 0.5302734375 0.052734375 0.072265625
0 0.67041015625 0.27490234375 0.0810546875 0.0537109375
0 0.791015625 0.51416015625 0.072265625 0.0419921875
