0 0.6845703125 0.70703125 0.07421875 0.064453125
0 0.6494140625 0.4228515625 0.060546875 0.13671875
0 0.59619140625 0.32958984375 0.0322265625 0.0302734375
0 0.9248046875 0.705078125 0.056640625 0.06640625
0 0.76025390625 0.7841796875 0.0537109375 0.07421875
0 0.5234375 0.46435546875 0.06640625 0.0810546875
0 0.96337890625 0.224609375 0.0732421875 0.10546875
0 0.50146484375 0.365234375 0.0634765625 0.14453125
0 0.4638671875 0.84716796875 0.05859375 0.0556640625
0 0.83935546875 0.0380859375 0.0419921875 0.0625
0 0.83203125 0.236328125 0.05078125 0.09375
0 0.791015625 0.2529296875 0.03125 0.037109375
0 0.7490234375 0.2021484375 0.05078125 0.09765625
0 0.884765625 0.08935546875 0.041015625 0.0419921875
0 0.685546875 0.5322265625 0.0703125 0.087890625
0 0.923828125 0.50048828125 0.140625 0.0986328125
0 0.46484375 0.09912109375 0.0546875 0.0791015625
0 0.59619140625 0.1044921875 0.0517578125 0.111328125
0 0.52587890625 0.83056640625 0.0771484375 0.1298828125
0 0.7763671875 0.4140625 0.07421875 0.09375
0 0.6357421875 0.669921875 0.060546875 0.0703125
