0 0.4111328125 0.10302734375 0.052734375 0.0869140625
0 0.63623046875 0.23486328125 0.0498046875 0.0400390625
0 0.33984375 0.50830078125 0.0390625 0.1064453125
0 0.4140625 0.0302734375 0.056640625 0.060546875
0 0.67529296875 0.56494140625 0.1376953125 0.1083984375
0 0.64892578125 0.66943359375 0.0419921875 0.0498046875
0 0.31884765625 0.94140625 0.0634765625 0.1171875
0 0.35498046875 0.9501953125 0.0478515625 0.068359375
0 0.39208984375 0.96240234375 0.0537109375 0.0751953125
0 0.4873046875 0.97509765625 0.048828125 0.0478515625
0 0.59130859375 0.97900390625 0.0654296875 0.0400390625
0 0.43603515625 0.88818359375 0.0576171875 0.0615234375
0 0.310546875 0.83984375 0.0546875 0.0546875
0 0.57275390625 0.78515625 0.0380859375 0.037109375
0 0.6279296875 0.82861328125 0.048828125 0.0849609375
0 0.41748046875 0.80908203125 0.0556640625 0.0888671875
0 0.42431640625 0.76904296875 0.0556640625 0.0693359375
0 0.32861328125 0.75732421875 0.0888671875 0.0517578125
0 0.36572265625 0.783203125 0.0458984375 0.05078125
0 0.26123046875 0.73291015625 0.0439453125 0.0302734375
0 0.85546875 0.7607421875 0.056640625 0.05859375
0 0.791015625 0.7685546875 0.072265625 0.060546875
0 0.654296875 0.77294921875 0.04296875 0.0498046875
0 0.72216796875 0.849609375 0.0810546875 0.041015625
0 0.9130859375 0.80712890625 0.107421875 0.0498046875
0 0.79345703125 0.81982421875 0.1162109375 0.0615234375
0 0.9208984375 0.90576171875 0.087890625 0.0712890625
0 0.81494140625 0.98095703125 0.0654296875 0.0380859375
0 0.63671875 0.97216796875 0.03125 0.0556640625
0 0.60986328125 0.67431640625 0.0361328125 0.0400390625
0 0.31103515625 0.67041015625 0.0380859375 0.0458984375
0 0.65869140625 0.01171875 0.0478515625 0.0234375
0 0.95654296875 0.1748046875 0.0341796875 0.033203125
0 0.9287109375 0.19970703125 0.044921875 0.0380859375
0 0.9345703125 0.1357421875 0.111328125 0.08203125
0 0.94921875 0.28271484375 0.064453125 0.0732421875
0 0.8681640625 0.30078125 0.091796875 0.0625
0 0.9365234375 0.43212890625 0.126953125 0.0654296875
0 0.90380859375 0.48291015625 0.0693359375 0.0849609375
0 0.9755859375 0.4912109375 0.048828125 0.0546875
0 0.8896484375 0.59228515625 0.0546875 0.0478515625
0 0.93359375 0.611328125 0.02734375 0.033203125
0 0.80029296875 0.60791015625 0.0498046875 0.0556640625
0 0.9423828125 0.74560546875 0.115234375 0.0712890625
0 0.9892578125 0.6787109375 0.01953125 0.03515625
0 0.9541015625 0.85009765625 0.02734375 0.0322265625
0 0.96630859375 0.89306640625 0.0419921875 0.0361328125
0 0.9873046875 0.93994140625 0.0234375 0.0322265625
0 0.6689453125 0.73583984375 0.04296875 0.0419921875
0 0.52978515625 0.8330078125 0.0302734375 0.0234375
0 0.7138671875 0.5703125 0.0390625 0.04296875
0 0.63671875 0.61376953125 0.02734375 0.0341796875
0 0.6103515625 0.77880859375 0.02734375 0.0341796875
0 0.30859375 0.72802734375 0.03125 0.0380859375
0 0.38525390625 0.89501953125 0.0263671875 0.0263671875
0 0.255859375 0.7109375 0.078125 0.025390625
0 0.28076171875 0.57275390625 0.0263671875 0.0458984375
0 0.27197265625 0.67626953125 0.0380859375 0.0478515625
0 0.2822265625 0.53125 0.037109375 0.041015625
0 0.03271484375 0.8095703125 0.0595703125 0.091796875
0 0.52685546875 0.57568359375 0.0986328125 0.0888671875
0 0.56494140625 0.57861328125 0.0830078125 0.0751953125
0 0.49267578125 0.51904296875 0.0751953125 0.1044921875
0 0.40673828125 0.5341796875 0.0302734375 0.048828125
0 0.37744140625 0.46484375 0.0361328125 0.068359375
0 0.423828125 0.46826171875 0.05859375 0.0361328125
0 0.31005859375 0.40185546875 0.0341796875 0.0322265625
0 0.10888671875 0.46533203125 0.0751953125 0.0654296875
0 0.470703125 0.19140625 0.068359375 0.07421875
0 0.68115234375 0.21875 0.0263671875 0.03125
0 0.66748046875 0.12109375 0.0400390625 0.078125
0 0.59765625 0.14013671875 0.06640625 0.0654296875
0 0.5146484375 0.04150390625 0.083984375 0.0830078125
0 0.27099609375 0.037109375 0.1396484375 0.06640625
0 0.76513671875 0.01806640625 0.1455078125 0.0361328125
0 0.75732421875 0.0400390625 0.0966796875 0.080078125
0 0.791015625 0.111328125 0.140625 0.08203125
0 0.83154296875 0.19384765625 0.0849609375 0.0556640625
0 0.82275390625 0.14794921875 0.1123046875 0.0380859375
0 0.2265625 0.373046875 0.064453125 0.107421875
0 0.9755859375 0.77880859375 0.025390625 0.0302734375
0 0.92626953125 0.80712890625 0.0478515625 0.0595703125
