0 0.767578125 0.896484375 0.138671875 0.07421875
0 0.36572265625 0.84814453125 0.0615234375 0.0673828125
0 0.5361328125 0.94287109375 0.099609375 0.1005859375
0 0.15966796875 0.8525390625 0.0634765625 0.060546875
0 0.18994140625 0.5947265625 0.0634765625 0.0546875
0 0.34326171875 0.53369140625 0.0595703125 0.0498046875
0 0.64404296875 0.71240234375 0.0927734375 0.0576171875
0 0.482421875 0.6611328125 0.08984375 0.056640625
0 0.13671875 0.720703125 0.060546875 0.0546875
0 0.41455078125 0.9736328125 0.0693359375 0.052734375
0 0.7216796875 0.6982421875 0.134765625 0.064453125
0 0.4658203125 0.86767578125 0.06640625 0.0927734375
0 0.341796875 0.9296875 0.080078125 0.115234375
