0 0.08154296875 0.4326171875 0.1044921875 0.0625
0 0.7158203125 0.46435546875 0.09765625 0.0751953125
0 0.78759765625 0.90625 0.1513671875 0.07421875
0 0.58642578125 0.3759765625 0.1044921875 0.080078125
0 0.10986328125 0.1552734375 0.1064453125 0.091796875
0 0.693359375 0.61962890625 0.142578125 0.1044921875
0 0.2177734375 0.74658203125 0.107421875 0.0732421875
0 0.541015625 0.57470703125 0.15234375 0.1005859375
0 0.08935546875 0.3037109375 0.0556640625 0.052734375
0 0.5888671875 0.80224609375 0.099609375 0.0634765625
0 0.6591796875 0.8544921875 0.115234375 0.08984375
0 0.5712890625 0.08056640625 0.119140625 0.0712890625
0 0.69677734375 0.12841796875 0.1181640625 0.0556640625
0 0.51708984375 0.26171875 0.0654296875 0.052734375
0 0.8974609375 0.6728515625 0.080078125 0.04296875
0 0.564453125 0.3203125 0.052734375 0.03125
0 0.09912109375 0.56298828125 0.0888671875 0.0673828125
0 0.5849609375 0.19384765625 0.078125 0.0810546875
0 0.73681640625 0.08837890625 0.0693359375 0.0400390625
