0 0.02099609375 0.0302734375 0.0419921875 0.060546875
0 0.28515625 0.38134765625 0.044921875 0.0439453125
0 0.33251953125 0.02734375 0.0673828125 0.0546875
0 0.47998046875 0.74609375 0.0712890625 0.109375
0 0.0263671875 0.3818359375 0.052734375 0.072265625
0 0.21728515625 0.0703125 0.0712890625 0.09375
0 0.70654296875 0.2734375 0.0732421875 0.060546875
0 0.12841796875 0.6376953125 0.0595703125 0.05078125
0 0.916015625 0.2529296875 0.0390625 0.029296875
0 0.31494140625 0.9755859375 0.1865234375 0.048828125
0 0.1787109375 0.7353515625 0.0703125 0.041015625
0 0.72314453125 0.1201171875 0.2216796875 0.09765625
0 0.431640625 0.9091796875 0.1171875 0.10546875
0 0.96240234375 0.28662109375 0.0751953125 0.0732421875
0 0.34375 0.65380859375 0.08203125 0.1337890625
0 0.95703125 0.84619140625 0.052734375 0.0634765625
0 0.1455078125 0.21630859375 0.07421875 0.1240234375
0 0.47607421875 0.3984375 0.1103515625 0.080078125
0 0.63720703125 0.8662109375 0.1083984375 0.080078125
0 0.912109375 0.1796875 0.08984375 0.06640625
0 0.86865234375 0.95947265625 0.0419921875 0.0380859375
0 0.92529296875 0.6064453125 0.0791015625 0.091796875
0 0.66552734375 0.48779296875 0.0810546875 0.0634765625
0 0.69482421875 0.96484375 0.0712890625 0.0703125
0 0.5107421875 0.23388671875 0.095703125 0.1064453125
0 0.2236328125 0.37939453125 0.044921875 0.0693359375
0 0.83349609375 0.75146484375 0.0634765625 0.0947265625
0 0.0576171875 0.1572265625 0.068359375 0.07421875
0 0.58984375 0.96484375 0.078125 0.068359375
0 0.21142578125 0.8173828125 0.0693359375 0.060546875
0 0.69677734375 0.75341796875 0.0595703125 0.0615234375
0 0.201171875 0.3720703125 0.048828125 0.041015625
0 0.34423828125 0.21875 0.0712890625 0.048828125
