0 0.12060546875 0.91748046875 0.0341796875 0.1064453125
0 0.044921875 0.0341796875 0.03515625 0.068359375
0 0.3505859375 0.09619140625 0.033203125 0.0693359375
0 0.66796875 0.1025390625 0.046875 0.046875
0 0.6416015625 0.0263671875 0.017578125 0.044921875
0 0.794921875 0.07958984375 0.01953125 0.0322265625
0 0.82421875 0.0146484375 0.025390625 0.029296875
0 0.98974609375 0.07666015625 0.0126953125 0.0283203125
0 0.7099609375 0.08544921875 0.037109375 0.0380859375
0 0.14794921875 0.3359375 0.0380859375 0.0390625
