0 0.8447265625 0.4833984375 0.04296875 0.060546875
0 0.23779296875 0.828125 0.0498046875 0.060546875
0 0.96435546875 0.74365234375 0.0361328125 0.0556640625
0 0.9140625 0.8623046875 0.05078125 0.10546875
0 0.861328125 0.7421875 0.04296875 0.04296875
0 0.873046875 0.6455078125 0.087890625 0.052734375
0 0.619140625 0.72705078125 0.076171875 0.0908203125
0 0.65087890625 0.8759765625 0.0283203125 0.048828125
0 0.6083984375 0.8837890625 0.0390625 0.056640625
0 0.697265625 0.8623046875 0.044921875 0.12109375
0 0.5107421875 0.93359375 0.103515625 0.046875
0 0.37841796875 0.794921875 0.0595703125 0.04296875
0 0.3232421875 0.783203125 0.052734375 0.04296875
0 0.4013671875 0.755859375 0.09765625 0.060546875
0 0.33056640625 0.896484375 0.0791015625 0.103515625
0 0.26220703125 0.939453125 0.0517578125 0.06640625
0 0.2197265625 0.92333984375 0.044921875 0.0908203125
0 0.09375 0.85107421875 0.044921875 0.0615234375
0 0.10986328125 0.75048828125 0.0556640625 0.0595703125
0 0.08740234375 0.5439453125 0.0615234375 0.044921875
0 0.21142578125 0.56396484375 0.0400390625 0.0576171875
0 0.62255859375 0.47802734375 0.0380859375 0.0517578125
0 0.36376953125 0.41748046875 0.0771484375 0.0478515625
0 0.38330078125 0.30908203125 0.0380859375 0.0537109375
0 0.31494140625 0.248046875 0.0458984375 0.05078125
0 0.2119140625 0.298828125 0.0625 0.08203125
0 0.375 0.05078125 0.0390625 0.044921875
0 0.1103515625 0.0732421875 0.056640625 0.083984375
0 0.52734375 0.0869140625 0.05078125 0.056640625
0 0.84716796875 0.1171875 0.0498046875 0.052734375
0 0.6494140625 0.15576171875 0.044921875 0.0380859375
0 0.6865234375 0.2890625 0.08203125 0.0703125
0 0.87841796875 0.294921875 0.0537109375 0.044921875
0 0.8974609375 0.24267578125 0.052734375 0.0380859375
0 0.9580078125 0.31103515625 0.0390625 0.0478515625
0 0.80126953125 0.375 0.0478515625 0.087890625
0 0.97021484375 0.380859375 0.0244140625 0.04296875
0 0.4619140625 0.45849609375 0.03125 0.0400390625
0 0.7421875 0.7431640625 0.037109375 0.044921875
0 0.2158203125 0.73291015625 0.048828125 0.0478515625
0 0.7197265625 0.240234375 0.037109375 0.0546875
0 0.1591796875 0.95703125 0.041015625 0.037109375
0 0.529296875 0.365234375 0.05078125 0.048828125
