0 0.68798828125 0.1181640625 0.0947265625 0.107421875
0 0.45263671875 0.28466796875 0.0537109375 0.0966796875
0 0.4892578125 0.4921875 0.08203125 0.091796875
0 0.6064453125 0.583984375 0.05078125 0.05859375
0 0.79638671875 0.4736328125 0.0517578125 0.119140625
0 0.90869140625 0.4951171875 0.0400390625 0.1171875
0 0.32177734375 0.3046875 0.0654296875 0.0546875
0 0.27197265625 0.419921875 0.0673828125 0.08203125
0 0.30908203125 0.57861328125 0.0615234375 0.1142578125
0 0.54638671875 0.69580078125 0.0947265625 0.0517578125
0 0.70849609375 0.5849609375 0.0478515625 0.056640625
0 0.818359375 0.84765625 0.056640625 0.05859375
0 0.47314453125 0.79345703125 0.0810546875 0.0888671875
0 0.5703125 0.765625 0.046875 0.041015625
0 0.755859375 0.78662109375 0.041015625 0.0478515625
0 0.6904296875 0.796875 0.04296875 0.064453125
0 0.43212890625 0.93798828125 0.0400390625 0.0517578125
0 0.11279296875 0.71533203125 0.1962890625 0.0517578125
0 0.13525390625 0.2353515625 0.0908203125 0.068359375
0 0.24853515625 0.0439453125 0.0673828125 0.087890625
0 0.30078125 0.18017578125 0.09375 0.0693359375
0 0.17724609375 0.9013671875 0.0517578125 0.07421875
0 0.80322265625 0.5712890625 0.0458984375 0.052734375
0 0.900390625 0.19482421875 0.072265625 0.0654296875
0 0.78955078125 0.17919921875 0.0419921875 0.0830078125
0 0.685546875 0.30224609375 0.037109375 0.0419921875
0 0.81591796875 0.671875 0.0517578125 0.046875
0 0.767578125 0.63330078125 0.037109375 0.0361328125
0 0.33740234375 0.658203125 0.0400390625 0.05078125
0 0.08642578125 0.0654296875 0.0380859375 0.07421875
0 0.0947265625 0.69580078125 0.046875 0.0517578125
0 0.28857421875 0.86279296875 0.0302734375 0.0419921875
0 0.3740234375 0.83984375 0.052734375 0.03515625
0 0.6337890625 0.87548828125 0.072265625 0.0517578125
0 0.5869140625 0.8857421875 0.060546875 0.0703125
0 0.70166015625 0.7265625 0.0478515625 0.03125
0 0.693359375 0.74365234375 0.060546875 0.0419921875
0 0.8349609375 0.21142578125 0.03515625 0.0712890625
0 0.79931640625 0.25634765625 0.0478515625 0.0478515625
0 0.80029296875 0.3125 0.1123046875 0.064453125
0 0.8427734375 0.7314453125 0.0390625 0.029296875
0 0.68798828125 0.6767578125 0.0439453125 0.05859375
0 0.77001953125 0.673828125 0.0419921875 0.04296875
0 0.4111328125 0.23388671875 0.041015625 0.0771484375
0 0.7236328125 0.3095703125 0.0390625 0.0390625
0 0.48974609375 0.22802734375 0.0361328125 0.0458984375
0 0.81103515625 0.3994140625 0.0302734375 0.01953125
0 0.75390625 0.1005859375 0.05078125 0.05078125
