0 0.74267578125 0.4921875 0.0673828125 0.0625
0 0.69384765625 0.3671875 0.0908203125 0.046875
0 0.697265625 0.38330078125 0.05859375 0.0595703125
0 0.626953125 0.45751953125 0.0625 0.0302734375
0 0.66552734375 0.9091796875 0.1240234375 0.0546875
0 0.6982421875 0.70654296875 0.048828125 0.0732421875
0 0.4150390625 0.3251953125 0.060546875 0.072265625
0 0.48974609375 0.26220703125 0.0693359375 0.0712890625
0 0.44140625 0.48193359375 0.03125 0.1064453125
0 0.13525390625 0.65625 0.0556640625 0.078125
0 0.39697265625 0.0654296875 0.0419921875 0.060546875
0 0.05615234375 0.685546875 0.0576171875 0.09765625
0 0.39306640625 0.41796875 0.0634765625 0.05859375
0 0.41259765625 0.76953125 0.0244140625 0.056640625
0 0.14111328125 0.02587890625 0.0712890625 0.0517578125
0 0.46630859375 0.103515625 0.0458984375 0.064453125
0 0.8291015625 0.74267578125 0.04296875 0.0654296875
0 0.0576171875 0.841796875 0.0625 0.0390625
0 0.27734375 0.83056640625 0.09375 0.0400390625
0 0.38720703125 0.2578125 0.0517578125 0.1015625
0 0.2607421875 0.53173828125 0.0859375 0.0537109375
0 0.958984375 0.39404296875 0.078125 0.0498046875
0 0.4052734375 0.52734375 0.083984375 0.041015625
0 0.048828125 0.01416015625 0.06640625 0.0283203125
0 0.017578125 0.32568359375 0.03515625 0.0361328125
0 0.22802734375 0.84521484375 0.0712890625 0.0341796875
0 0.044921875 0.115234375 0.08984375 0.0625
0 0.05810546875 0.8740234375 0.0927734375 0.037109375
0 0.35986328125 0.0322265625 0.0751953125 0.0625
0 0.49560546875 0.38134765625 0.0751953125 0.0869140625
0 0.1318359375 0.89013671875 0.072265625 0.0498046875
0 0.41845703125 0.68896484375 0.0712890625 0.0556640625
0 0.5244140625 0.16259765625 0.078125 0.0419921875
0 0.41650390625 0.63037109375 0.0439453125 0.0595703125
0 0.521484375 0.5751953125 0.107421875 0.05859375
0 0.9140625 0.1181640625 0.02734375 0.056640625
0 0.318359375 0.953125 0.064453125 0.087890625
0 0.615234375 0.4775390625 0.0546875 0.0625
0 0.41796875 0.654296875 0.05859375 0.0546875
0 0.36962890625 0.6962890625 0.0537109375 0.05859375
0 0.0283203125 0.77099609375 0.056640625 0.0732421875
0 0.9521484375 0.0556640625 0.05859375 0.052734375
0 0.64306640625 0.87890625 0.0673828125 0.0625
0 0.390625 0.48388671875 0.0703125 0.0517578125
0 0.4599609375 0.82373046875 0.052734375 0.0419921875
0 0.11474609375 0.38818359375 0.0498046875 0.0576171875
0 0.0244140625 0.03173828125 0.048828125 0.0634765625
0 0.0654296875 0.3974609375 0.0625 0.068359375
