0 0.78857421875 0.02783203125 0.0556640625 0.0556640625
0 0.87353515625 0.04296875 0.0673828125 0.05859375
0 0.93115234375 0.103515625 0.0458984375 0.048828125
0 0.65966796875 0.05224609375 0.0849609375 0.0654296875
0 0.7158203125 0.06103515625 0.03125 0.0244140625
0 0.59765625 0.01513671875 0.0546875 0.0302734375
0 0.84619140625 0.169921875 0.0615234375 0.041015625
0 0.8212890625 0.13818359375 0.044921875 0.0615234375
0 0.88818359375 0.19580078125 0.0361328125 0.0556640625
0 0.90625 0.24365234375 0.052734375 0.0458984375
0 0.82763671875 0.240234375 0.0361328125 0.052734375
0 0.873046875 0.32275390625 0.033203125 0.0458984375
0 0.83984375 0.3125 0.044921875 0.0546875
0 0.8505859375 0.44091796875 0.021484375 0.0263671875
0 0.78857421875 0.4814453125 0.0224609375 0.02734375
0 0.82666015625 0.47216796875 0.0205078125 0.0283203125
0 0.5283203125 0.0703125 0.046875 0.07421875
0 0.36669921875 0.0703125 0.0458984375 0.072265625
0 0.4130859375 0.22802734375 0.037109375 0.0419921875
0 0.43115234375 0.19970703125 0.0341796875 0.0478515625
0 0.515625 0.26123046875 0.03125 0.0361328125
0 0.4794921875 0.3779296875 0.01953125 0.021484375
0 0.5029296875 0.38427734375 0.017578125 0.0400390625
0 0.49755859375 0.4619140625 0.0302734375 0.033203125
0 0.888671875 0.4765625 0.04296875 0.046875
0 0.89990234375 0.51416015625 0.0322265625 0.0322265625
0 0.82958984375 0.51806640625 0.0302734375 0.0224609375
0 0.8955078125 0.5810546875 0.037109375 0.03515625
0 0.83203125 0.625 0.025390625 0.02734375
0 0.869140625 0.61083984375 0.029296875 0.0283203125
0 0.8037109375 0.693359375 0.01953125 0.02734375
0 0.92431640625 0.78662109375 0.0361328125 0.0283203125
0 0.86328125 0.677734375 0.04296875 0.083984375
0 0.888671875 0.7236328125 0.0546875 0.044921875
0 0.958984375 0.828125 0.041015625 0.041015625
0 0.7841796875 0.78076171875 0.0546875 0.0830078125
0 0.62841796875 0.85986328125 0.0869140625 0.0556640625
0 0.50244140625 0.90185546875 0.0419921875 0.0517578125
0 0.4814453125 0.8203125 0.03515625 0.041015625
0 0.40625 0.7470703125 0.01953125 0.048828125
0 0.47265625 0.66064453125 0.017578125 0.0244140625
0 0.40771484375 0.60107421875 0.0458984375 0.0478515625
0 0.46826171875 0.6142578125 0.0224609375 0.017578125
0 0.46826171875 0.56201171875 0.0263671875 0.0224609375
0 0.46142578125 0.47802734375 0.0205078125 0.0166015625
0 0.54345703125 0.712890625 0.0361328125 0.037109375
0 0.53515625 0.7421875 0.03515625 0.029296875
0 0.49365234375 0.7216796875 0.0263671875 0.03125
0 0.49951171875 0.69482421875 0.0224609375 0.0244140625
0 0.51025390625 0.62646484375 0.0498046875 0.0771484375
0 0.548828125 0.654296875 0.056640625 0.076171875
0 0.2646484375 0.50341796875 0.03125 0.0400390625
0 0.26025390625 0.6865234375 0.0224609375 0.02734375
0 0.24365234375 0.72802734375 0.0205078125 0.0205078125
0 0.24169921875 0.7822265625 0.0283203125 0.029296875
0 0.9765625 0.97021484375 0.044921875 0.0595703125
0 0.939453125 0.93115234375 0.05859375 0.0537109375
0 0.140625 0.0107421875 0.03515625 0.021484375
0 0.1201171875 0.02734375 0.056640625 0.0546875
0 0.13671875 0.091796875 0.05859375 0.078125
0 0.142578125 0.16552734375 0.05859375 0.0595703125
0 0.18701171875 0.130859375 0.0380859375 0.0703125
0 0.15966796875 0.271484375 0.0322265625 0.03125
0 0.2109375 0.27587890625 0.0390625 0.0400390625
0 0.15673828125 0.31201171875 0.0478515625 0.0400390625
0 0.173828125 0.35205078125 0.033203125 0.0341796875
0 0.20947265625 0.36328125 0.0361328125 0.046875
0 0.283203125 0.43408203125 0.013671875 0.0205078125
0 0.23779296875 0.41650390625 0.0283203125 0.0361328125
0 0.25634765625 0.43212890625 0.0244140625 0.0400390625
0 0.21875 0.4375 0.021484375 0.017578125
0 0.08203125 0.6767578125 0.05859375 0.076171875
0 0.115234375 0.7568359375 0.04296875 0.037109375
0 0.20361328125 0.6171875 0.0224609375 0.03515625
0 0.2314453125 0.63134765625 0.009765625 0.0166015625
0 0.208984375 0.4833984375 0.03125 0.029296875
0 0.18212890625 0.49951171875 0.0322265625 0.0361328125
0 0.21533203125 0.51171875 0.0341796875 0.03515625
0 0.23681640625 0.65576171875 0.0224609375 0.0205078125
0 0.20751953125 0.6953125 0.0341796875 0.05078125
0 0.23095703125 0.67822265625 0.0283203125 0.0302734375
0 0.158203125 0.8095703125 0.03125 0.029296875
0 0.220703125 0.81982421875 0.03125 0.0341796875
0 0.09716796875 0.8759765625 0.0556640625 0.03515625
0 0.1044921875 0.9130859375 0.046875 0.04296875
0 0.15771484375 0.919921875 0.0556640625 0.033203125
0 0.2216796875 0.85009765625 0.025390625 0.0263671875
0 0.1767578125 0.83154296875 0.03125 0.0283203125
0 0.1796875 0.85595703125 0.037109375 0.0263671875
0 0.1943359375 0.87890625 0.02734375 0.03125
0 0.21875 0.8818359375 0.025390625 0.029296875
0 0.2587890625 0.8681640625 0.029296875 0.033203125
0 0.1552734375 0.97021484375 0.0390625 0.0361328125
0 0.2236328125 0.9892578125 0.041015625 0.021484375
0 0.53564453125 0.96044921875 0.0185546875 0.0185546875
0 0.79833984375 0.49609375 0.0283203125 0.021484375
