0 0.09228515625 0.1875 0.0810546875 0.052734375
0 0.4423828125 0.83984375 0.0703125 0.0625
0 0.02880859375 0.51318359375 0.0576171875 0.0966796875
0 0.89892578125 0.921875 0.0458984375 0.0546875
0 0.92578125 0.39501953125 0.05859375 0.0478515625
0 0.94921875 0.44970703125 0.046875 0.0693359375
0 0.373046875 0.037109375 0.056640625 0.04296875
0 0.65087890625 0.41650390625 0.0498046875 0.0654296875
0 0.44873046875 0.48046875 0.0732421875 0.1171875
0 0.4951171875 0.73046875 0.064453125 0.0546875
0 0.76171875 0.927734375 0.0546875 0.083984375
0 0.40234375 0.3505859375 0.044921875 0.048828125
0 0.7080078125 0.921875 0.052734375 0.068359375
0 0.82470703125 0.8662109375 0.0556640625 0.068359375
0 0.75634765625 0.02490234375 0.0556640625 0.0498046875
0 0.15478515625 0.03759765625 0.0654296875 0.0751953125
0 0.15869140625 0.34033203125 0.0712890625 0.0498046875
0 0.70166015625 0.470703125 0.0966796875 0.09375
0 0.02392578125 0.96923828125 0.0478515625 0.0615234375
0 0.13232421875 0.748046875 0.0986328125 0.064453125
0 0.2666015625 0.92919921875 0.076171875 0.0419921875
0 0.86279296875 0.20751953125 0.1123046875 0.0712890625
0 0.0947265625 0.830078125 0.076171875 0.083984375
0 0.97607421875 0.5947265625 0.0478515625 0.080078125
0 0.978515625 0.70068359375 0.04296875 0.0869140625
0 0.822265625 0.455078125 0.08203125 0.1171875
0 0.04345703125 0.81201171875 0.0791015625 0.0537109375
0 0.86181640625 0.04931640625 0.1162109375 0.0830078125
0 0.72314453125 0.8408203125 0.0654296875 0.078125
0 0.61279296875 0.3173828125 0.0810546875 0.064453125
0 0.982421875 0.86279296875 0.03515625 0.0947265625
0 0.759765625 0.06982421875 0.080078125 0.0908203125
0 0.0849609375 0.958984375 0.060546875 0.08203125
0 0.076171875 0.54052734375 0.056640625 0.1201171875
0 0.1982421875 0.888671875 0.0546875 0.04296875
0 0.65234375 0.90478515625 0.048828125 0.0654296875
0 0.0341796875 0.310546875 0.068359375 0.087890625
0 0.720703125 0.19873046875 0.08984375 0.0673828125
0 0.69140625 0.38525390625 0.08203125 0.0908203125
0 0.56396484375 0.77490234375 0.0771484375 0.0556640625
0 0.4326171875 0.91162109375 0.0703125 0.0595703125
0 0.4990234375 0.32470703125 0.05859375 0.0634765625
0 0.943359375 0.07421875 0.091796875 0.0859375
0 0.56201171875 0.7509765625 0.0615234375 0.046875
0 0.12890625 0.95166015625 0.046875 0.0576171875
0 0.47998046875 0.04541015625 0.0654296875 0.0478515625
0 0.96923828125 0.95947265625 0.0595703125 0.0810546875
0 0.38427734375 0.33740234375 0.0419921875 0.0576171875
