0 0.17919921875 0.806640625 0.1259765625 0.171875
0 0.07275390625 0.7197265625 0.1220703125 0.033203125
0 0.3740234375 0.7978515625 0.14453125 0.0625
0 0.40478515625 0.72314453125 0.0673828125 0.0556640625
0 0.37109375 0.92724609375 0.05859375 0.1005859375
0 0.16064453125 0.9619140625 0.1240234375 0.046875
0 0.66552734375 0.9521484375 0.0908203125 0.05078125
0 0.68994140625 0.7998046875 0.0576171875 0.05859375
0 0.626953125 0.74853515625 0.048828125 0.0517578125
0 0.71630859375 0.68505859375 0.0966796875 0.1064453125
0 0.6982421875 0.59326171875 0.109375 0.0615234375
0 0.40283203125 0.63671875 0.1064453125 0.056640625
0 0.55126953125 0.60302734375 0.0908203125 0.0615234375
0 0.48974609375 0.59033203125 0.0478515625 0.0478515625
0 0.291015625 0.55908203125 0.1015625 0.0673828125
0 0.630859375 0.48681640625 0.1484375 0.1123046875
0 0.43310546875 0.2763671875 0.0458984375 0.177734375
0 0.08544921875 0.59326171875 0.0693359375 0.0498046875
0 0.1220703125 0.50927734375 0.0390625 0.1181640625
0 0.04296875 0.48779296875 0.06640625 0.0712890625
0 0.08154296875 0.1982421875 0.0419921875 0.056640625
0 0.23779296875 0.04541015625 0.0615234375 0.0908203125
0 0.58251953125 0.16552734375 0.0634765625 0.1455078125
0 0.58447265625 0.25732421875 0.0830078125 0.1318359375
0 0.85302734375 0.23974609375 0.0673828125 0.0888671875
0 0.97412109375 0.38623046875 0.0322265625 0.0810546875
0 0.96533203125 0.77587890625 0.0498046875 0.1103515625
0 0.96533203125 0.67431640625 0.0498046875 0.0419921875
0 0.88134765625 0.65380859375 0.0595703125 0.0751953125
0 0.9609375 0.509765625 0.044921875 0.154296875
0 0.88623046875 0.0185546875 0.0810546875 0.037109375
0 0.25244140625 0.3681640625 0.0439453125 0.048828125
0 0.3837890625 0.32763671875 0.064453125 0.0517578125
0 0.27490234375 0.26318359375 0.0498046875 0.0380859375
0 0.26318359375 0.2177734375 0.0419921875 0.044921875
0 0.80712890625 0.90478515625 0.0537109375 0.0908203125
0 0.1142578125 0.224609375 0.03125 0.04296875
0 0.97607421875 0.60009765625 0.0283203125 0.0361328125
0 0.9580078125 0.7060546875 0.03125 0.025390625
0 0.0576171875 0.9638671875 0.048828125 0.046875
0 0.52001953125 0.26416015625 0.1044921875 0.0322265625
0 0.09521484375 0.31689453125 0.0888671875 0.0576171875
0 0.07275390625 0.83154296875 0.0595703125 0.0517578125
0 0.125 0.783203125 0.056640625 0.044921875
0 0.82568359375 0.7158203125 0.0556640625 0.052734375
0 0.75537109375 0.60498046875 0.0419921875 0.0732421875
