0 0.30126953125 0.58642578125 0.0712890625 0.0654296875
0 0.41162109375 0.71533203125 0.0634765625 0.0791015625
0 0.7578125 0.6748046875 0.09765625 0.130859375
0 0.11767578125 0.74658203125 0.0810546875 0.0888671875
0 0.54296875 0.73095703125 0.14453125 0.1513671875
0 0.876953125 0.08349609375 0.1015625 0.1123046875
0 0.05810546875 0.61181640625 0.1162109375 0.0810546875
0 0.1279296875 0.232421875 0.162109375 0.126953125
0 0.09619140625 0.02880859375 0.0712890625 0.0556640625
0 0.099609375 0.1884765625 0.07421875 0.06640625
0 0.54833984375 0.05615234375 0.1552734375 0.0791015625
0 0.58740234375 0.89306640625 0.1552734375 0.1337890625
0 0.6865234375 0.7275390625 0.068359375 0.091796875
0 0.189453125 0.6064453125 0.09765625 0.09765625
0 0.4072265625 0.4462890625 0.064453125 0.078125
0 0.20458984375 0.83642578125 0.0927734375 0.1630859375
0 0.97607421875 0.5078125 0.0478515625 0.09375
0 0.53173828125 0.314453125 0.1396484375 0.068359375
0 0.4677734375 0.599609375 0.142578125 0.0703125
0 0.5732421875 0.35693359375 0.0859375 0.0810546875
0 0.1552734375 0.09619140625 0.09375 0.0849609375
0 0.943359375 0.93212890625 0.09765625 0.1357421875
0 0.78857421875 0.53271484375 0.1103515625 0.1162109375
0 0.13330078125 0.470703125 0.0615234375 0.091796875
0 0.0400390625 0.07958984375 0.080078125 0.0478515625
0 0.47900390625 0.13232421875 0.0771484375 0.0771484375
0 0.28271484375 0.23681640625 0.1611328125 0.1474609375
0 0.5048828125 0.4931640625 0.0703125 0.060546875
0 0.24755859375 0.4921875 0.0693359375 0.09375
0 0.3974609375 0.18505859375 0.05859375 0.0732421875
0 0.46826171875 0.22607421875 0.0478515625 0.1103515625
0 0.35302734375 0.06640625 0.0908203125 0.06640625
0 0.3740234375 0.84716796875 0.099609375 0.1162109375
0 0.24755859375 0.75390625 0.0791015625 0.1015625
0 0.310546875 0.12109375 0.080078125 0.064453125
