0 0.02880859375 0.79052734375 0.0537109375 0.0498046875
0 0.85498046875 0.88427734375 0.0888671875 0.0947265625
0 0.31982421875 0.94384765625 0.0615234375 0.0810546875
0 0.77880859375 0.92822265625 0.1103515625 0.1005859375
0 0.1435546875 0.7294921875 0.125 0.0625
0 0.2646484375 0.2373046875 0.076171875 0.052734375
0 0.2236328125 0.43701171875 0.078125 0.0576171875
0 0.7529296875 0.75390625 0.056640625 0.052734375
0 0.97412109375 0.41455078125 0.0439453125 0.0537109375
0 0.67138671875 0.97119140625 0.0615234375 0.0556640625
0 0.4375 0.4462890625 0.05078125 0.109375
0 0.94677734375 0.17138671875 0.0615234375 0.0498046875
0 0.55712890625 0.8818359375 0.0830078125 0.08984375
0 0.36474609375 0.90283203125 0.0458984375 0.0576171875
0 0.66064453125 0.91015625 0.0849609375 0.06640625
0 0.76708984375 0.84228515625 0.0654296875 0.0712890625
0 0.80126953125 0.46044921875 0.1083984375 0.0712890625
0 0.47216796875 0.27197265625 0.1240234375 0.0771484375
0 0.6650390625 0.3837890625 0.099609375 0.080078125
0 0.35546875 0.40625 0.056640625 0.076171875
0 0.6298828125 0.658203125 0.068359375 0.0859375
0 0.880859375 0.55908203125 0.052734375 0.0712890625
0 0.88818359375 0.6826171875 0.1943359375 0.154296875
0 0.22998046875 0.52001953125 0.0576171875 0.0654296875
0 0.43701171875 0.259765625 0.0595703125 0.044921875
0 0.525390625 0.14794921875 0.095703125 0.0537109375
0 0.41015625 0.72509765625 0.05859375 0.1416015625
0 0.21337890625 0.93310546875 0.0810546875 0.0908203125
0 0.271484375 0.91552734375 0.056640625 0.0732421875
0 0.03759765625 0.34228515625 0.0751953125 0.0498046875
0 0.66455078125 0.2109375 0.0556640625 0.060546875
0 0.4873046875 0.92724609375 0.068359375 0.0888671875
0 0.8681640625 0.0341796875 0.123046875 0.068359375
0 0.97314453125 0.29150390625 0.0537109375 0.0537109375
0 0.962890625 0.65283203125 0.07421875 0.0791015625
0 0.21630859375 0.7998046875 0.1005859375 0.05859375
0 0.0693359375 0.5400390625 0.126953125 0.15234375
0 0.767578125 0.53662109375 0.080078125 0.0751953125
0 0.9541015625 0.55615234375 0.091796875 0.0791015625
0 0.47802734375 0.3916015625 0.0654296875 0.130859375
0 0.04248046875 0.72216796875 0.0751953125 0.0419921875
0 0.29052734375 0.66796875 0.1689453125 0.158203125
0 0.634765625 0.82373046875 0.044921875 0.0341796875
0 0.6650390625 0.529296875 0.0625 0.1015625
0 0.66455078125 0.86572265625 0.0771484375 0.0419921875
0 0.58251953125 0.279296875 0.0908203125 0.0546875
0 0.55078125 0.390625 0.078125 0.0625
0 0.78564453125 0.71337890625 0.0888671875 0.0458984375
