0 0.82470703125 0.10400390625 0.1044921875 0.0634765625
0 0.2880859375 0.083984375 0.087890625 0.111328125
0 0.2744140625 0.6484375 0.083984375 0.0703125
0 0.2626953125 0.29931640625 0.095703125 0.1083984375
0 0.2724609375 0.34033203125 0.107421875 0.1083984375
0 0.56298828125 0.572265625 0.1337890625 0.07421875
0 0.3193359375 0.693359375 0.064453125 0.083984375
0 0.20263671875 0.03564453125 0.1005859375 0.0712890625
0 0.56298828125 0.478515625 0.1376953125 0.0625
0 0.02099609375 0.609375 0.0419921875 0.095703125
0 0.55078125 0.81982421875 0.099609375 0.0517578125
0 0.06103515625 0.33740234375 0.1220703125 0.1240234375
0 0.47265625 0.90380859375 0.13671875 0.0751953125
0 0.95166015625 0.4990234375 0.0966796875 0.064453125
0 0.69677734375 0.9638671875 0.1591796875 0.060546875
0 0.86083984375 0.38037109375 0.1162109375 0.0869140625
0 0.6005859375 0.70068359375 0.173828125 0.0947265625
0 0.59619140625 0.31689453125 0.1904296875 0.0751953125
0 0.22216796875 0.45654296875 0.0751953125 0.0908203125
0 0.34326171875 0.970703125 0.0654296875 0.05859375
0 0.7021484375 0.3447265625 0.138671875 0.107421875
0 0.03369140625 0.6923828125 0.0673828125 0.08984375
0 0.88623046875 0.27880859375 0.0810546875 0.0986328125
0 0.9404296875 0.60791015625 0.119140625 0.0595703125
0 0.35107421875 0.36083984375 0.1630859375 0.0595703125
0 0.603515625 0.22119140625 0.177734375 0.0712890625
0 0.77294921875 0.90771484375 0.1259765625 0.0576171875
0 0.36328125 0.3232421875 0.07421875 0.037109375
0 0.74609375 0.79931640625 0.1328125 0.0654296875
0 0.3466796875 0.19970703125 0.068359375 0.1142578125
0 0.53857421875 0.40380859375 0.1923828125 0.0869140625
0 0.37353515625 0.24755859375 0.0654296875 0.0869140625
0 0.4814453125 0.54736328125 0.193359375 0.1142578125
0 0.31103515625 0.4111328125 0.1083984375 0.0546875
0 0.49658203125 0.82568359375 0.1279296875 0.0595703125
0 0.21630859375 0.10791015625 0.0654296875 0.1767578125
0 0.03076171875 0.451171875 0.0615234375 0.09375
