0 0.80712890625 0.2451171875 0.0556640625 0.048828125
0 0.95166015625 0.693359375 0.0673828125 0.107421875
0 0.3251953125 0.810546875 0.037109375 0.02734375
0 0.0419921875 0.2109375 0.076171875 0.05859375
0 0.32861328125 0.68505859375 0.0556640625 0.0498046875
0 0.94873046875 0.89501953125 0.0419921875 0.0556640625
0 0.341796875 0.8857421875 0.044921875 0.037109375
0 0.1982421875 0.685546875 0.072265625 0.056640625
0 0.4189453125 0.65869140625 0.048828125 0.0791015625
0 0.35693359375 0.04150390625 0.0537109375 0.0810546875
0 0.71142578125 0.15087890625 0.0419921875 0.0595703125
0 0.9599609375 0.36328125 0.041015625 0.0390625
0 0.6494140625 0.669921875 0.0859375 0.060546875
0 0.1640625 0.75634765625 0.056640625 0.0537109375
0 0.63134765625 0.708984375 0.0380859375 0.0390625
0 0.84228515625 0.19580078125 0.0576171875 0.0537109375
0 0.30810546875 0.189453125 0.0751953125 0.078125
0 0.4794921875 0.70263671875 0.041015625 0.0810546875
0 0.4521484375 0.52490234375 0.13671875 0.0654296875
0 0.814453125 0.29052734375 0.021484375 0.0400390625
0 0.74609375 0.10595703125 0.03125 0.0458984375
0 0.091796875 0.123046875 0.060546875 0.0625
0 0.4208984375 0.76904296875 0.05078125 0.0537109375
0 0.919921875 0.099609375 0.0546875 0.048828125
0 0.80029296875 0.77392578125 0.0810546875 0.0458984375
0 0.9013671875 0.88232421875 0.0390625 0.0361328125
0 0.9638671875 0.05029296875 0.072265625 0.0732421875
0 0.55712890625 0.71826171875 0.0517578125 0.0693359375
0 0.7001953125 0.876953125 0.048828125 0.05078125
0 0.8466796875 0.1171875 0.037109375 0.05859375
0 0.974609375 0.74951171875 0.044921875 0.0419921875
0 0.54638671875 0.2841796875 0.0400390625 0.048828125
0 0.2958984375 0.7568359375 0.09765625 0.060546875
0 0.9189453125 0.224609375 0.037109375 0.029296875
0 0.0986328125 0.6845703125 0.06640625 0.04296875
0 0.14111328125 0.70654296875 0.0439453125 0.0380859375
0 0.58740234375 0.08056640625 0.0537109375 0.0908203125
0 0.82666015625 0.0654296875 0.0439453125 0.05078125
0 0.037109375 0.6435546875 0.07421875 0.048828125
0 0.4453125 0.6357421875 0.046875 0.044921875
0 0.41162109375 0.7421875 0.0341796875 0.03125
0 0.708984375 0.716796875 0.052734375 0.04296875
0 0.31689453125 0.05810546875 0.0498046875 0.0439453125
0 0.5009765625 0.15625 0.0859375 0.046875
0 0.0302734375 0.85400390625 0.060546875 0.0478515625
0 0.49072265625 0.78076171875 0.0615234375 0.0654296875
0 0.12255859375 0.1650390625 0.0380859375 0.052734375
0 0.21728515625 0.29541015625 0.0400390625 0.0478515625
0 0.5048828125 0.26171875 0.04296875 0.04296875
0 0.8017578125 0.86181640625 0.046875 0.0517578125
0 0.66162109375 0.25390625 0.1416015625 0.09375
0 0.87548828125 0.2646484375 0.0595703125 0.044921875
0 0.59326171875 0.90380859375 0.0693359375 0.0654296875
0 0.5185546875 0.82568359375 0.04296875 0.0400390625
0 0.65478515625 0.8701171875 0.0927734375 0.08984375
0 0.4248046875 0.10791015625 0.0625 0.0498046875
