0 0.22509765625 0.79248046875 0.0888671875 0.0869140625
0 0.546875 0.2353515625 0.08984375 0.140625
0 0.64208984375 0.14501953125 0.1142578125 0.1044921875
0 0.1025390625 0.07373046875 0.052734375 0.0478515625
0 0.56494140625 0.533203125 0.0732421875 0.09375
0 0.41357421875 0.95068359375 0.0908203125 0.0986328125
0 0.22216796875 0.15966796875 0.0810546875 0.0751953125
0 0.3994140625 0.48095703125 0.0625 0.0712890625
0 0.7216796875 0.908203125 0.125 0.1328125
0 0.95947265625 0.5703125 0.0791015625 0.087890625
0 0.29931640625 0.94775390625 0.0732421875 0.0771484375
0 0.72998046875 0.32373046875 0.0654296875 0.0751953125
0 0.50048828125 0.42626953125 0.0869140625 0.0888671875
0 0.05859375 0.7939453125 0.1171875 0.080078125
0 0.08740234375 0.51708984375 0.0888671875 0.0771484375
0 0.94287109375 0.01806640625 0.0673828125 0.0361328125
0 0.123046875 0.97216796875 0.103515625 0.0556640625
0 0.76611328125 0.1630859375 0.0751953125 0.0546875
0 0.94482421875 0.1611328125 0.1103515625 0.107421875
0 0.9521484375 0.3408203125 0.08203125 0.08984375
0 0.96337890625 0.9755859375 0.0732421875 0.048828125
0 0.43896484375 0.07275390625 0.0712890625 0.1044921875
0 0.10546875 0.67236328125 0.083984375 0.0693359375
0 0.25927734375 0.44873046875 0.0712890625 0.1142578125
0 0.33984375 0.6708984375 0.083984375 0.091796875
0 0.0966796875 0.1572265625 0.08984375 0.0703125
0 0.25634765625 0.27197265625 0.1669921875 0.0595703125
