0 0.57421875 0.4296875 0.052734375 0.072265625
0 0.02734375 0.1171875 0.0546875 0.04296875
0 0.68603515625 0.70166015625 0.0478515625 0.0439453125
0 0.93798828125 0.033203125 0.1044921875 0.06640625
0 0.791015625 0.20654296875 0.1171875 0.0478515625
0 0.6005859375 0.9658203125 0.048828125 0.068359375
0 0.484375 0.42578125 0.064453125 0.04296875
0 0.6845703125 0.32666015625 0.064453125 0.0732421875
0 0.56591796875 0.14697265625 0.1474609375 0.0498046875
0 0.46923828125 0.20947265625 0.0771484375 0.0517578125
0 0.73828125 0.45458984375 0.078125 0.0537109375
0 0.87109375 0.03564453125 0.083984375 0.0712890625
0 0.5478515625 0.107421875 0.068359375 0.048828125
0 0.642578125 0.27294921875 0.072265625 0.0634765625
0 0.84814453125 0.201171875 0.1279296875 0.123046875
0 0.5986328125 0.6767578125 0.060546875 0.0546875
