0 0.822265625 0.78271484375 0.076171875 0.0869140625
0 0.6923828125 0.79150390625 0.068359375 0.0888671875
0 0.58642578125 0.73486328125 0.1005859375 0.0498046875
0 0.28564453125 0.9130859375 0.1220703125 0.0703125
0 0.26806640625 0.8076171875 0.0712890625 0.111328125
0 0.427734375 0.939453125 0.0703125 0.064453125
0 0.427734375 0.8232421875 0.0625 0.044921875
0 0.458984375 0.86279296875 0.05859375 0.0888671875
0 0.88330078125 0.6806640625 0.0615234375 0.0390625
0 0.71142578125 0.5693359375 0.0791015625 0.041015625
0 0.54833984375 0.568359375 0.1044921875 0.04296875
0 0.62841796875 0.5517578125 0.0517578125 0.041015625
0 0.36474609375 0.65234375 0.0361328125 0.052734375
0 0.462890625 0.568359375 0.0546875 0.0390625
0 0.38134765625 0.544921875 0.0693359375 0.0390625
0 0.46142578125 0.48583984375 0.0986328125 0.0908203125
0 0.447265625 0.37255859375 0.05859375 0.0458984375
0 0.1943359375 0.59765625 0.044921875 0.05078125
0 0.10986328125 0.48681640625 0.0498046875 0.0927734375
0 0.22509765625 0.46044921875 0.0595703125 0.0908203125
0 0.16015625 0.54296875 0.05859375 0.05078125
0 0.091796875 0.7939453125 0.052734375 0.033203125
0 0.1025390625 0.71240234375 0.04296875 0.0791015625
0 0.12255859375 0.818359375 0.0478515625 0.05859375
0 0.0693359375 0.19140625 0.05078125 0.068359375
0 0.11767578125 0.26025390625 0.0654296875 0.0458984375
0 0.15283203125 0.296875 0.0537109375 0.03125
0 0.171875 0.078125 0.0546875 0.05859375
0 0.029296875 0.06640625 0.048828125 0.0390625
0 0.26416015625 0.177734375 0.0908203125 0.048828125
0 0.333984375 0.23486328125 0.076171875 0.0537109375
0 0.40380859375 0.24169921875 0.0673828125 0.0673828125
0 0.59521484375 0.22314453125 0.0751953125 0.0537109375
0 0.6982421875 0.22998046875 0.091796875 0.0595703125
0 0.63623046875 0.14404296875 0.0712890625 0.0654296875
0 0.7109375 0.09814453125 0.03515625 0.0791015625
0 0.34130859375 0.2958984375 0.0986328125 0.044921875
0 0.35498046875 0.10498046875 0.0908203125 0.0458984375
0 0.47607421875 0.10791015625 0.0732421875 0.1142578125
0 0.52392578125 0.1650390625 0.0673828125 0.046875
0 0.51416015625 0.11572265625 0.0439453125 0.0400390625
0 0.26611328125 0.0732421875 0.0595703125 0.052734375
0 0.77783203125 0.50537109375 0.0673828125 0.0400390625
0 0.7021484375 0.0888671875 0.025390625 0.048828125
0 0.51953125 0.03515625 0.033203125 0.0234375
0 0.44140625 0.11865234375 0.046875 0.0654296875
0 0.86279296875 0.76318359375 0.0908203125 0.0869140625
0 0.283203125 0.6708984375 0.056640625 0.04296875
0 0.49560546875 0.73095703125 0.0693359375 0.0771484375
0 0.2255859375 0.08203125 0.033203125 0.03125
0 0.650390625 0.5673828125 0.02734375 0.025390625
0 0.2177734375 0.75537109375 0.044921875 0.0361328125
0 0.0361328125 0.22509765625 0.0625 0.0537109375
0 0.38037109375 0.802734375 0.0673828125 0.03515625
0 0.60302734375 0.8408203125 0.0595703125 0.056640625
0 0.59619140625 0.9560546875 0.0615234375 0.04296875
0 0.3359375 0.36474609375 0.060546875 0.0419921875
0 0.04296875 0.4501953125 0.041015625 0.0390625
0 0.9150390625 0.07421875 0.048828125 0.0234375
0 0.89990234375 0.3017578125 0.0791015625 0.033203125
0 0.8310546875 0.6806640625 0.04296875 0.0390625
0 0.7998046875 0.59765625 0.07421875 0.046875
0 0.4677734375 0.177734375 0.060546875 0.064453125
0 0.89697265625 0.32421875 0.0810546875 0.0234375
0 0.8134765625 0.7060546875 0.0390625 0.03515625
0 0.173828125 0.5927734375 0.03515625 0.037109375
