0 0.58984375 0.623046875 0.12890625 0.07421875
0 0.70947265625 0.84423828125 0.1220703125 0.1845703125
0 0.8896484375 0.25732421875 0.091796875 0.1220703125
0 0.68994140625 0.15625 0.1298828125 0.12109375
0 0.5419921875 0.2412109375 0.076171875 0.05859375
0 0.60400390625 0.17041015625 0.0830078125 0.1181640625
0 0.56689453125 0.12451171875 0.1376953125 0.1767578125
0 0.8544921875 0.2197265625 0.115234375 0.111328125
0 0.951171875 0.24072265625 0.0703125 0.2236328125
0 0.30322265625 0.12109375 0.0439453125 0.060546875
0 0.4716796875 0.3203125 0.17578125 0.0859375
0 0.3857421875 0.306640625 0.111328125 0.1328125
0 0.37744140625 0.392578125 0.1806640625 0.05859375
0 0.42236328125 0.4580078125 0.1572265625 0.0546875
0 0.22265625 0.453125 0.169921875 0.046875
0 0.6376953125 0.513671875 0.072265625 0.1953125
0 0.4912109375 0.685546875 0.044921875 0.05859375
0 0.65966796875 0.689453125 0.0595703125 0.09765625
0 0.65234375 0.78125 0.0625 0.09765625
0 0.412109375 0.57373046875 0.064453125 0.1845703125
0 0.1552734375 0.58203125 0.150390625 0.05078125
0 0.25390625 0.580078125 0.052734375 0.0390625
0 0.2158203125 0.6455078125 0.119140625 0.103515625
0 0.03369140625 0.5224609375 0.0673828125 0.185546875
0 0.025390625 0.30712890625 0.05078125 0.0634765625
0 0.869140625 0.46875 0.1015625 0.0703125
0 0.8759765625 0.525390625 0.134765625 0.05078125
0 0.68115234375 0.658203125 0.0712890625 0.158203125
0 0.83251953125 0.40380859375 0.1845703125 0.0869140625
0 0.9091796875 0.40576171875 0.142578125 0.1689453125
0 0.9296875 0.046875 0.12890625 0.09375
0 0.822265625 0.06103515625 0.1328125 0.0556640625
0 0.94384765625 0.076171875 0.0400390625 0.0703125
0 0.1123046875 0.04248046875 0.048828125 0.0673828125
0 0.23876953125 0.07421875 0.2197265625 0.05859375
0 0.17236328125 0.20263671875 0.1103515625 0.2236328125
0 0.84814453125 0.5830078125 0.2001953125 0.119140625
0 0.9052734375 0.76953125 0.05859375 0.21484375
0 0.65234375 0.86669921875 0.265625 0.0751953125
0 0.912109375 0.8828125 0.173828125 0.068359375
0 0.876953125 0.81640625 0.244140625 0.078125
0 0.900390625 0.94384765625 0.19921875 0.0751953125
0 0.95263671875 0.951171875 0.0673828125 0.095703125
0 0.64501953125 0.955078125 0.0556640625 0.087890625
0 0.43994140625 0.869140625 0.0986328125 0.0546875
0 0.1923828125 0.53515625 0.201171875 0.06640625
0 0.814453125 0.98486328125 0.0625 0.0283203125
0 0.513671875 0.935546875 0.23046875 0.126953125
0 0.423828125 0.93212890625 0.171875 0.1337890625
0 0.263671875 0.8408203125 0.0625 0.232421875
0 0.1982421875 0.935546875 0.08984375 0.12890625
0 0.22265625 0.912109375 0.029296875 0.041015625
0 0.201171875 0.86279296875 0.0625 0.0439453125
0 0.0234375 0.978515625 0.046875 0.041015625
0 0.04931640625 0.8564453125 0.0986328125 0.173828125
0 0.1181640625 0.81884765625 0.173828125 0.0947265625
