0 0.7333984375 0.24072265625 0.1171875 0.0732421875
0 0.81494140625 0.2294921875 0.1201171875 0.05078125
0 0.20458984375 0.04833984375 0.1142578125 0.0771484375
0 0.1044921875 0.1044921875 0.0703125 0.060546875
0 0.06103515625 0.14990234375 0.1220703125 0.0849609375
0 0.09130859375 0.06298828125 0.1162109375 0.0615234375
0 0.9599609375 0.283203125 0.080078125 0.052734375
0 0.970703125 0.23486328125 0.0546875 0.0556640625
0 0.193359375 0.22509765625 0.15234375 0.0673828125
0 0.96044921875 0.125 0.0791015625 0.052734375
0 0.8447265625 0.41064453125 0.119140625 0.0556640625
0 0.9755859375 0.0322265625 0.048828125 0.046875
0 0.78271484375 0.3623046875 0.1552734375 0.0625
0 0.91455078125 0.03173828125 0.1279296875 0.0634765625
0 0.84521484375 0.2958984375 0.1103515625 0.0546875
0 0.23291015625 0.12255859375 0.1220703125 0.0712890625
