0 0.8642578125 0.2255859375 0.07421875 0.04296875
0 0.23779296875 0.3203125 0.0712890625 0.060546875
0 0.189453125 0.2802734375 0.091796875 0.060546875
0 0.10888671875 0.12646484375 0.0439453125 0.0478515625
0 0.08642578125 0.05078125 0.0517578125 0.076171875
0 0.06640625 0.46533203125 0.048828125 0.0556640625
0 0.1376953125 0.466796875 0.05078125 0.080078125
0 0.126953125 0.39306640625 0.05859375 0.0537109375
0 0.49951171875 0.42578125 0.0615234375 0.091796875
0 0.43505859375 0.63330078125 0.1201171875 0.0810546875
0 0.56787109375 0.66845703125 0.0595703125 0.0400390625
0 0.47216796875 0.87841796875 0.0791015625 0.0849609375
0 0.53125 0.79296875 0.076171875 0.060546875
0 0.62255859375 0.802734375 0.0908203125 0.078125
0 0.88720703125 0.7568359375 0.0380859375 0.060546875
0 0.94287109375 0.7646484375 0.0595703125 0.08984375
0 0.9619140625 0.4853515625 0.064453125 0.048828125
0 0.88623046875 0.61865234375 0.0400390625 0.0576171875
0 0.95166015625 0.39794921875 0.0634765625 0.0634765625
0 0.8544921875 0.38916015625 0.037109375 0.0634765625
0 0.72314453125 0.400390625 0.0517578125 0.0546875
0 0.20849609375 0.55517578125 0.0498046875 0.0556640625
0 0.146484375 0.88427734375 0.076171875 0.0771484375
0 0.39697265625 0.74169921875 0.0361328125 0.0498046875
0 0.73046875 0.7470703125 0.044921875 0.046875
0 0.701171875 0.7724609375 0.052734375 0.046875
0 0.638671875 0.59375 0.0703125 0.05078125
0 0.64453125 0.63623046875 0.072265625 0.0517578125
0 0.65087890625 0.5498046875 0.0380859375 0.037109375
0 0.55712890625 0.59130859375 0.0615234375 0.0458984375
0 0.7197265625 0.19140625 0.068359375 0.060546875
0 0.72314453125 0.23681640625 0.0341796875 0.0322265625
0 0.79931640625 0.05908203125 0.0537109375 0.0947265625
0 0.75 0.08935546875 0.087890625 0.1318359375
0 0.3818359375 0.1025390625 0.056640625 0.080078125
0 0.43017578125 0.11083984375 0.0791015625 0.0771484375
0 0.56884765625 0.3701171875 0.1044921875 0.046875
0 0.6005859375 0.41650390625 0.041015625 0.0517578125
0 0.12646484375 0.72802734375 0.0712890625 0.0615234375
0 0.703125 0.6982421875 0.05859375 0.048828125
0 0.81591796875 0.66357421875 0.0537109375 0.0400390625
0 0.31298828125 0.5400390625 0.0498046875 0.04296875
0 0.31005859375 0.66162109375 0.0361328125 0.0361328125
0 0.26416015625 0.59521484375 0.0576171875 0.0478515625
0 0.74755859375 0.77001953125 0.0439453125 0.0498046875
0 0.2392578125 0.29345703125 0.041015625 0.0302734375
0 0.171875 0.23583984375 0.033203125 0.0556640625
0 0.1220703125 0.19677734375 0.05859375 0.0576171875
0 0.17333984375 0.021484375 0.0341796875 0.017578125
0 0.12548828125 0.14208984375 0.0400390625 0.0439453125
0 0.7978515625 0.115234375 0.025390625 0.025390625
0 0.578125 0.3369140625 0.0390625 0.021484375
0 0.68701171875 0.169921875 0.0205078125 0.025390625
