0 0.90576171875 0.6259765625 0.0732421875 0.08203125
0 0.10693359375 0.8994140625 0.0712890625 0.068359375
0 0.4306640625 0.44873046875 0.056640625 0.0654296875
0 0.8095703125 0.6640625 0.056640625 0.064453125
0 0.73095703125 0.041015625 0.0537109375 0.0390625
0 0.03466796875 0.86572265625 0.0693359375 0.1162109375
0 0.130859375 0.20166015625 0.107421875 0.0751953125
0 0.54443359375 0.72802734375 0.0498046875 0.0634765625
0 0.4111328125 0.93212890625 0.0625 0.0693359375
0 0.87158203125 0.4375 0.0654296875 0.083984375
0 0.96484375 0.51953125 0.0703125 0.080078125
0 0.83056640625 0.14501953125 0.0791015625 0.0615234375
0 0.9658203125 0.3896484375 0.068359375 0.080078125
0 0.45068359375 0.96484375 0.0517578125 0.056640625
0 0.05615234375 0.2158203125 0.0888671875 0.052734375
0 0.43017578125 0.76123046875 0.0712890625 0.0869140625
0 0.18310546875 0.771484375 0.0576171875 0.060546875
0 0.251953125 0.39697265625 0.05859375 0.0673828125
0 0.52197265625 0.83935546875 0.0693359375 0.0595703125
0 0.966796875 0.14697265625 0.0546875 0.0556640625
0 0.6767578125 0.646484375 0.05078125 0.0703125
0 0.3388671875 0.7861328125 0.080078125 0.0546875
0 0.4765625 0.55712890625 0.068359375 0.0869140625
0 0.71240234375 0.8125 0.0556640625 0.056640625
0 0.26708984375 0.94677734375 0.0654296875 0.0888671875
0 0.25390625 0.30224609375 0.064453125 0.0791015625
0 0.3017578125 0.48193359375 0.052734375 0.0478515625
0 0.7919921875 0.8505859375 0.05078125 0.08203125
0 0.8583984375 0.2109375 0.103515625 0.0625
0 0.94873046875 0.94970703125 0.0712890625 0.0498046875
0 0.35302734375 0.35205078125 0.0927734375 0.1044921875
0 0.3408203125 0.71337890625 0.068359375 0.0673828125
0 0.23828125 0.818359375 0.078125 0.11328125
0 0.45556640625 0.02490234375 0.0830078125 0.0498046875
0 0.17333984375 0.3330078125 0.1123046875 0.0625
0 0.3447265625 0.18408203125 0.064453125 0.1044921875
0 0.95556640625 0.59521484375 0.0732421875 0.0576171875
0 0.02734375 0.33203125 0.05078125 0.056640625
0 0.88525390625 0.7373046875 0.0712890625 0.052734375
