0 0.84033203125 0.9677734375 0.0908203125 0.05859375
0 0.2041015625 0.7763671875 0.107421875 0.126953125
0 0.26416015625 0.515625 0.0595703125 0.15234375
0 0.435546875 0.08984375 0.13671875 0.1640625
0 0.6025390625 0.08447265625 0.080078125 0.0576171875
0 0.48388671875 0.9248046875 0.0595703125 0.060546875
0 0.88330078125 0.224609375 0.0478515625 0.07421875
0 0.66796875 0.15576171875 0.068359375 0.0712890625
0 0.02392578125 0.171875 0.0478515625 0.0546875
0 0.130859375 0.38134765625 0.056640625 0.1416015625
0 0.14892578125 0.92529296875 0.1669921875 0.1162109375
0 0.8505859375 0.9130859375 0.05859375 0.07421875
0 0.22216796875 0.97802734375 0.0810546875 0.0400390625
0 0.95556640625 0.947265625 0.0888671875 0.1015625
0 0.3251953125 0.408203125 0.041015625 0.08984375
0 0.1630859375 0.9658203125 0.07421875 0.064453125
0 0.0439453125 0.26708984375 0.072265625 0.0849609375
0 0.65966796875 0.916015625 0.0537109375 0.107421875
0 0.59326171875 0.759765625 0.1572265625 0.177734375
0 0.8974609375 0.3447265625 0.0859375 0.12890625
0 0.33056640625 0.8505859375 0.0986328125 0.111328125
0 0.2001953125 0.14892578125 0.0703125 0.0615234375
0 0.7666015625 0.25732421875 0.107421875 0.0849609375
0 0.9091796875 0.73681640625 0.181640625 0.1318359375
0 0.39892578125 0.74072265625 0.1044921875 0.0927734375
0 0.6669921875 0.11328125 0.068359375 0.0546875
0 0.16552734375 0.21875 0.0869140625 0.078125
0 0.1708984375 0.02392578125 0.05078125 0.0478515625
0 0.3984375 0.94873046875 0.072265625 0.1025390625
0 0.12060546875 0.73046875 0.1103515625 0.056640625
0 0.880859375 0.80615234375 0.072265625 0.1142578125
