0 0.75634765625 0.7998046875 0.0498046875 0.048828125
0 0.2802734375 0.9052734375 0.0625 0.05078125
0 0.673828125 0.51318359375 0.05859375 0.0576171875
0 0.5498046875 0.90625 0.1171875 0.111328125
0 0.646484375 0.453125 0.056640625 0.060546875
0 0.6220703125 0.576171875 0.0625 0.091796875
0 0.26904296875 0.1279296875 0.0537109375 0.115234375
0 0.04541015625 0.865234375 0.0673828125 0.052734375
0 0.23828125 0.240234375 0.08203125 0.0625
0 0.45361328125 0.982421875 0.0791015625 0.033203125
0 0.6904296875 0.35888671875 0.0703125 0.0966796875
0 0.4736328125 0.3251953125 0.0859375 0.060546875
0 0.5849609375 0.78857421875 0.08984375 0.0458984375
0 0.3447265625 0.9423828125 0.06640625 0.072265625
0 0.72998046875 0.96728515625 0.0615234375 0.0634765625
0 0.619140625 0.49853515625 0.0625 0.0634765625
0 0.0576171875 0.46484375 0.09375 0.099609375
0 0.90673828125 0.85498046875 0.0634765625 0.0673828125
0 0.1796875 0.4541015625 0.08203125 0.060546875
0 0.7216796875 0.462890625 0.09375 0.111328125
0 0.10888671875 0.283203125 0.1318359375 0.048828125
0 0.18310546875 0.18505859375 0.1240234375 0.0478515625
0 0.8603515625 0.87353515625 0.0859375 0.0478515625
0 0.18994140625 0.908203125 0.0830078125 0.08984375
0 0.76904296875 0.89794921875 0.0537109375 0.0458984375
0 0.349609375 0.30712890625 0.091796875 0.0537109375
0 0.85498046875 0.908203125 0.1162109375 0.04296875
0 0.609375 0.8349609375 0.166015625 0.072265625
0 0.9697265625 0.9833984375 0.060546875 0.033203125
0 0.1396484375 0.39306640625 0.05078125 0.0615234375
