0 0.54638671875 0.6826171875 0.1357421875 0.1484375
0 0.18896484375 0.03515625 0.0498046875 0.0546875
0 0.79443359375 0.751953125 0.0556640625 0.0546875
0 0.93017578125 0.31591796875 0.1318359375 0.0498046875
0 0.17529296875 0.20849609375 0.0654296875 0.0791015625
0 0.064453125 0.29443359375 0.046875 0.0810546875
0 0.3359375 0.24560546875 0.068359375 0.1005859375
0 0.6240234375 0.181640625 0.0390625 0.052734375
0 0.626953125 0.869140625 0.0234375 0.03125
0 0.87255859375 0.87158203125 0.0517578125 0.0439453125
0 0.2666015625 0.55712890625 0.052734375 0.0771484375
0 0.04345703125 0.44921875 0.0380859375 0.05859375
0 0.9697265625 0.83251953125 0.060546875 0.0849609375
0 0.50537109375 0.1689453125 0.0380859375 0.072265625
0 0.8505859375 0.41064453125 0.1015625 0.0595703125
0 0.7197265625 0.8544921875 0.060546875 0.080078125
0 0.2724609375 0.97998046875 0.076171875 0.0400390625
0 0.7958984375 0.65576171875 0.07421875 0.0498046875
0 0.841796875 0.4921875 0.09765625 0.083984375
0 0.6728515625 0.50146484375 0.068359375 0.0947265625
0 0.92138671875 0.16845703125 0.1572265625 0.0771484375
0 0.76025390625 0.2861328125 0.0751953125 0.07421875
0 0.12353515625 0.0234375 0.0478515625 0.04296875
