0 0.52978515625 0.2392578125 0.0673828125 0.07421875
0 0.28173828125 0.93798828125 0.0537109375 0.0556640625
0 0.7666015625 0.451171875 0.0625 0.064453125
0 0.5556640625 0.82666015625 0.052734375 0.0537109375
0 0.986328125 0.92822265625 0.02734375 0.0458984375
0 0.6220703125 0.65087890625 0.07421875 0.0830078125
0 0.501953125 0.123046875 0.095703125 0.087890625
0 0.220703125 0.9697265625 0.091796875 0.060546875
0 0.017578125 0.1015625 0.03515625 0.08203125
0 0.8642578125 0.37255859375 0.060546875 0.0771484375
0 0.79150390625 0.70361328125 0.0537109375 0.0595703125
0 0.765625 0.353515625 0.05078125 0.048828125
0 0.92236328125 0.517578125 0.0654296875 0.046875
0 0.24462890625 0.603515625 0.0615234375 0.068359375
0 0.55126953125 0.9736328125 0.0537109375 0.05078125
0 0.458984375 0.52587890625 0.06640625 0.0966796875
0 0.1640625 0.68017578125 0.07421875 0.0673828125
0 0.51318359375 0.5859375 0.0830078125 0.078125
0 0.927734375 0.1943359375 0.083984375 0.078125
0 0.77392578125 0.974609375 0.0439453125 0.0390625
