0 0.79736328125 0.85888671875 0.0263671875 0.0380859375
0 0.85888671875 0.8359375 0.0517578125 0.052734375
0 0.890625 0.748046875 0.044921875 0.044921875
0 0.72412109375 0.7568359375 0.0400390625 0.0390625
0 0.677734375 0.8125 0.064453125 0.05859375
0 0.78271484375 0.67822265625 0.0595703125 0.0634765625
0 0.73095703125 0.65771484375 0.0439453125 0.0556640625
0 0.65673828125 0.65771484375 0.0537109375 0.0322265625
0 0.8681640625 0.64990234375 0.046875 0.0439453125
0 0.5029296875 0.66015625 0.052734375 0.056640625
0 0.5849609375 0.61865234375 0.048828125 0.1025390625
0 0.65087890625 0.4931640625 0.0576171875 0.046875
0 0.81005859375 0.44873046875 0.0595703125 0.0302734375
0 0.8447265625 0.2724609375 0.048828125 0.048828125
0 0.77734375 0.30419921875 0.044921875 0.0537109375
0 0.50927734375 0.5732421875 0.0517578125 0.046875
0 0.26220703125 0.85107421875 0.0537109375 0.0615234375
0 0.3623046875 0.85400390625 0.080078125 0.0517578125
0 0.40478515625 0.818359375 0.0400390625 0.046875
0 0.02392578125 0.91943359375 0.0478515625 0.0693359375
0 0.0791015625 0.798828125 0.041015625 0.04296875
0 0.361328125 0.61474609375 0.052734375 0.0693359375
0 0.19873046875 0.60107421875 0.0380859375 0.0439453125
0 0.31005859375 0.6416015625 0.0419921875 0.044921875
0 0.11572265625 0.65087890625 0.0615234375 0.0810546875
0 0.07470703125 0.70751953125 0.0458984375 0.0400390625
0 0.05615234375 0.64111328125 0.0400390625 0.0361328125
0 0.03271484375 0.46484375 0.0654296875 0.048828125
0 0.150390625 0.44970703125 0.044921875 0.0419921875
0 0.12744140625 0.39501953125 0.0283203125 0.0341796875
0 0.06298828125 0.326171875 0.0322265625 0.04296875
0 0.14404296875 0.06884765625 0.0498046875 0.0595703125
0 0.06396484375 0.0625 0.0439453125 0.044921875
0 0.3193359375 0.20751953125 0.03515625 0.0537109375
0 0.41845703125 0.2314453125 0.0419921875 0.05078125
0 0.4658203125 0.0849609375 0.056640625 0.048828125
0 0.60107421875 0.07470703125 0.0634765625 0.0556640625
0 0.6767578125 0.08251953125 0.041015625 0.0380859375
0 0.9130859375 0.30029296875 0.048828125 0.0556640625
0 0.873046875 0.49462890625 0.03515625 0.0263671875
0 0.458984375 0.330078125 0.04296875 0.052734375
0 0.58935546875 0.26806640625 0.0439453125 0.0439453125
0 0.3837890625 0.3095703125 0.06640625 0.0390625
0 0.87646484375 0.22607421875 0.0283203125 0.0322265625
0 0.5107421875 0.73486328125 0.03125 0.0224609375
0 0.57470703125 0.33642578125 0.0458984375 0.0380859375
0 0.6171875 0.68017578125 0.048828125 0.0791015625
0 0.779296875 0.349609375 0.037109375 0.052734375
0 0.88427734375 0.67919921875 0.0654296875 0.0400390625
0 0.91357421875 0.48291015625 0.0439453125 0.0439453125
0 0.41796875 0.93115234375 0.044921875 0.0439453125
0 0.91552734375 0.3662109375 0.0361328125 0.046875
0 0.0263671875 0.072265625 0.052734375 0.04296875
