0 0.81640625 0.11767578125 0.0703125 0.0908203125
0 0.93798828125 0.25390625 0.0419921875 0.0546875
0 0.884765625 0.2265625 0.07421875 0.072265625
0 0.89794921875 0.31201171875 0.0791015625 0.0947265625
0 0.56787109375 0.19287109375 0.0498046875 0.0537109375
0 0.455078125 0.29736328125 0.037109375 0.0615234375
0 0.42138671875 0.29248046875 0.0634765625 0.1201171875
0 0.361328125 0.2841796875 0.0546875 0.05859375
0 0.4599609375 0.17138671875 0.0625 0.0732421875
0 0.5341796875 0.0654296875 0.033203125 0.041015625
0 0.4169921875 0.05029296875 0.068359375 0.1005859375
0 0.46533203125 0.04052734375 0.0439453125 0.0478515625
0 0.34130859375 0.03857421875 0.0849609375 0.0771484375
0 0.98193359375 0.1123046875 0.0361328125 0.046875
0 0.46435546875 0.22412109375 0.0302734375 0.0322265625
0 0.39794921875 0.42578125 0.0458984375 0.052734375
0 0.90673828125 0.4296875 0.0654296875 0.046875
0 0.4560546875 0.47705078125 0.048828125 0.0556640625
0 0.95849609375 0.478515625 0.0634765625 0.064453125
0 0.81005859375 0.46044921875 0.0595703125 0.0810546875
0 0.45703125 0.572265625 0.06640625 0.06640625
0 0.95458984375 0.6142578125 0.0576171875 0.095703125
0 0.82568359375 0.63916015625 0.0498046875 0.0439453125
0 0.50048828125 0.625 0.0361328125 0.05078125
0 0.9345703125 0.6875 0.056640625 0.064453125
0 0.83984375 0.68310546875 0.05078125 0.0439453125
0 0.7880859375 0.69140625 0.052734375 0.056640625
0 0.97802734375 0.68701171875 0.0419921875 0.0537109375
0 0.55712890625 0.65869140625 0.0654296875 0.0458984375
0 0.53076171875 0.7333984375 0.0498046875 0.0390625
0 0.45654296875 0.6640625 0.0634765625 0.05859375
0 0.5986328125 0.775390625 0.068359375 0.056640625
0 0.513671875 0.79150390625 0.07421875 0.0947265625
0 0.38818359375 0.81494140625 0.0341796875 0.0322265625
0 0.43017578125 0.77392578125 0.0576171875 0.0908203125
0 0.3515625 0.712890625 0.064453125 0.068359375
0 0.06494140625 0.84326171875 0.0478515625 0.0458984375
0 0.39013671875 0.8955078125 0.0556640625 0.064453125
0 0.5341796875 0.90869140625 0.060546875 0.0478515625
0 0.50048828125 0.9580078125 0.0537109375 0.083984375
0 0.58251953125 0.97021484375 0.0751953125 0.0595703125
0 0.41162109375 0.9765625 0.0498046875 0.044921875
0 0.31494140625 0.966796875 0.0615234375 0.064453125
0 0.90283203125 0.87451171875 0.0400390625 0.0498046875
0 0.9765625 0.82177734375 0.046875 0.0478515625
0 0.9794921875 0.869140625 0.041015625 0.052734375
0 0.880859375 0.96044921875 0.078125 0.0634765625
0 0.95361328125 0.12060546875 0.0263671875 0.0400390625
0 0.18408203125 0.95166015625 0.0830078125 0.0947265625
0 0.0263671875 0.9375 0.052734375 0.0546875
0 0.0947265625 0.974609375 0.076171875 0.05078125
0 0.01220703125 0.90966796875 0.0244140625 0.0283203125
0 0.009765625 0.26904296875 0.01953125 0.0458984375
0 0.0810546875 0.01904296875 0.05859375 0.0380859375
0 0.4580078125 0.9892578125 0.04296875 0.021484375
0 0.0078125 0.73974609375 0.015625 0.0419921875
0 0.8974609375 0.01416015625 0.048828125 0.0283203125
0 0.50830078125 0.0087890625 0.0322265625 0.017578125
0 0.4404296875 0.3671875 0.044921875 0.02734375
0 0.0126953125 0.8837890625 0.025390625 0.02734375
