0 0.876953125 0.7783203125 0.220703125 0.068359375
0 0.95458984375 0.05419921875 0.0908203125 0.0751953125
0 0.77978515625 0.6357421875 0.2099609375 0.1171875
0 0.1669921875 0.96142578125 0.1171875 0.0771484375
0 0.63818359375 0.671875 0.0830078125 0.0546875
0 0.3984375 0.87109375 0.09765625 0.107421875
0 0.12109375 0.78271484375 0.064453125 0.0400390625
0 0.521484375 0.19384765625 0.072265625 0.0478515625
0 0.36083984375 0.2158203125 0.2177734375 0.171875
0 0.896484375 0.95849609375 0.08203125 0.0830078125
0 0.4248046875 0.53515625 0.1484375 0.041015625
0 0.927734375 0.73974609375 0.13671875 0.0478515625
0 0.7294921875 0.783203125 0.080078125 0.15234375
0 0.912109375 0.1845703125 0.17578125 0.064453125
0 0.06982421875 0.04833984375 0.1396484375 0.0830078125
0 0.67578125 0.73193359375 0.26171875 0.0947265625
0 0.0732421875 0.64111328125 0.126953125 0.1923828125
0 0.37939453125 0.67724609375 0.1044921875 0.0654296875
0 0.373046875 0.73583984375 0.08203125 0.0771484375
0 0.044921875 0.9072265625 0.08984375 0.10546875
0 0.60302734375 0.55078125 0.0673828125 0.052734375
0 0.47314453125 0.912109375 0.0478515625 0.0546875
0 0.4677734375 0.2216796875 0.037109375 0.048828125
0 0.63818359375 0.923828125 0.1474609375 0.15234375
0 0.96875 0.30810546875 0.0625 0.0576171875
0 0.9462890625 0.80029296875 0.107421875 0.0615234375
0 0.21826171875 0.90185546875 0.1220703125 0.1005859375
0 0.76416015625 0.94873046875 0.1748046875 0.1025390625
0 0.56884765625 0.4072265625 0.0361328125 0.05078125
0 0.09228515625 0.921875 0.1298828125 0.10546875
0 0.11962890625 0.837890625 0.1943359375 0.0625
0 0.80810546875 0.59326171875 0.2470703125 0.1025390625
0 0.82080078125 0.875 0.0908203125 0.119140625
0 0.39453125 0.96484375 0.0703125 0.052734375
0 0.232421875 0.810546875 0.125 0.197265625
0 0.443359375 0.3681640625 0.11328125 0.09765625
0 0.763671875 0.17578125 0.0625 0.056640625
0 0.16552734375 0.05126953125 0.2060546875 0.0537109375
0 0.478515625 0.95458984375 0.197265625 0.0908203125
0 0.73974609375 0.06982421875 0.0849609375 0.1396484375
0 0.17822265625 0.29736328125 0.1767578125 0.0615234375
0 0.673828125 0.06884765625 0.068359375 0.0537109375
0 0.04345703125 0.4736328125 0.0771484375 0.197265625
0 0.12841796875 0.57421875 0.1220703125 0.0546875
0 0.1357421875 0.45556640625 0.142578125 0.0478515625
0 0.81982421875 0.544921875 0.1298828125 0.044921875
0 0.4267578125 0.05859375 0.205078125 0.072265625
0 0.63818359375 0.88037109375 0.1220703125 0.0576171875
