0 0.908203125 0.064453125 0.056640625 0.12890625
0 0.89453125 0.0634765625 0.2109375 0.126953125
0 0.94140625 0.1298828125 0.1171875 0.1328125
0 0.869140625 0.169921875 0.26171875 0.19921875
0 0.90673828125 0.185546875 0.1025390625 0.095703125
0 0.7880859375 0.0751953125 0.060546875 0.126953125
0 0.60498046875 0.0810546875 0.1064453125 0.130859375
0 0.56298828125 0.0927734375 0.1962890625 0.185546875
0 0.615234375 0.0908203125 0.3359375 0.078125
0 0.65869140625 0.1884765625 0.3408203125 0.068359375
0 0.732421875 0.265625 0.46875 0.078125
0 0.9296875 0.283203125 0.138671875 0.1484375
0 0.892578125 0.376953125 0.21484375 0.17578125
0 0.453125 0.4365234375 0.30078125 0.115234375
0 0.44580078125 0.2548828125 0.1103515625 0.177734375
0 0.30224609375 0.3359375 0.2822265625 0.203125
0 0.2783203125 0.2431640625 0.2265625 0.326171875
0 0.15478515625 0.2060546875 0.3095703125 0.20703125
0 0.1591796875 0.0703125 0.126953125 0.140625
0 0.2548828125 0.0107421875 0.205078125 0.021484375
0 0.275390625 0.0166015625 0.0703125 0.033203125
0 0.8662109375 0.5263671875 0.072265625 0.248046875
0 0.7783203125 0.62646484375 0.177734375 0.3369140625
0 0.984375 0.7109375 0.03125 0.23046875
0 0.81298828125 0.7578125 0.2783203125 0.294921875
0 0.82275390625 0.8359375 0.1376953125 0.2578125
0 0.4267578125 0.53515625 0.048828125 0.248046875
0 0.90869140625 0.966796875 0.1572265625 0.064453125
0 0.91455078125 0.91259765625 0.0634765625 0.1728515625
0 0.947265625 0.9150390625 0.103515625 0.072265625
0 0.4345703125 0.95556640625 0.173828125 0.0869140625
0 0.650390625 0.9541015625 0.03125 0.03125
0 0.5146484375 0.943359375 0.404296875 0.111328125
0 0.490234375 0.857421875 0.1875 0.283203125
0 0.2236328125 0.5302734375 0.220703125 0.083984375
0 0.3603515625 0.7158203125 0.251953125 0.072265625
0 0.20703125 0.6455078125 0.333984375 0.09375
0 0.05908203125 0.70556640625 0.0595703125 0.2548828125
0 0.0205078125 0.6865234375 0.041015625 0.13671875
0 0.12109375 0.83251953125 0.2421875 0.0556640625
0 0.1435546875 0.92236328125 0.22265625 0.1533203125
0 0.263671875 0.8935546875 0.06640625 0.072265625
0 0.98046875 0.35302734375 0.037109375 0.0244140625
0 0.17724609375 0.91796875 0.0556640625 0.1640625
