0 0.140625 0.06689453125 0.15234375 0.1337890625
0 0.19921875 0.01416015625 0.0625 0.0283203125
0 0.0126953125 0.1318359375 0.025390625 0.056640625
0 0.01611328125 0.22314453125 0.0322265625 0.0439453125
0 0.13232421875 0.4189453125 0.2001953125 0.220703125
0 0.080078125 0.42431640625 0.16015625 0.1259765625
0 0.31640625 0.54931640625 0.2109375 0.2080078125
0 0.505859375 0.55078125 0.134765625 0.3125
0 0.08642578125 0.4873046875 0.1728515625 0.169921875
0 0.685546875 0.5185546875 0.251953125 0.095703125
0 0.14111328125 0.576171875 0.2822265625 0.158203125
0 0.12353515625 0.63671875 0.2470703125 0.11328125
0 0.03369140625 0.6845703125 0.0673828125 0.0625
0 0.15380859375 0.7958984375 0.2822265625 0.06640625
0 0.0859375 0.9296875 0.171875 0.140625
0 0.2197265625 0.97705078125 0.109375 0.0439453125
0 0.5078125 0.1884765625 0.2265625 0.181640625
0 0.677734375 0.10546875 0.27734375 0.0703125
0 0.6279296875 0.2021484375 0.248046875 0.158203125
0 0.46630859375 0.04150390625 0.1728515625 0.0830078125
0 0.90673828125 0.04638671875 0.1845703125 0.0517578125
0 0.94140625 0.076171875 0.115234375 0.041015625
0 0.9453125 0.3310546875 0.107421875 0.05859375
0 0.990234375 0.75390625 0.017578125 0.125
0 0.87548828125 0.80859375 0.0751953125 0.3828125
0 0.8798828125 0.78759765625 0.162109375 0.2626953125
0 0.74853515625 0.85107421875 0.1142578125 0.2548828125
0 0.72265625 0.7734375 0.09375 0.162109375
0 0.67822265625 0.86376953125 0.1923828125 0.2705078125
0 0.921875 0.970703125 0.15625 0.05859375
0 0.60546875 0.92041015625 0.09375 0.1533203125
0 0.5361328125 0.916015625 0.1953125 0.16796875
0 0.4609375 0.955078125 0.0703125 0.087890625
0 0.35986328125 0.845703125 0.2626953125 0.30859375
0 0.38916015625 0.94921875 0.0478515625 0.099609375
0 0.521484375 0.78125 0.1640625 0.3671875
0 0.4931640625 0.748046875 0.0546875 0.103515625
0 0.49853515625 0.79296875 0.0791015625 0.154296875
