0 0.93408203125 0.0419921875 0.0400390625 0.076171875
0 0.97119140625 0.0556640625 0.0556640625 0.111328125
0 0.712890625 0.04296875 0.126953125 0.068359375
0 0.89599609375 0.009765625 0.0791015625 0.01953125
0 0.7783203125 0.064453125 0.107421875 0.12890625
0 0.755859375 0.1064453125 0.24609375 0.125
0 0.7431640625 0.13330078125 0.212890625 0.0986328125
0 0.9609375 0.1748046875 0.05078125 0.07421875
0 0.849609375 0.1875 0.1640625 0.171875
0 0.98095703125 0.265625 0.0361328125 0.193359375
0 0.8388671875 0.328125 0.283203125 0.203125
0 0.62890625 0.4580078125 0.07421875 0.0625
0 0.7314453125 0.51611328125 0.111328125 0.0595703125
0 0.8271484375 0.4453125 0.060546875 0.15625
0 0.9091796875 0.5712890625 0.072265625 0.203125
0 0.9521484375 0.51171875 0.07421875 0.1171875
0 0.84619140625 0.6337890625 0.0634765625 0.0390625
0 0.6884765625 0.64892578125 0.189453125 0.0986328125
0 0.6767578125 0.828125 0.169921875 0.240234375
0 0.96875 0.7275390625 0.060546875 0.060546875
0 0.978515625 0.701171875 0.041015625 0.025390625
0 0.98486328125 0.97265625 0.0283203125 0.052734375
0 0.65234375 0.8017578125 0.39453125 0.0625
0 0.21826171875 0.50244140625 0.1142578125 0.0595703125
0 0.0576171875 0.583984375 0.10546875 0.251953125
0 0.115234375 0.66650390625 0.23046875 0.1689453125
0 0.36279296875 0.623046875 0.2314453125 0.095703125
0 0.203125 0.78759765625 0.2734375 0.2158203125
0 0.31787109375 0.818359375 0.2353515625 0.29296875
0 0.44189453125 0.849609375 0.1142578125 0.283203125
0 0.21435546875 0.984375 0.1064453125 0.029296875
0 0.23046875 0.9267578125 0.08203125 0.109375
0 0.1640625 0.94384765625 0.1015625 0.1103515625
0 0.05078125 0.912109375 0.1015625 0.173828125
0 0.5146484375 0.38232421875 0.275390625 0.0986328125
0 0.3818359375 0.40673828125 0.134765625 0.0751953125
0 0.4267578125 0.4599609375 0.119140625 0.05859375
0 0.36328125 0.30517578125 0.068359375 0.1572265625
0 0.2939453125 0.29150390625 0.201171875 0.1064453125
0 0.21875 0.1416015625 0.0390625 0.056640625
0 0.1591796875 0.1943359375 0.13671875 0.259765625
0 0.24853515625 0.23291015625 0.1572265625 0.3017578125
0 0.203125 0.33447265625 0.201171875 0.1533203125
0 0.09033203125 0.3759765625 0.1806640625 0.15625
0 0.0693359375 0.08251953125 0.138671875 0.1650390625
0 0.154296875 0.02392578125 0.0546875 0.0478515625
0 0.01171875 0.63134765625 0.0234375 0.0244140625
