0 0.96337890625 0.42529296875 0.0693359375 0.0576171875
0 0.35693359375 0.978515625 0.0654296875 0.04296875
0 0.951171875 0.75634765625 0.09375 0.0517578125
0 0.13720703125 0.82666015625 0.0576171875 0.0673828125
0 0.966796875 0.1845703125 0.048828125 0.064453125
0 0.20263671875 0.75537109375 0.0537109375 0.0810546875
0 0.27734375 0.6640625 0.10546875 0.0703125
0 0.91796875 0.05615234375 0.09375 0.0751953125
0 0.05078125 0.72216796875 0.06640625 0.0634765625
0 0.90234375 0.11572265625 0.07421875 0.1103515625
0 0.12548828125 0.13525390625 0.0673828125 0.0634765625
0 0.31494140625 0.77392578125 0.0576171875 0.0810546875
0 0.05908203125 0.8173828125 0.0517578125 0.05078125
0 0.01708984375 0.798828125 0.0341796875 0.06640625
0 0.41015625 0.927734375 0.10546875 0.05078125
0 0.94189453125 0.1435546875 0.0791015625 0.0859375
0 0.19482421875 0.95458984375 0.0517578125 0.0595703125
0 0.38671875 0.67578125 0.08984375 0.10546875
0 0.26025390625 0.9755859375 0.0576171875 0.048828125
