0 0.53662109375 0.6904296875 0.1357421875 0.0859375
0 0.25830078125 0.955078125 0.0986328125 0.0859375
0 0.64599609375 0.107421875 0.0712890625 0.048828125
0 0.66162109375 0.728515625 0.0947265625 0.03515625
0 0.2880859375 0.58349609375 0.072265625 0.0673828125
0 0.10107421875 0.6123046875 0.0595703125 0.05859375
0 0.4599609375 0.318359375 0.072265625 0.080078125
0 0.50341796875 0.5146484375 0.0732421875 0.056640625
0 0.57763671875 0.60595703125 0.0693359375 0.0556640625
0 0.17919921875 0.1123046875 0.0908203125 0.07421875
0 0.06201171875 0.4130859375 0.0654296875 0.107421875
0 0.69970703125 0.26611328125 0.0966796875 0.1083984375
0 0.81591796875 0.0625 0.0830078125 0.06640625
0 0.978515625 0.06494140625 0.04296875 0.0458984375
0 0.97705078125 0.58837890625 0.0458984375 0.0615234375
0 0.7041015625 0.517578125 0.064453125 0.046875
0 0.56982421875 0.90283203125 0.0712890625 0.1396484375
0 0.302734375 0.720703125 0.123046875 0.076171875
0 0.50439453125 0.16162109375 0.0810546875 0.0595703125
0 0.59228515625 0.08642578125 0.0537109375 0.0537109375
0 0.30859375 0.5341796875 0.0703125 0.078125
0 0.888671875 0.05908203125 0.083984375 0.0595703125
0 0.5458984375 0.31494140625 0.1015625 0.0888671875
0 0.701171875 0.93115234375 0.130859375 0.1337890625
0 0.921875 0.896484375 0.072265625 0.10546875
0 0.841796875 0.498046875 0.1171875 0.064453125
0 0.4765625 0.9267578125 0.05859375 0.10546875
0 0.94970703125 0.01806640625 0.0791015625 0.0361328125
0 0.0205078125 0.1181640625 0.041015625 0.068359375
0 0.6806640625 0.38232421875 0.07421875 0.1083984375
0 0.73388671875 0.658203125 0.0947265625 0.072265625
0 0.20166015625 0.3525390625 0.0517578125 0.080078125
0 0.70947265625 0.091796875 0.0908203125 0.046875
0 0.0810546875 0.70068359375 0.076171875 0.0732421875
0 0.09375 0.845703125 0.0625 0.037109375
