0 0.8955078125 0.431640625 0.072265625 0.048828125
0 0.86962890625 0.48876953125 0.0947265625 0.0556640625
0 0.7744140625 0.349609375 0.064453125 0.056640625
0 0.57568359375 0.2626953125 0.0927734375 0.064453125
0 0.58544921875 0.2001953125 0.0927734375 0.046875
0 0.80810546875 0.24072265625 0.1083984375 0.0498046875
0 0.88671875 0.146484375 0.08203125 0.0546875
0 0.72998046875 0.05908203125 0.0947265625 0.0556640625
0 0.0673828125 0.74365234375 0.1015625 0.0556640625
0 0.07861328125 0.771484375 0.0537109375 0.05859375
0 0.27099609375 0.533203125 0.0576171875 0.078125
0 0.7060546875 0.24365234375 0.05078125 0.0654296875
0 0.712890625 0.18505859375 0.091796875 0.1064453125
0 0.78955078125 0.17041015625 0.1005859375 0.0615234375
0 0.6591796875 0.4208984375 0.0703125 0.033203125
0 0.6279296875 0.5849609375 0.078125 0.044921875
0 0.50830078125 0.58984375 0.0498046875 0.048828125
0 0.8994140625 0.76708984375 0.056640625 0.0302734375
0 0.78857421875 0.80615234375 0.1142578125 0.0380859375
0 0.7275390625 0.771484375 0.07421875 0.048828125
0 0.82373046875 0.873046875 0.0419921875 0.048828125
0 0.68798828125 0.90771484375 0.0908203125 0.0537109375
0 0.63232421875 0.7119140625 0.0498046875 0.060546875
0 0.650390625 0.720703125 0.052734375 0.0625
0 0.521484375 0.74755859375 0.060546875 0.0498046875
0 0.47412109375 0.80517578125 0.0927734375 0.0537109375
0 0.44140625 0.74755859375 0.052734375 0.0419921875
0 0.40625 0.69921875 0.060546875 0.0546875
0 0.3154296875 0.72265625 0.07421875 0.06640625
0 0.1806640625 0.80224609375 0.056640625 0.0380859375
0 0.21875 0.6962890625 0.064453125 0.09765625
0 0.0478515625 0.380859375 0.0625 0.04296875
0 0.14501953125 0.24951171875 0.0595703125 0.0439453125
0 0.0517578125 0.3017578125 0.0703125 0.05078125
0 0.14501953125 0.18408203125 0.0712890625 0.0849609375
0 0.212890625 0.3427734375 0.052734375 0.041015625
0 0.3017578125 0.2744140625 0.091796875 0.0625
0 0.083984375 0.40283203125 0.041015625 0.0341796875
0 0.86279296875 0.70458984375 0.0380859375 0.0517578125
0 0.3564453125 0.93994140625 0.052734375 0.0322265625
0 0.236328125 0.79248046875 0.029296875 0.0166015625
0 0.2626953125 0.3544921875 0.06640625 0.037109375
0 0.72412109375 0.33544921875 0.0615234375 0.0517578125
0 0.8828125 0.88720703125 0.037109375 0.0498046875
0 0.09814453125 0.27783203125 0.0302734375 0.0341796875
0 0.8212890625 0.92041015625 0.048828125 0.0341796875
0 0.138671875 0.77734375 0.029296875 0.025390625
0 0.7880859375 0.150390625 0.046875 0.041015625
