0 0.32861328125 0.4267578125 0.0654296875 0.05078125
0 0.04638671875 0.7333984375 0.0380859375 0.052734375
0 0.46630859375 0.10888671875 0.0283203125 0.0361328125
0 0.7470703125 0.966796875 0.0859375 0.064453125
0 0.16015625 0.49609375 0.048828125 0.046875
0 0.70361328125 0.24462890625 0.0556640625 0.0751953125
0 0.06640625 0.89892578125 0.048828125 0.0458984375
0 0.1591796875 0.0595703125 0.0390625 0.04296875
0 0.1064453125 0.20068359375 0.052734375 0.0966796875
0 0.21142578125 0.77685546875 0.0654296875 0.0673828125
0 0.5 0.6484375 0.0546875 0.08203125
0 0.70556640625 0.4892578125 0.0537109375 0.046875
0 0.90576171875 0.87060546875 0.0478515625 0.0302734375
0 0.88330078125 0.7392578125 0.0732421875 0.064453125
0 0.15185546875 0.19921875 0.0380859375 0.0703125
0 0.2177734375 0.4755859375 0.0390625 0.03515625
0 0.8349609375 0.0478515625 0.0390625 0.07421875
0 0.5947265625 0.80419921875 0.044921875 0.0380859375
0 0.21240234375 0.01708984375 0.0341796875 0.0283203125
0 0.619140625 0.49365234375 0.0546875 0.0478515625
0 0.3974609375 0.23876953125 0.0390625 0.0498046875
0 0.0166015625 0.45654296875 0.03125 0.0400390625
0 0.64501953125 0.70703125 0.0322265625 0.03125
0 0.28564453125 0.95947265625 0.0654296875 0.0556640625
0 0.64111328125 0.73828125 0.0927734375 0.0703125
0 0.01806640625 0.37060546875 0.0361328125 0.0751953125
0 0.45263671875 0.77978515625 0.0693359375 0.0771484375
0 0.810546875 0.89501953125 0.02734375 0.0498046875
0 0.50634765625 0.908203125 0.0595703125 0.021484375
0 0.01513671875 0.921875 0.0302734375 0.05078125
0 0.0517578125 0.1748046875 0.056640625 0.0859375
0 0.8623046875 0.2294921875 0.072265625 0.15625
0 0.396484375 0.8779296875 0.078125 0.068359375
0 0.42236328125 0.02587890625 0.0380859375 0.0419921875
0 0.79638671875 0.37646484375 0.0595703125 0.0576171875
0 0.4794921875 0.25830078125 0.080078125 0.1298828125
0 0.703125 0.90478515625 0.08984375 0.0576171875
0 0.6767578125 0.12451171875 0.052734375 0.1044921875
0 0.11669921875 0.33154296875 0.0380859375 0.0400390625
0 0.94970703125 0.79931640625 0.0380859375 0.0654296875
0 0.56298828125 0.84326171875 0.0361328125 0.0341796875
0 0.662109375 0.3173828125 0.0546875 0.0546875
0 0.388671875 0.3310546875 0.060546875 0.048828125
0 0.1259765625 0.98388671875 0.03515625 0.0283203125
0 0.24609375 0.2763671875 0.048828125 0.064453125
