0 0.275390625 0.73681640625 0.060546875 0.0439453125
0 0.3876953125 0.77490234375 0.052734375 0.0712890625
0 0.54052734375 0.7568359375 0.1181640625 0.052734375
0 0.65625 0.81982421875 0.078125 0.1181640625
0 0.525390625 0.92333984375 0.05078125 0.0751953125
0 0.8486328125 0.88720703125 0.0546875 0.0693359375
0 0.85986328125 0.748046875 0.0400390625 0.05859375
0 0.9326171875 0.6015625 0.095703125 0.05859375
0 0.6259765625 0.62060546875 0.09375 0.0361328125
0 0.49658203125 0.513671875 0.0751953125 0.087890625
0 0.69091796875 0.6396484375 0.0927734375 0.05078125
0 0.814453125 0.5517578125 0.046875 0.09375
0 0.43701171875 0.38232421875 0.0751953125 0.1181640625
0 0.224609375 0.51953125 0.08984375 0.1484375
0 0.4384765625 0.49609375 0.033203125 0.048828125
0 0.23779296875 0.33154296875 0.1240234375 0.0615234375
0 0.5556640625 0.40869140625 0.0546875 0.0771484375
0 0.81884765625 0.365234375 0.1142578125 0.046875
0 0.677734375 0.2978515625 0.03515625 0.115234375
0 0.74560546875 0.296875 0.0732421875 0.041015625
0 0.68359375 0.21142578125 0.046875 0.0361328125
0 0.66650390625 0.14501953125 0.1376953125 0.0634765625
0 0.79638671875 0.16552734375 0.0693359375 0.0791015625
0 0.35595703125 0.1171875 0.0634765625 0.09375
0 0.4150390625 0.0830078125 0.0625 0.060546875
0 0.06201171875 0.09521484375 0.0693359375 0.1103515625
0 0.1796875 0.0791015625 0.10546875 0.0859375
0 0.30908203125 0.12353515625 0.0419921875 0.0322265625
0 0.19384765625 0.2109375 0.0810546875 0.048828125
0 0.13916015625 0.15283203125 0.0771484375 0.0712890625
0 0.08642578125 0.2080078125 0.1337890625 0.046875
0 0.38623046875 0.224609375 0.1123046875 0.046875
0 0.0693359375 0.4169921875 0.05078125 0.08984375
0 0.11376953125 0.8974609375 0.0595703125 0.08984375
0 0.88525390625 0.56103515625 0.0751953125 0.1201171875
0 0.76416015625 0.7001953125 0.0400390625 0.048828125
0 0.85205078125 0.7060546875 0.1259765625 0.041015625
0 0.556640625 0.11962890625 0.037109375 0.0771484375
0 0.6572265625 0.6875 0.05078125 0.048828125
0 0.14013671875 0.27880859375 0.0556640625 0.0654296875
0 0.2431640625 0.25390625 0.041015625 0.056640625
0 0.1982421875 0.26318359375 0.048828125 0.0380859375
0 0.59619140625 0.09521484375 0.0263671875 0.0400390625
0 0.74853515625 0.0771484375 0.0751953125 0.09375
0 0.64501953125 0.2705078125 0.0263671875 0.064453125
0 0.6337890625 0.4677734375 0.064453125 0.060546875
0 0.65234375 0.45263671875 0.060546875 0.0595703125
0 0.603515625 0.3994140625 0.052734375 0.087890625
0 0.66748046875 0.38134765625 0.0224609375 0.0517578125
0 0.35595703125 0.47900390625 0.1279296875 0.0830078125
0 0.49755859375 0.349609375 0.0654296875 0.048828125
0 0.76904296875 0.95458984375 0.0673828125 0.0283203125
0 0.69580078125 0.67236328125 0.0751953125 0.0224609375
0 0.6767578125 0.68310546875 0.033203125 0.0263671875
0 0.5615234375 0.81201171875 0.083984375 0.0615234375
0 0.66552734375 0.875 0.0830078125 0.056640625
0 0.2158203125 0.64306640625 0.05078125 0.0400390625
