0 0.11767578125 0.19775390625 0.0263671875 0.0341796875
0 0.07666015625 0.052734375 0.0966796875 0.07421875
0 0.0302734375 0.0810546875 0.041015625 0.046875
0 0.50244140625 0.19287109375 0.0283203125 0.0302734375
0 0.45458984375 0.12890625 0.0517578125 0.046875
0 0.4462890625 0.03271484375 0.03515625 0.0380859375
0 0.41064453125 0.05908203125 0.0400390625 0.0576171875
0 0.875 0.07861328125 0.0390625 0.0556640625
0 0.92578125 0.017578125 0.044921875 0.03515625
0 0.73974609375 0.0771484375 0.0439453125 0.046875
0 0.92578125 0.15673828125 0.05859375 0.0615234375
0 0.88134765625 0.1962890625 0.0712890625 0.052734375
0 0.83056640625 0.25 0.0537109375 0.083984375
0 0.888671875 0.384765625 0.0546875 0.04296875
0 0.9697265625 0.4140625 0.048828125 0.033203125
0 0.9306640625 0.47314453125 0.06640625 0.0556640625
0 0.90576171875 0.52490234375 0.0927734375 0.0361328125
0 0.9658203125 0.552734375 0.068359375 0.060546875
0 0.85498046875 0.58251953125 0.0771484375 0.0517578125
0 0.72265625 0.61181640625 0.052734375 0.0595703125
0 0.841796875 0.64990234375 0.048828125 0.0537109375
0 0.90576171875 0.78564453125 0.0595703125 0.0478515625
0 0.84375 0.791015625 0.056640625 0.046875
0 0.7822265625 0.841796875 0.0625 0.078125
0 0.95751953125 0.9228515625 0.0615234375 0.048828125
0 0.85791015625 0.962890625 0.0517578125 0.03125
0 0.57275390625 0.94970703125 0.0458984375 0.0537109375
0 0.52490234375 0.958984375 0.0498046875 0.05078125
0 0.4921875 0.8291015625 0.037109375 0.033203125
0 0.3994140625 0.92138671875 0.044921875 0.0498046875
0 0.37060546875 0.9716796875 0.0380859375 0.056640625
0 0.3955078125 0.77587890625 0.056640625 0.0537109375
0 0.43798828125 0.9267578125 0.0439453125 0.052734375
0 0.4619140625 0.880859375 0.056640625 0.060546875
0 0.4462890625 0.751953125 0.052734375 0.0546875
0 0.45849609375 0.66357421875 0.0615234375 0.0634765625
0 0.53076171875 0.537109375 0.0439453125 0.05078125
0 0.5654296875 0.52197265625 0.052734375 0.0478515625
0 0.46142578125 0.57080078125 0.0556640625 0.0517578125
0 0.4697265625 0.52197265625 0.05078125 0.0537109375
0 0.46875 0.47412109375 0.0546875 0.0419921875
0 0.39208984375 0.44921875 0.0361328125 0.0234375
0 0.4443359375 0.4306640625 0.076171875 0.046875
0 0.4453125 0.388671875 0.076171875 0.046875
0 0.45849609375 0.2861328125 0.0458984375 0.064453125
0 0.4345703125 0.3359375 0.044921875 0.04296875
0 0.2216796875 0.2626953125 0.0546875 0.046875
0 0.0615234375 0.3564453125 0.044921875 0.0390625
0 0.03564453125 0.322265625 0.0478515625 0.044921875
0 0.0625 0.5908203125 0.064453125 0.0546875
0 0.08349609375 0.71240234375 0.0517578125 0.0634765625
0 0.07568359375 0.6591796875 0.0615234375 0.0625
0 0.08349609375 0.77197265625 0.0498046875 0.0400390625
0 0.060546875 0.88720703125 0.056640625 0.0654296875
0 0.02783203125 0.83251953125 0.0556640625 0.0849609375
0 0.03955078125 0.9765625 0.0439453125 0.044921875
0 0.09375 0.97900390625 0.044921875 0.0419921875
0 0.4130859375 0.146484375 0.03125 0.03515625
0 0.83154296875 0.01123046875 0.0498046875 0.0224609375
0 0.72265625 0.455078125 0.02734375 0.025390625
0 0.7841796875 0.98681640625 0.033203125 0.0263671875
0 0.86474609375 0.98974609375 0.0439453125 0.0205078125
0 0.0927734375 0.8251953125 0.044921875 0.037109375
0 0.013671875 0.9091796875 0.02734375 0.0546875
0 0.005859375 0.65283203125 0.01171875 0.0400390625
0 0.00537109375 0.56640625 0.0107421875 0.029296875
0 0.00830078125 0.5341796875 0.0166015625 0.04296875
0 0.0166015625 0.501953125 0.033203125 0.0234375
0 0.021484375 0.47705078125 0.04296875 0.0400390625
0 0.00634765625 0.27001953125 0.0126953125 0.0361328125
0 0.39453125 0.01123046875 0.05859375 0.0224609375
0 0.31689453125 0.00537109375 0.0517578125 0.0107421875
0 0.3076171875 0.02001953125 0.04296875 0.0302734375
0 0.9755859375 0.35888671875 0.048828125 0.0439453125
0 0.978515625 0.37841796875 0.04296875 0.0380859375
0 0.43017578125 0.09521484375 0.0322265625 0.0380859375
0 0.45703125 0.05859375 0.029296875 0.044921875
0 0.4169921875 0.67822265625 0.044921875 0.0419921875
0 0.47216796875 0.9326171875 0.0302734375 0.0390625
0 0.02587890625 0.12548828125 0.0322265625 0.0419921875
