0 0.326171875 0.14990234375 0.080078125 0.0732421875
0 0.4111328125 0.95556640625 0.04296875 0.0888671875
0 0.41064453125 0.14697265625 0.0908203125 0.0791015625
0 0.3544921875 0.5419921875 0.0546875 0.056640625
0 0.619140625 0.18359375 0.064453125 0.0625
0 0.7333984375 0.95947265625 0.109375 0.0458984375
0 0.45263671875 0.240234375 0.0791015625 0.0859375
0 0.34228515625 0.4169921875 0.0693359375 0.103515625
0 0.5244140625 0.5126953125 0.08203125 0.07421875
0 0.45947265625 0.32470703125 0.0771484375 0.1025390625
0 0.5791015625 0.2294921875 0.068359375 0.08984375
0 0.58740234375 0.93359375 0.0478515625 0.05859375
0 0.5947265625 0.8388671875 0.060546875 0.083984375
0 0.5166015625 0.02734375 0.060546875 0.0546875
0 0.70654296875 0.80029296875 0.0556640625 0.0654296875
0 0.64990234375 0.4609375 0.0654296875 0.091796875
0 0.7431640625 0.87646484375 0.076171875 0.0966796875
0 0.29150390625 0.0849609375 0.0654296875 0.087890625
0 0.6484375 0.88818359375 0.078125 0.0732421875
0 0.56591796875 0.6181640625 0.0810546875 0.068359375
0 0.72216796875 0.65087890625 0.0771484375 0.0458984375
0 0.564453125 0.97509765625 0.0703125 0.0498046875
0 0.455078125 0.8603515625 0.052734375 0.08203125
0 0.66259765625 0.11962890625 0.0986328125 0.0693359375
0 0.55712890625 0.2041015625 0.0771484375 0.068359375
