0 0.63916015625 0.98388671875 0.0498046875 0.0322265625
0 0.76025390625 0.92333984375 0.1240234375 0.0673828125
0 0.6669921875 0.876953125 0.078125 0.0703125
0 0.62060546875 0.62744140625 0.1025390625 0.0615234375
0 0.9423828125 0.88330078125 0.111328125 0.0517578125
0 0.6015625 0.39306640625 0.076171875 0.0595703125
0 0.59912109375 0.76806640625 0.0908203125 0.0576171875
0 0.77197265625 0.4853515625 0.0810546875 0.044921875
0 0.1259765625 0.96875 0.087890625 0.0625
0 0.71875 0.9501953125 0.166015625 0.064453125
0 0.466796875 0.7822265625 0.10546875 0.05078125
0 0.43310546875 0.72802734375 0.1162109375 0.0537109375
0 0.05224609375 0.96044921875 0.1044921875 0.0576171875
0 0.91650390625 0.80615234375 0.1259765625 0.0458984375
0 0.52587890625 0.91357421875 0.0732421875 0.0341796875
0 0.31640625 0.89111328125 0.0546875 0.0830078125
