0 0.484375 0.66357421875 0.060546875 0.1103515625
0 0.98388671875 0.4267578125 0.0322265625 0.091796875
0 0.4619140625 0.52490234375 0.048828125 0.0791015625
0 0.4091796875 0.2021484375 0.091796875 0.072265625
0 0.95458984375 0.62109375 0.0908203125 0.1171875
0 0.9658203125 0.18017578125 0.052734375 0.0693359375
0 0.23876953125 0.19287109375 0.0673828125 0.0478515625
0 0.849609375 0.4091796875 0.09375 0.123046875
0 0.72900390625 0.62646484375 0.0498046875 0.0556640625
0 0.81689453125 0.23828125 0.0439453125 0.060546875
0 0.3740234375 0.1103515625 0.076171875 0.06640625
0 0.169921875 0.88916015625 0.0859375 0.0908203125
0 0.787109375 0.607421875 0.06640625 0.1015625
0 0.39111328125 0.03369140625 0.0888671875 0.0673828125
0 0.9794921875 0.50927734375 0.041015625 0.1083984375
0 0.380859375 0.62353515625 0.10546875 0.1376953125
0 0.06201171875 0.59130859375 0.0888671875 0.1162109375
0 0.55810546875 0.017578125 0.0576171875 0.03515625
0 0.07177734375 0.14599609375 0.0830078125 0.0791015625
0 0.74169921875 0.2451171875 0.0654296875 0.115234375
0 0.73828125 0.08203125 0.087890625 0.068359375
0 0.53564453125 0.1513671875 0.0517578125 0.05859375
0 0.33154296875 0.2412109375 0.0693359375 0.072265625
0 0.318359375 0.38623046875 0.09765625 0.1083984375
0 0.0283203125 0.20751953125 0.056640625 0.0654296875
0 0.1982421875 0.57763671875 0.072265625 0.1318359375
0 0.2841796875 0.96044921875 0.06640625 0.0732421875
0 0.81494140625 0.6015625 0.0986328125 0.107421875
0 0.58251953125 0.099609375 0.0361328125 0.0234375
0 0.22900390625 0.72998046875 0.1279296875 0.1142578125
0 0.1943359375 0.44140625 0.126953125 0.123046875
0 0.01513671875 0.5078125 0.0302734375 0.09375
0 0.65234375 0.1669921875 0.072265625 0.107421875
0 0.08935546875 0.29736328125 0.1044921875 0.0576171875
0 0.720703125 0.7890625 0.08203125 0.078125
0 0.41796875 0.41357421875 0.072265625 0.0751953125
0 0.72607421875 0.3984375 0.1103515625 0.08984375
