0 0.59716796875 0.5439453125 0.0849609375 0.078125
0 0.90380859375 0.6396484375 0.0888671875 0.037109375
0 0.51025390625 0.42626953125 0.1259765625 0.0576171875
0 0.384765625 0.68408203125 0.0703125 0.0556640625
0 0.48974609375 0.48486328125 0.0810546875 0.0595703125
0 0.42626953125 0.4384765625 0.0498046875 0.0625
0 0.4462890625 0.29736328125 0.064453125 0.1201171875
0 0.47607421875 0.1533203125 0.0458984375 0.068359375
0 0.45947265625 0.21484375 0.1865234375 0.048828125
0 0.56103515625 0.0947265625 0.0576171875 0.08203125
0 0.38720703125 0.314453125 0.0751953125 0.06640625
0 0.37158203125 0.1416015625 0.0888671875 0.068359375
0 0.2451171875 0.126953125 0.04296875 0.09375
0 0.07763671875 0.3525390625 0.1337890625 0.060546875
0 0.1064453125 0.3154296875 0.126953125 0.04296875
0 0.2802734375 0.29248046875 0.076171875 0.0400390625
0 0.05517578125 0.197265625 0.0888671875 0.056640625
0 0.11279296875 0.4052734375 0.0849609375 0.0703125
0 0.07861328125 0.8466796875 0.0419921875 0.033203125
0 0.125 0.7978515625 0.0390625 0.02734375
0 0.19482421875 0.80517578125 0.0830078125 0.0498046875
0 0.27978515625 0.65966796875 0.0498046875 0.0830078125
0 0.359375 0.6240234375 0.064453125 0.0390625
0 0.068359375 0.74169921875 0.07421875 0.0400390625
0 0.33544921875 0.0732421875 0.1162109375 0.0390625
0 0.87060546875 0.5947265625 0.0810546875 0.03515625
0 0.1240234375 0.72607421875 0.044921875 0.0283203125
0 0.1201171875 0.78125 0.033203125 0.03125
0 0.07861328125 0.900390625 0.0615234375 0.041015625
0 0.4326171875 0.1591796875 0.029296875 0.06640625
0 0.53173828125 0.25537109375 0.0498046875 0.0478515625
0 0.310546875 0.83251953125 0.0546875 0.0517578125
0 0.080078125 0.67236328125 0.03515625 0.0322265625
0 0.0361328125 0.2548828125 0.04296875 0.03515625
0 0.0634765625 0.12255859375 0.03515625 0.0556640625
0 0.04052734375 0.6279296875 0.0595703125 0.03515625
0 0.28564453125 0.509765625 0.0419921875 0.056640625
