0 0.43359375 0.51171875 0.13671875 0.078125
0 0.76611328125 0.4189453125 0.0517578125 0.048828125
0 0.9775390625 0.54052734375 0.04296875 0.1259765625
0 0.9130859375 0.48828125 0.05859375 0.05078125
0 0.82568359375 0.5810546875 0.0693359375 0.05859375
0 0.02783203125 0.50537109375 0.0419921875 0.0458984375
0 0.12158203125 0.7041015625 0.2412109375 0.07421875
0 0.33251953125 0.93701171875 0.0556640625 0.0654296875
0 0.62158203125 0.2099609375 0.0751953125 0.064453125
0 0.89013671875 0.75439453125 0.0634765625 0.1435546875
0 0.3984375 0.91552734375 0.0625 0.0595703125
0 0.93505859375 0.03369140625 0.0654296875 0.0673828125
0 0.2705078125 0.52587890625 0.185546875 0.0634765625
0 0.154296875 0.01318359375 0.130859375 0.0263671875
0 0.986328125 0.93994140625 0.02734375 0.1201171875
0 0.4716796875 0.96337890625 0.099609375 0.0732421875
0 0.0380859375 0.15185546875 0.072265625 0.0947265625
0 0.9697265625 0.6630859375 0.060546875 0.076171875
0 0.10595703125 0.21240234375 0.0517578125 0.0498046875
0 0.4482421875 0.88134765625 0.0625 0.0576171875
0 0.2314453125 0.38427734375 0.056640625 0.0712890625
0 0.85888671875 0.1767578125 0.0986328125 0.060546875
0 0.412109375 0.62109375 0.080078125 0.05078125
0 0.14404296875 0.78076171875 0.0712890625 0.0927734375
0 0.783203125 0.09130859375 0.107421875 0.1376953125
0 0.70166015625 0.12158203125 0.0634765625 0.0693359375
0 0.40966796875 0.23583984375 0.0966796875 0.1240234375
0 0.81982421875 0.4091796875 0.0517578125 0.0703125
0 0.7333984375 0.52001953125 0.0625 0.1357421875
0 0.7861328125 0.92431640625 0.044921875 0.0615234375
0 0.736328125 0.8125 0.080078125 0.0546875
0 0.794921875 0.79248046875 0.0703125 0.1005859375
0 0.34130859375 0.38232421875 0.0517578125 0.0830078125
0 0.57763671875 0.41796875 0.0537109375 0.06640625
0 0.1455078125 0.06396484375 0.220703125 0.0791015625
0 0.1455078125 0.92724609375 0.046875 0.0458984375
0 0.33349609375 0.81201171875 0.0517578125 0.0654296875
0 0.091796875 0.95263671875 0.078125 0.0712890625
0 0.6689453125 0.046875 0.162109375 0.09375
0 0.69091796875 0.4638671875 0.0595703125 0.123046875
0 0.1337890625 0.2392578125 0.216796875 0.1484375
0 0.68896484375 0.82373046875 0.0927734375 0.1689453125
0 0.515625 0.41162109375 0.04296875 0.0517578125
0 0.41748046875 0.84375 0.0712890625 0.068359375
0 0.07421875 0.4990234375 0.09375 0.15625
0 0.97021484375 0.19970703125 0.0595703125 0.0751953125
