0 0.494140625 0.947265625 0.05859375 0.068359375
0 0.43505859375 0.95751953125 0.0458984375 0.0634765625
0 0.474609375 0.16357421875 0.064453125 0.0615234375
0 0.67138671875 0.759765625 0.0810546875 0.05859375
0 0.8623046875 0.02099609375 0.060546875 0.0419921875
0 0.98388671875 0.3974609375 0.0322265625 0.05078125
0 0.78076171875 0.154296875 0.0244140625 0.0546875
0 0.900390625 0.0849609375 0.041015625 0.02734375
0 0.3037109375 0.07177734375 0.046875 0.0517578125
0 0.4169921875 0.251953125 0.076171875 0.0546875
0 0.6630859375 0.07568359375 0.046875 0.0517578125
0 0.97216796875 0.81689453125 0.0498046875 0.0517578125
0 0.3466796875 0.40869140625 0.0703125 0.0576171875
0 0.96728515625 0.47021484375 0.0654296875 0.0634765625
0 0.5146484375 0.86279296875 0.05078125 0.0576171875
0 0.021484375 0.892578125 0.04296875 0.0703125
0 0.2646484375 0.02099609375 0.080078125 0.0419921875
0 0.72900390625 0.1142578125 0.0439453125 0.041015625
0 0.25146484375 0.1611328125 0.0400390625 0.044921875
0 0.51611328125 0.052734375 0.0458984375 0.056640625
0 0.77392578125 0.4365234375 0.0673828125 0.068359375
0 0.4423828125 0.2919921875 0.06640625 0.05078125
0 0.32958984375 0.587890625 0.0615234375 0.05859375
0 0.23388671875 0.91064453125 0.0595703125 0.0576171875
0 0.1455078125 0.974609375 0.052734375 0.04296875
0 0.126953125 0.083984375 0.037109375 0.03125
0 0.98583984375 0.1259765625 0.0283203125 0.064453125
0 0.4873046875 0.61376953125 0.052734375 0.0595703125
0 0.7392578125 0.57275390625 0.037109375 0.0419921875
0 0.69482421875 0.08251953125 0.0478515625 0.0556640625
0 0.1220703125 0.5546875 0.080078125 0.04296875
0 0.4091796875 0.087890625 0.0546875 0.064453125
0 0.4853515625 0.41259765625 0.072265625 0.0595703125
0 0.0361328125 0.54443359375 0.0546875 0.0693359375
0 0.4287109375 0.36669921875 0.048828125 0.0751953125
0 0.78076171875 0.986328125 0.0576171875 0.0234375
0 0.90966796875 0.9404296875 0.0791015625 0.107421875
0 0.42919921875 0.52880859375 0.0478515625 0.0595703125
0 0.32470703125 0.3271484375 0.0634765625 0.05859375
0 0.16796875 0.5732421875 0.064453125 0.095703125
0 0.02294921875 0.95751953125 0.0458984375 0.0654296875
0 0.27099609375 0.97021484375 0.0830078125 0.0595703125
0 0.76904296875 0.1728515625 0.0341796875 0.07421875
0 0.83251953125 0.92041015625 0.0615234375 0.0869140625
0 0.25439453125 0.25244140625 0.0576171875 0.0419921875
0 0.94140625 0.4736328125 0.052734375 0.046875
0 0.0634765625 0.7802734375 0.087890625 0.05859375
0 0.04296875 0.0654296875 0.056640625 0.064453125
0 0.78369140625 0.044921875 0.0732421875 0.076171875
0 0.34375 0.52587890625 0.046875 0.0478515625
0 0.27734375 0.0908203125 0.03515625 0.041015625
0 0.14306640625 0.4033203125 0.0517578125 0.0625
0 0.1005859375 0.87548828125 0.08203125 0.0654296875
0 0.22705078125 0.33203125 0.0576171875 0.052734375
0 0.9609375 0.04833984375 0.076171875 0.0771484375
0 0.6259765625 0.46923828125 0.048828125 0.0400390625
