0 0.0966796875 0.0947265625 0.052734375 0.056640625
0 0.171875 0.16943359375 0.03125 0.0380859375
0 0.11572265625 0.04052734375 0.0400390625 0.0361328125
0 0.10546875 0.01123046875 0.048828125 0.0224609375
0 0.10400390625 0.248046875 0.0400390625 0.0390625
0 0.07958984375 0.333984375 0.0361328125 0.037109375
0 0.12841796875 0.3984375 0.0419921875 0.037109375
0 0.22509765625 0.2998046875 0.0302734375 0.037109375
0 0.01318359375 0.451171875 0.0263671875 0.0546875
0 0.05224609375 0.43115234375 0.0498046875 0.0751953125
0 0.20458984375 0.4208984375 0.0361328125 0.052734375
0 0.10986328125 0.28955078125 0.0556640625 0.0400390625
0 0.03759765625 0.23486328125 0.0634765625 0.0498046875
0 0.0537109375 0.5771484375 0.03125 0.03125
0 0.1142578125 0.609375 0.052734375 0.05078125
0 0.06298828125 0.63330078125 0.0791015625 0.0595703125
0 0.08251953125 0.68017578125 0.0654296875 0.0400390625
0 0.42529296875 0.66357421875 0.0615234375 0.0634765625
0 0.16943359375 0.82421875 0.0478515625 0.044921875
0 0.2861328125 0.75927734375 0.037109375 0.0341796875
0 0.00732421875 0.755859375 0.0146484375 0.046875
0 0.01220703125 0.93994140625 0.0244140625 0.0361328125
0 0.056640625 0.9443359375 0.025390625 0.02734375
0 0.12060546875 0.92138671875 0.0439453125 0.0302734375
0 0.1064453125 0.96337890625 0.04296875 0.0244140625
0 0.8056640625 0.60400390625 0.091796875 0.0693359375
0 0.68310546875 0.42236328125 0.0322265625 0.0361328125
0 0.939453125 0.82080078125 0.037109375 0.0400390625
0 0.98486328125 0.333984375 0.0302734375 0.037109375
0 0.84912109375 0.41357421875 0.0380859375 0.0361328125
0 0.98291015625 0.232421875 0.0302734375 0.0390625
0 0.984375 0.0244140625 0.03125 0.048828125
0 0.93310546875 0.0361328125 0.0556640625 0.0703125
0 0.97900390625 0.615234375 0.0419921875 0.044921875
0 0.6171875 0.12353515625 0.046875 0.0439453125
0 0.5234375 0.09765625 0.0859375 0.0703125
0 0.58984375 0.19091796875 0.041015625 0.0400390625
0 0.54443359375 0.1953125 0.0517578125 0.0546875
0 0.537109375 0.265625 0.052734375 0.0546875
0 0.580078125 0.24462890625 0.04296875 0.0537109375
0 0.521484375 0.03662109375 0.037109375 0.0419921875
0 0.5654296875 0.013671875 0.0625 0.02734375
0 0.34228515625 0.97412109375 0.0537109375 0.0517578125
0 0.2822265625 0.8662109375 0.076171875 0.123046875
0 0.36767578125 0.912109375 0.0654296875 0.095703125
0 0.619140625 0.9814453125 0.052734375 0.037109375
0 0.37939453125 0.77880859375 0.0595703125 0.1259765625
0 0.4267578125 0.81787109375 0.033203125 0.0400390625
0 0.40234375 0.74072265625 0.107421875 0.1220703125
0 0.2705078125 0.6826171875 0.119140625 0.169921875
0 0.5751953125 0.73828125 0.041015625 0.060546875
0 0.56591796875 0.95947265625 0.0498046875 0.0810546875
0 0.48193359375 0.94921875 0.0517578125 0.1015625
0 0.46875 0.85546875 0.0546875 0.06640625
0 0.322265625 0.83837890625 0.044921875 0.1455078125
0 0.51318359375 0.759765625 0.0419921875 0.044921875
0 0.55224609375 0.78759765625 0.0556640625 0.1982421875
0 0.5302734375 0.9248046875 0.041015625 0.150390625
0 0.99365234375 0.5146484375 0.0126953125 0.0390625
0 0.9921875 0.7265625 0.015625 0.0390625
0 0.0283203125 0.24072265625 0.056640625 0.0810546875
0 0.02001953125 0.27978515625 0.0400390625 0.0537109375
0 0.0087890625 0.13671875 0.017578125 0.046875
0 0.9931640625 0.576171875 0.013671875 0.0390625
0 0.544921875 0.03173828125 0.064453125 0.0595703125
0 0.0263671875 0.19580078125 0.05078125 0.0263671875
0 0.50341796875 0.83447265625 0.0458984375 0.0419921875
0 0.50244140625 0.7861328125 0.0517578125 0.0390625
0 0.82470703125 0.34716796875 0.0224609375 0.0185546875
0 0.61376953125 0.72900390625 0.0595703125 0.0771484375
0 0.60546875 0.685546875 0.052734375 0.03515625
0 0.08984375 0.37109375 0.03125 0.025390625
0 0.1611328125 0.38720703125 0.03125 0.0302734375
