0 0.97021484375 0.3525390625 0.0361328125 0.060546875
0 0.91943359375 0.19091796875 0.1201171875 0.0634765625
0 0.84814453125 0.53662109375 0.0556640625 0.0810546875
0 0.78271484375 0.57421875 0.0751953125 0.068359375
0 0.85302734375 0.43603515625 0.0751953125 0.0537109375
0 0.9619140625 0.82470703125 0.052734375 0.1103515625
0 0.9501953125 0.73046875 0.037109375 0.037109375
0 0.69921875 0.70458984375 0.072265625 0.0439453125
0 0.63330078125 0.69970703125 0.0537109375 0.0537109375
0 0.37451171875 0.900390625 0.1279296875 0.06640625
0 0.32421875 0.65380859375 0.076171875 0.0830078125
0 0.44287109375 0.73046875 0.0576171875 0.0625
0 0.42333984375 0.6484375 0.0400390625 0.068359375
0 0.07275390625 0.8525390625 0.0830078125 0.1328125
0 0.12548828125 0.7666015625 0.0849609375 0.046875
0 0.107421875 0.56884765625 0.05859375 0.0947265625
0 0.0546875 0.62548828125 0.060546875 0.0556640625
0 0.13671875 0.6953125 0.06640625 0.041015625
0 0.21435546875 0.666015625 0.0439453125 0.044921875
0 0.2607421875 0.66796875 0.037109375 0.033203125
0 0.0986328125 0.40966796875 0.134765625 0.0791015625
0 0.0849609375 0.29345703125 0.099609375 0.0537109375
0 0.568359375 0.36083984375 0.060546875 0.0556640625
0 0.71044921875 0.37744140625 0.0908203125 0.0556640625
0 0.70166015625 0.27294921875 0.0869140625 0.0537109375
0 0.4482421875 0.3349609375 0.068359375 0.0625
0 0.29833984375 0.34423828125 0.0576171875 0.0556640625
0 0.28369140625 0.27880859375 0.0458984375 0.0458984375
0 0.3662109375 0.41796875 0.06640625 0.0703125
0 0.23193359375 0.09130859375 0.0576171875 0.0849609375
0 0.4140625 0.09375 0.0546875 0.09375
0 0.119140625 0.0751953125 0.11328125 0.056640625
0 0.3935546875 0.34716796875 0.05859375 0.0498046875
0 0.0400390625 0.115234375 0.02734375 0.037109375
0 0.2744140625 0.14208984375 0.068359375 0.0498046875
0 0.9228515625 0.4365234375 0.068359375 0.037109375
0 0.24951171875 0.41552734375 0.0478515625 0.0537109375
0 0.09423828125 0.22021484375 0.0478515625 0.0517578125
0 0.0537109375 0.76123046875 0.0625 0.0498046875
0 0.38232421875 0.29052734375 0.0478515625 0.0439453125
0 0.25439453125 0.302734375 0.0498046875 0.046875
