0 0.1962890625 0.47998046875 0.08203125 0.0615234375
0 0.06201171875 0.1337890625 0.0498046875 0.0625
0 0.07177734375 0.73291015625 0.0595703125 0.0537109375
0 0.0185546875 0.38818359375 0.037109375 0.0830078125
0 0.10205078125 0.54248046875 0.0654296875 0.0498046875
0 0.04638671875 0.2783203125 0.0673828125 0.123046875
0 0.9619140625 0.13671875 0.07421875 0.083984375
0 0.818359375 0.5126953125 0.064453125 0.05078125
0 0.85009765625 0.6630859375 0.0810546875 0.05859375
0 0.97265625 0.46044921875 0.0546875 0.0419921875
0 0.76123046875 0.4365234375 0.0615234375 0.068359375
0 0.08642578125 0.9580078125 0.0595703125 0.05078125
0 0.80810546875 0.08837890625 0.0712890625 0.1123046875
0 0.96923828125 0.3896484375 0.0615234375 0.056640625
0 0.248046875 0.93212890625 0.07421875 0.0478515625
0 0.9306640625 0.35498046875 0.08984375 0.0595703125
0 0.228515625 0.6044921875 0.0859375 0.05859375
0 0.67236328125 0.650390625 0.0361328125 0.05859375
0 0.0283203125 0.744140625 0.052734375 0.05078125
0 0.01904296875 0.2138671875 0.0380859375 0.0703125
0 0.087890625 0.81884765625 0.064453125 0.1064453125
0 0.1982421875 0.65087890625 0.08203125 0.0458984375
0 0.88037109375 0.71240234375 0.0458984375 0.0478515625
0 0.0263671875 0.89013671875 0.052734375 0.0595703125
0 0.9609375 0.87646484375 0.078125 0.0341796875
0 0.0322265625 0.57421875 0.05859375 0.080078125
