0 0.0302734375 0.58740234375 0.0546875 0.1279296875
0 0.27587890625 0.08056640625 0.0869140625 0.1572265625
0 0.4306640625 0.505859375 0.171875 0.11328125
0 0.92919921875 0.970703125 0.1201171875 0.05859375
0 0.92822265625 0.931640625 0.1181640625 0.044921875
0 0.4091796875 0.912109375 0.115234375 0.17578125
0 0.9365234375 0.45556640625 0.068359375 0.0458984375
0 0.79833984375 0.103515625 0.1767578125 0.107421875
0 0.96728515625 0.19482421875 0.0634765625 0.1357421875
0 0.35302734375 0.05029296875 0.0693359375 0.0751953125
0 0.32177734375 0.85693359375 0.2646484375 0.2001953125
0 0.65185546875 0.55810546875 0.1044921875 0.2529296875
0 0.8447265625 0.91064453125 0.0546875 0.0654296875
0 0.18310546875 0.12060546875 0.1376953125 0.2021484375
0 0.14013671875 0.091796875 0.2158203125 0.1328125
0 0.74560546875 0.6494140625 0.0673828125 0.060546875
0 0.158203125 0.62353515625 0.203125 0.1572265625
0 0.29443359375 0.599609375 0.0654296875 0.134765625
0 0.9619140625 0.02587890625 0.076171875 0.0400390625
0 0.064453125 0.876953125 0.099609375 0.099609375
0 0.2939453125 0.458984375 0.0546875 0.048828125
0 0.693359375 0.88232421875 0.107421875 0.1103515625
0 0.33447265625 0.7626953125 0.0615234375 0.103515625
0 0.58056640625 0.78076171875 0.1025390625 0.0927734375
0 0.19287109375 0.8076171875 0.0966796875 0.041015625
0 0.79248046875 0.81591796875 0.0634765625 0.1025390625
0 0.7685546875 0.078125 0.142578125 0.1171875
0 0.7333984375 0.92724609375 0.087890625 0.1201171875
0 0.54248046875 0.2333984375 0.0966796875 0.203125
0 0.9287109375 0.14453125 0.142578125 0.05078125
0 0.7255859375 0.806640625 0.08203125 0.044921875
0 0.9697265625 0.61083984375 0.060546875 0.0673828125
0 0.04833984375 0.37939453125 0.0927734375 0.1298828125
0 0.5859375 0.4345703125 0.15234375 0.1953125
0 0.46533203125 0.49951171875 0.1025390625 0.1708984375
0 0.49169921875 0.27734375 0.0693359375 0.20703125
0 0.1318359375 0.365234375 0.0625 0.099609375
0 0.5830078125 0.05078125 0.1171875 0.09765625
