0 0.26611328125 0.2490234375 0.0498046875 0.05078125
0 0.31201171875 0.1904296875 0.0517578125 0.052734375
0 0.3828125 0.263671875 0.046875 0.0546875
0 0.86328125 0.314453125 0.076171875 0.072265625
0 0.796875 0.2978515625 0.0625 0.060546875
0 0.82666015625 0.14794921875 0.0634765625 0.0751953125
0 0.564453125 0.07275390625 0.072265625 0.0888671875
0 0.357421875 0.0927734375 0.0703125 0.0703125
0 0.3544921875 0.14990234375 0.046875 0.0400390625
0 0.47021484375 0.1201171875 0.0283203125 0.076171875
0 0.40673828125 0.02587890625 0.0576171875 0.0517578125
0 0.7001953125 0.90576171875 0.083984375 0.0791015625
0 0.41748046875 0.79248046875 0.0537109375 0.0517578125
0 0.443359375 0.9013671875 0.05859375 0.1171875
0 0.36962890625 0.6923828125 0.0517578125 0.060546875
0 0.27001953125 0.53955078125 0.0673828125 0.0517578125
0 0.869140625 0.63134765625 0.08203125 0.0576171875
0 0.79638671875 0.65869140625 0.0498046875 0.0458984375
0 0.38232421875 0.5302734375 0.0849609375 0.0546875
0 0.42138671875 0.5625 0.0517578125 0.048828125
0 0.408203125 0.58740234375 0.0859375 0.0634765625
0 0.83203125 0.84814453125 0.06640625 0.0634765625
0 0.90576171875 0.85546875 0.0556640625 0.0703125
0 0.037109375 0.69873046875 0.048828125 0.0439453125
0 0.72607421875 0.72314453125 0.0400390625 0.0556640625
0 0.89892578125 0.5771484375 0.0458984375 0.04296875
0 0.8837890625 0.50048828125 0.03515625 0.0341796875
0 0.73291015625 0.46923828125 0.0498046875 0.0498046875
0 0.033203125 0.9794921875 0.06640625 0.0390625
0 0.4560546875 0.9423828125 0.06640625 0.072265625
0 0.7705078125 0.92333984375 0.0546875 0.0478515625
0 0.8076171875 0.89794921875 0.052734375 0.0439453125
0 0.7607421875 0.27978515625 0.0390625 0.0673828125
0 0.7763671875 0.177734375 0.05078125 0.05078125
0 0.900390625 0.13720703125 0.056640625 0.0419921875
0 0.09814453125 0.41552734375 0.0302734375 0.0322265625
0 0.47607421875 0.607421875 0.0458984375 0.0546875
0 0.43212890625 0.5078125 0.0556640625 0.044921875
0 0.404296875 0.85888671875 0.056640625 0.0478515625
0 0.89306640625 0.9873046875 0.0634765625 0.025390625
0 0.9462890625 0.98583984375 0.06640625 0.0283203125
0 0.89208984375 0.91552734375 0.0888671875 0.1025390625
0 0.86376953125 0.68017578125 0.0986328125 0.0498046875
0 0.00830078125 0.76318359375 0.0166015625 0.0634765625
0 0.0205078125 0.86328125 0.041015625 0.0546875
0 0.03955078125 0.6201171875 0.0791015625 0.099609375
0 0.85693359375 0.52685546875 0.0458984375 0.0341796875
0 0.79541015625 0.505859375 0.0400390625 0.037109375
0 0.49169921875 0.849609375 0.0419921875 0.044921875
0 0.46240234375 0.103515625 0.0537109375 0.09375
0 0.50146484375 0.11572265625 0.0400390625 0.0791015625
0 0.77880859375 0.14306640625 0.0419921875 0.0322265625
0 0.759765625 0.65234375 0.046875 0.04296875
0 0.12548828125 0.8720703125 0.0263671875 0.02734375
0 0.2646484375 0.2060546875 0.046875 0.046875
