0 0.06103515625 0.3203125 0.0458984375 0.072265625
0 0.755859375 0.7177734375 0.05078125 0.048828125
0 0.82080078125 0.9248046875 0.0517578125 0.060546875
0 0.38671875 0.13427734375 0.0703125 0.0576171875
0 0.05029296875 0.20703125 0.0732421875 0.0703125
0 0.484375 0.87939453125 0.087890625 0.0634765625
0 0.4189453125 0.8798828125 0.080078125 0.09375
0 0.494140625 0.07763671875 0.037109375 0.0478515625
0 0.3935546875 0.3466796875 0.119140625 0.060546875
0 0.888671875 0.62060546875 0.0625 0.0791015625
0 0.8037109375 0.73681640625 0.072265625 0.0908203125
0 0.4072265625 0.701171875 0.080078125 0.052734375
0 0.296875 0.7841796875 0.095703125 0.060546875
0 0.45654296875 0.3876953125 0.0830078125 0.056640625
0 0.42578125 0.98095703125 0.046875 0.0380859375
0 0.79345703125 0.64599609375 0.0927734375 0.0654296875
0 0.5869140625 0.2099609375 0.05859375 0.07421875
0 0.138671875 0.91796875 0.0625 0.0859375
0 0.64453125 0.76708984375 0.078125 0.0478515625
0 0.6865234375 0.1640625 0.05859375 0.0390625
0 0.310546875 0.43505859375 0.06640625 0.0537109375
0 0.7548828125 0.08349609375 0.08203125 0.0615234375
0 0.56640625 0.12939453125 0.10546875 0.0556640625
0 0.42529296875 0.4326171875 0.0673828125 0.111328125
0 0.1015625 0.12158203125 0.09765625 0.0986328125
0 0.0107421875 0.85986328125 0.021484375 0.0751953125
0 0.66015625 0.2158203125 0.09765625 0.0859375
0 0.873046875 0.271484375 0.052734375 0.099609375
0 0.49072265625 0.8115234375 0.0576171875 0.048828125
0 0.94287109375 0.7900390625 0.0693359375 0.076171875
0 0.193359375 0.36767578125 0.056640625 0.0439453125
0 0.49609375 0.14501953125 0.05078125 0.0712890625
0 0.1552734375 0.341796875 0.05859375 0.060546875
0 0.28271484375 0.2900390625 0.1103515625 0.072265625
0 0.611328125 0.5537109375 0.064453125 0.083984375
0 0.33349609375 0.5380859375 0.0712890625 0.125
0 0.6474609375 0.13818359375 0.04296875 0.0419921875
0 0.80029296875 0.1865234375 0.0615234375 0.04296875
0 0.802734375 0.7060546875 0.0703125 0.052734375
0 0.3154296875 0.38525390625 0.05859375 0.0712890625
0 0.0263671875 0.1240234375 0.05078125 0.09375
0 0.95947265625 0.646484375 0.0810546875 0.07421875
0 0.21533203125 0.27783203125 0.0615234375 0.0615234375
0 0.67529296875 0.1025390625 0.1064453125 0.078125
0 0.111328125 0.32763671875 0.052734375 0.0712890625
