0 0.8623046875 0.82080078125 0.271484375 0.1884765625
0 0.8583984375 0.25927734375 0.083984375 0.0771484375
0 0.44140625 0.5185546875 0.048828125 0.193359375
0 0.50390625 0.57958984375 0.11328125 0.2041015625
0 0.9677734375 0.498046875 0.064453125 0.14453125
0 0.9609375 0.607421875 0.07421875 0.125
0 0.37353515625 0.2724609375 0.1298828125 0.060546875
0 0.38525390625 0.96826171875 0.0576171875 0.0634765625
0 0.9619140625 0.611328125 0.076171875 0.115234375
0 0.30810546875 0.77099609375 0.0615234375 0.0751953125
0 0.79443359375 0.9736328125 0.0849609375 0.052734375
0 0.2470703125 0.76416015625 0.1015625 0.0673828125
0 0.93359375 0.22216796875 0.10546875 0.0888671875
0 0.3203125 0.61669921875 0.109375 0.2158203125
0 0.87451171875 0.01904296875 0.0751953125 0.0380859375
0 0.13037109375 0.20263671875 0.1376953125 0.2294921875
0 0.5029296875 0.857421875 0.091796875 0.087890625
0 0.12109375 0.4501953125 0.072265625 0.107421875
0 0.93603515625 0.76123046875 0.1279296875 0.1826171875
0 0.38232421875 0.79541015625 0.0712890625 0.1357421875
0 0.07470703125 0.5361328125 0.1181640625 0.056640625
0 0.107421875 0.76025390625 0.11328125 0.2490234375
0 0.07275390625 0.06005859375 0.0439453125 0.0341796875
0 0.79443359375 0.30859375 0.1123046875 0.193359375
0 0.3828125 0.6064453125 0.044921875 0.103515625
0 0.30859375 0.44970703125 0.12890625 0.0556640625
0 0.017578125 0.359375 0.03515625 0.15234375
0 0.2734375 0.21484375 0.09375 0.056640625
0 0.8203125 0.52392578125 0.064453125 0.1533203125
0 0.70703125 0.9853515625 0.08203125 0.029296875
0 0.39404296875 0.064453125 0.1591796875 0.087890625
0 0.619140625 0.30224609375 0.150390625 0.2548828125
0 0.255859375 0.04931640625 0.068359375 0.0986328125
0 0.97314453125 0.73291015625 0.0537109375 0.0556640625
0 0.37890625 0.48828125 0.1171875 0.181640625
0 0.7294921875 0.03662109375 0.119140625 0.0732421875
