0 0.796875 0.119140625 0.080078125 0.087890625
0 0.779296875 0.61767578125 0.134765625 0.1025390625
0 0.4482421875 0.732421875 0.158203125 0.125
0 0.67333984375 0.10595703125 0.0927734375 0.1728515625
0 0.37060546875 0.0302734375 0.1240234375 0.056640625
0 0.3095703125 0.87890625 0.130859375 0.115234375
0 0.38916015625 0.97900390625 0.0908203125 0.0419921875
0 0.1474609375 0.08251953125 0.0703125 0.0810546875
0 0.35107421875 0.220703125 0.0888671875 0.078125
0 0.78369140625 0.84033203125 0.1884765625 0.1220703125
0 0.798828125 0.45947265625 0.083984375 0.1103515625
0 0.1435546875 0.02001953125 0.13671875 0.0400390625
