0 0.7666015625 0.53564453125 0.076171875 0.0693359375
0 0.935546875 0.853515625 0.044921875 0.052734375
0 0.08349609375 0.458984375 0.0947265625 0.04296875
0 0.17724609375 0.677734375 0.1005859375 0.05859375
0 0.08935546875 0.58349609375 0.0869140625 0.0712890625
0 0.4306640625 0.6328125 0.08984375 0.029296875
0 0.91943359375 0.0361328125 0.1611328125 0.072265625
0 0.89599609375 0.95068359375 0.0380859375 0.0400390625
0 0.61767578125 0.69921875 0.0712890625 0.029296875
0 0.08642578125 0.373046875 0.1337890625 0.072265625
0 0.5634765625 0.1025390625 0.07421875 0.05859375
0 0.93603515625 0.2353515625 0.0947265625 0.05859375
0 0.56884765625 0.72802734375 0.0595703125 0.0439453125
0 0.51806640625 0.837890625 0.1767578125 0.091796875
0 0.35791015625 0.9677734375 0.0830078125 0.0546875
0 0.60546875 0.51318359375 0.041015625 0.0458984375
0 0.94287109375 0.9228515625 0.1025390625 0.046875
0 0.490234375 0.603515625 0.1640625 0.044921875
0 0.0302734375 0.73974609375 0.060546875 0.0263671875
0 0.90869140625 0.13134765625 0.0458984375 0.1123046875
0 0.931640625 0.60205078125 0.08203125 0.0634765625
0 0.923828125 0.47119140625 0.060546875 0.1416015625
0 0.564453125 0.3515625 0.109375 0.060546875
0 0.27685546875 0.63330078125 0.0537109375 0.0283203125
0 0.97314453125 0.21240234375 0.0537109375 0.0654296875
0 0.35107421875 0.57373046875 0.0888671875 0.0517578125
0 0.17431640625 0.30517578125 0.0693359375 0.0400390625
0 0.9794921875 0.6708984375 0.041015625 0.0390625
0 0.58349609375 0.54638671875 0.0986328125 0.0400390625
0 0.86767578125 0.69189453125 0.1435546875 0.0673828125
0 0.75927734375 0.0302734375 0.0537109375 0.03125
0 0.55224609375 0.98291015625 0.0712890625 0.0283203125
0 0.02685546875 0.46875 0.0537109375 0.044921875
0 0.2373046875 0.70654296875 0.10546875 0.0361328125
0 0.8037109375 0.634765625 0.21484375 0.05078125
0 0.81103515625 0.24462890625 0.1552734375 0.0771484375
0 0.71923828125 0.7353515625 0.0615234375 0.052734375
0 0.19580078125 0.5478515625 0.1025390625 0.029296875
0 0.7197265625 0.85205078125 0.14453125 0.0732421875
0 0.7275390625 0.9580078125 0.044921875 0.05859375
0 0.91259765625 0.29150390625 0.0478515625 0.0537109375
0 0.4814453125 0.6884765625 0.140625 0.0625
0 0.3427734375 0.60107421875 0.083984375 0.0556640625
0 0.04296875 0.50537109375 0.068359375 0.0361328125
0 0.1728515625 0.2177734375 0.103515625 0.0625
0 0.56884765625 0.2001953125 0.1201171875 0.103515625
0 0.97021484375 0.7109375 0.0595703125 0.041015625
0 0.25537109375 0.57275390625 0.1259765625 0.0517578125
0 0.16162109375 0.02392578125 0.0439453125 0.0478515625
0 0.06884765625 0.01171875 0.0986328125 0.021484375
0 0.7578125 0.41552734375 0.076171875 0.1181640625
0 0.66943359375 0.599609375 0.0517578125 0.103515625
0 0.62548828125 0.93798828125 0.1982421875 0.0244140625
0 0.1064453125 0.41552734375 0.087890625 0.0634765625
0 0.6796875 0.2470703125 0.052734375 0.068359375
0 0.94384765625 0.68798828125 0.0615234375 0.0908203125
0 0.97265625 0.27685546875 0.0546875 0.0341796875
0 0.771484375 0.732421875 0.05859375 0.10546875
0 0.5908203125 0.23583984375 0.076171875 0.0439453125
0 0.12939453125 0.82568359375 0.1396484375 0.0888671875
0 0.02587890625 0.89892578125 0.0517578125 0.0556640625
0 0.23193359375 0.22412109375 0.0693359375 0.0517578125
