0 0.63232421875 0.60595703125 0.0712890625 0.0439453125
0 0.30615234375 0.255859375 0.0810546875 0.1015625
0 0.42236328125 0.63818359375 0.0732421875 0.0595703125
0 0.37841796875 0.68408203125 0.0595703125 0.0400390625
0 0.17626953125 0.95068359375 0.0634765625 0.0478515625
0 0.55712890625 0.9814453125 0.0576171875 0.037109375
0 0.92236328125 0.22998046875 0.0478515625 0.0419921875
0 0.75146484375 0.85498046875 0.0732421875 0.0771484375
0 0.1435546875 0.41455078125 0.048828125 0.0556640625
0 0.39794921875 0.54638671875 0.0693359375 0.0595703125
0 0.8232421875 0.72998046875 0.0546875 0.0693359375
0 0.5146484375 0.3486328125 0.044921875 0.04296875
0 0.177734375 0.8818359375 0.064453125 0.048828125
0 0.658203125 0.8134765625 0.060546875 0.060546875
0 0.84033203125 0.12060546875 0.0712890625 0.0908203125
0 0.978515625 0.10546875 0.0390625 0.072265625
0 0.240234375 0.15478515625 0.115234375 0.0693359375
0 0.8583984375 0.98046875 0.044921875 0.0390625
0 0.57177734375 0.53466796875 0.0634765625 0.0517578125
0 0.89306640625 0.271484375 0.0712890625 0.04296875
0 0.81201171875 0.2255859375 0.0439453125 0.041015625
0 0.60205078125 0.0556640625 0.0751953125 0.078125
0 0.34912109375 0.9072265625 0.0830078125 0.05078125
0 0.6689453125 0.259765625 0.0703125 0.046875
0 0.96044921875 0.19677734375 0.0380859375 0.0380859375
0 0.85546875 0.09423828125 0.0625 0.0517578125
0 0.9697265625 0.9248046875 0.05859375 0.083984375
0 0.4814453125 0.4013671875 0.05859375 0.04296875
0 0.625 0.69140625 0.048828125 0.083984375
0 0.5791015625 0.166015625 0.064453125 0.048828125
0 0.10302734375 0.48193359375 0.0615234375 0.0400390625
0 0.41748046875 0.2958984375 0.0751953125 0.080078125
0 0.6884765625 0.68017578125 0.05859375 0.0634765625
0 0.771484375 0.17724609375 0.046875 0.0498046875
0 0.7880859375 0.61181640625 0.05078125 0.0615234375
0 0.93701171875 0.08837890625 0.0439453125 0.0458984375
0 0.51953125 0.5556640625 0.048828125 0.044921875
0 0.1669921875 0.65771484375 0.0546875 0.0439453125
0 0.49755859375 0.701171875 0.0888671875 0.0625
0 0.41357421875 0.9443359375 0.0634765625 0.056640625
0 0.47509765625 0.45703125 0.0830078125 0.0625
0 0.9169921875 0.779296875 0.068359375 0.05859375
0 0.0576171875 0.92041015625 0.06640625 0.0654296875
0 0.76513671875 0.0908203125 0.0517578125 0.064453125
