0 0.78515625 0.02734375 0.119140625 0.0546875
0 0.77490234375 0.2412109375 0.0751953125 0.04296875
0 0.5185546875 0.06103515625 0.080078125 0.0908203125
0 0.57958984375 0.65380859375 0.0771484375 0.0751953125
0 0.59912109375 0.50830078125 0.0908203125 0.0458984375
0 0.44189453125 0.619140625 0.1005859375 0.060546875
0 0.9423828125 0.34130859375 0.115234375 0.0732421875
0 0.60400390625 0.732421875 0.1123046875 0.05859375
0 0.5654296875 0.3154296875 0.068359375 0.06640625
0 0.71826171875 0.54248046875 0.1064453125 0.0458984375
0 0.8583984375 0.67919921875 0.10546875 0.0634765625
0 0.47314453125 0.982421875 0.0751953125 0.03515625
0 0.4951171875 0.51220703125 0.072265625 0.0478515625
0 0.81396484375 0.8017578125 0.1083984375 0.068359375
0 0.35546875 0.974609375 0.146484375 0.05078125
0 0.5390625 0.9345703125 0.09375 0.0546875
0 0.53369140625 0.9091796875 0.0986328125 0.056640625
0 0.7412109375 0.6533203125 0.12890625 0.068359375
0 0.67724609375 0.3876953125 0.1103515625 0.044921875
0 0.75732421875 0.45458984375 0.0849609375 0.0576171875
0 0.798828125 0.49462890625 0.0859375 0.0537109375
0 0.75 0.7978515625 0.142578125 0.0546875
0 0.8154296875 0.1884765625 0.09375 0.0546875
0 0.55419921875 0.1845703125 0.0712890625 0.064453125
0 0.4931640625 0.6787109375 0.05859375 0.05859375
0 0.8359375 0.025390625 0.1484375 0.05078125
0 0.69091796875 0.96923828125 0.0771484375 0.0517578125
0 0.34326171875 0.13916015625 0.0576171875 0.0615234375
0 0.81005859375 0.9501953125 0.1142578125 0.052734375
0 0.81787109375 0.5556640625 0.0927734375 0.05859375
0 0.81982421875 0.2822265625 0.1181640625 0.044921875
0 0.953125 0.67431640625 0.09375 0.0556640625
0 0.3974609375 0.7578125 0.060546875 0.07421875
0 0.4677734375 0.2060546875 0.05078125 0.064453125
0 0.38623046875 0.65185546875 0.0517578125 0.0517578125
0 0.87939453125 0.732421875 0.1318359375 0.046875
0 0.6865234375 0.01708984375 0.09375 0.0341796875
0 0.951171875 0.205078125 0.09765625 0.056640625
