0 0.02197265625 0.79541015625 0.0439453125 0.0361328125
0 0.162109375 0.72705078125 0.029296875 0.0380859375
0 0.29345703125 0.86962890625 0.0693359375 0.0556640625
0 0.41552734375 0.77685546875 0.0537109375 0.0576171875
0 0.01220703125 0.8173828125 0.0244140625 0.017578125
0 0.05224609375 0.84423828125 0.0849609375 0.0595703125
0 0.01904296875 0.8828125 0.0380859375 0.064453125
0 0.3916015625 0.7001953125 0.0390625 0.05859375
0 0.48193359375 0.96728515625 0.0771484375 0.0654296875
0 0.71484375 0.9326171875 0.072265625 0.091796875
0 0.5107421875 0.736328125 0.0546875 0.064453125
0 0.52490234375 0.66796875 0.0615234375 0.05078125
0 0.96484375 0.91845703125 0.0703125 0.0419921875
0 0.84765625 0.87353515625 0.056640625 0.0888671875
0 0.92578125 0.783203125 0.060546875 0.052734375
0 0.9560546875 0.8642578125 0.08203125 0.060546875
0 0.841796875 0.69873046875 0.068359375 0.0673828125
0 0.93359375 0.634765625 0.087890625 0.09375
0 0.6708984375 0.52099609375 0.04296875 0.0478515625
0 0.7470703125 0.4892578125 0.05078125 0.056640625
0 0.86376953125 0.36328125 0.0908203125 0.06640625
0 0.380859375 0.51171875 0.0546875 0.07421875
0 0.57666015625 0.6083984375 0.1201171875 0.138671875
0 0.65966796875 0.66552734375 0.0791015625 0.0595703125
0 0.37548828125 0.37109375 0.0654296875 0.060546875
0 0.5244140625 0.35546875 0.041015625 0.03515625
0 0.3828125 0.43798828125 0.05859375 0.0595703125
0 0.4306640625 0.13916015625 0.05859375 0.0673828125
0 0.44140625 0.208984375 0.0390625 0.07421875
0 0.42138671875 0.2509765625 0.0341796875 0.041015625
0 0.79296875 0.0244140625 0.060546875 0.048828125
0 0.83447265625 0.04833984375 0.0458984375 0.0771484375
0 0.84228515625 0.2587890625 0.0615234375 0.060546875
0 0.93359375 0.23095703125 0.07421875 0.0751953125
0 0.91064453125 0.173828125 0.0615234375 0.107421875
0 0.955078125 0.13427734375 0.037109375 0.0712890625
0 0.970703125 0.19970703125 0.05859375 0.0595703125
0 0.9853515625 0.1591796875 0.02734375 0.046875
0 0.810546875 0.55810546875 0.0546875 0.0537109375
0 0.8544921875 0.53955078125 0.05078125 0.0517578125
0 0.86083984375 0.57861328125 0.0458984375 0.0419921875
0 0.7734375 0.56201171875 0.037109375 0.0517578125
0 0.82177734375 0.58251953125 0.0458984375 0.0478515625
0 0.05419921875 0.1953125 0.0419921875 0.072265625
0 0.01318359375 0.53076171875 0.0263671875 0.0361328125
0 0.39697265625 0.994140625 0.0400390625 0.01171875
0 0.65478515625 0.716796875 0.0673828125 0.044921875
0 0.533203125 0.60302734375 0.0390625 0.0478515625
0 0.69775390625 0.97216796875 0.0400390625 0.0302734375
0 0.10205078125 0.3662109375 0.0263671875 0.021484375
