0 0.806640625 0.630859375 0.103515625 0.04296875
0 0.6796875 0.81103515625 0.07421875 0.0732421875
0 0.93701171875 0.73828125 0.1201171875 0.0546875
0 0.9482421875 0.46337890625 0.091796875 0.0732421875
0 0.9609375 0.41650390625 0.078125 0.0791015625
0 0.9765625 0.26611328125 0.044921875 0.0537109375
0 0.685546875 0.40087890625 0.0546875 0.0986328125
0 0.9248046875 0.92578125 0.115234375 0.037109375
0 0.95947265625 0.86572265625 0.0791015625 0.0556640625
0 0.9140625 0.86962890625 0.103515625 0.0693359375
0 0.02001953125 0.08642578125 0.0400390625 0.1044921875
0 0.9736328125 0.97705078125 0.052734375 0.0458984375
0 0.91064453125 0.97021484375 0.0791015625 0.0498046875
0 0.89306640625 0.498046875 0.0712890625 0.06640625
0 0.96630859375 0.2236328125 0.0673828125 0.037109375
