0 0.541015625 0.4619140625 0.08203125 0.080078125
0 0.61669921875 0.88232421875 0.0517578125 0.0654296875
0 0.0234375 0.7783203125 0.04296875 0.078125
0 0.5830078125 0.697265625 0.107421875 0.099609375
0 0.73193359375 0.20703125 0.0693359375 0.115234375
0 0.49072265625 0.904296875 0.0419921875 0.087890625
0 0.8681640625 0.640625 0.087890625 0.078125
0 0.90869140625 0.916015625 0.1025390625 0.1171875
0 0.828125 0.814453125 0.1328125 0.154296875
0 0.36474609375 0.6630859375 0.0498046875 0.04296875
0 0.60791015625 0.57666015625 0.0498046875 0.0732421875
0 0.0234375 0.5673828125 0.041015625 0.04296875
0 0.7509765625 0.74072265625 0.083984375 0.0419921875
0 0.97607421875 0.81689453125 0.0478515625 0.0849609375
