0 0.7763671875 0.01904296875 0.046875 0.0380859375
0 0.7822265625 0.08251953125 0.08984375 0.0966796875
0 0.66259765625 0.04736328125 0.0556640625 0.0947265625
0 0.5703125 0.0927734375 0.126953125 0.07421875
0 0.56396484375 0.19287109375 0.1455078125 0.1162109375
0 0.5546875 0.263671875 0.041015625 0.037109375
0 0.482421875 0.22314453125 0.029296875 0.0908203125
0 0.361328125 0.087890625 0.046875 0.0703125
0 0.27001953125 0.1103515625 0.0439453125 0.052734375
0 0.24853515625 0.02783203125 0.0498046875 0.0556640625
0 0.07763671875 0.03271484375 0.0498046875 0.0654296875
0 0.224609375 0.1474609375 0.12109375 0.08984375
0 0.2236328125 0.08984375 0.033203125 0.052734375
0 0.1884765625 0.19921875 0.03515625 0.06640625
0 0.1611328125 0.21484375 0.041015625 0.080078125
0 0.11181640625 0.2041015625 0.0478515625 0.046875
0 0.267578125 0.25 0.06640625 0.076171875
0 0.314453125 0.2509765625 0.03125 0.046875
0 0.2255859375 0.35888671875 0.056640625 0.0908203125
0 0.3134765625 0.3720703125 0.044921875 0.0546875
0 0.3349609375 0.3056640625 0.037109375 0.046875
0 0.431640625 0.3525390625 0.0703125 0.0625
0 0.32568359375 0.4423828125 0.0458984375 0.05078125
0 0.349609375 0.48486328125 0.02734375 0.0419921875
0 0.2744140625 0.48583984375 0.064453125 0.0439453125
0 0.3125 0.529296875 0.0546875 0.0546875
0 0.1962890625 0.47216796875 0.041015625 0.0595703125
0 0.0732421875 0.4677734375 0.068359375 0.03515625
0 0.0400390625 0.50634765625 0.044921875 0.0419921875
0 0.05224609375 0.56689453125 0.0458984375 0.0634765625
0 0.01318359375 0.5791015625 0.0263671875 0.076171875
0 0.0556640625 0.6630859375 0.041015625 0.099609375
0 0.0244140625 0.7421875 0.041015625 0.03515625
0 0.11279296875 0.712890625 0.0712890625 0.05859375
0 0.09716796875 0.83447265625 0.0595703125 0.0478515625
0 0.0244140625 0.9306640625 0.048828125 0.064453125
0 0.056640625 0.9033203125 0.078125 0.07421875
0 0.16796875 0.8798828125 0.046875 0.080078125
0 0.1591796875 0.8173828125 0.044921875 0.044921875
0 0.18408203125 0.697265625 0.0537109375 0.052734375
0 0.2197265625 0.71533203125 0.044921875 0.0498046875
0 0.27392578125 0.7236328125 0.0322265625 0.041015625
0 0.17529296875 0.76220703125 0.0380859375 0.0341796875
0 0.228515625 0.77099609375 0.05859375 0.0517578125
0 0.28369140625 0.76220703125 0.0400390625 0.0537109375
0 0.30810546875 0.83642578125 0.0517578125 0.0478515625
0 0.39453125 0.78125 0.064453125 0.0625
0 0.41162109375 0.8603515625 0.0830078125 0.044921875
0 0.50244140625 0.70849609375 0.0771484375 0.0595703125
0 0.5947265625 0.62353515625 0.068359375 0.0458984375
0 0.52099609375 0.60986328125 0.0693359375 0.0576171875
0 0.50537109375 0.5556640625 0.0322265625 0.03515625
0 0.4658203125 0.5068359375 0.037109375 0.080078125
0 0.5 0.44970703125 0.044921875 0.1025390625
0 0.68212890625 0.56689453125 0.0556640625 0.0810546875
0 0.5126953125 0.783203125 0.048828125 0.056640625
0 0.6748046875 0.73779296875 0.06640625 0.1279296875
0 0.7236328125 0.84814453125 0.078125 0.0478515625
0 0.64208984375 0.86669921875 0.1044921875 0.0595703125
0 0.36181640625 0.07275390625 0.0615234375 0.0966796875
0 0.5986328125 0.2900390625 0.037109375 0.052734375
0 0.728515625 0.2744140625 0.046875 0.03515625
0 0.681640625 0.24560546875 0.064453125 0.0595703125
0 0.62255859375 0.36181640625 0.0537109375 0.0556640625
0 0.8359375 0.31689453125 0.08203125 0.0615234375
0 0.87353515625 0.23974609375 0.0537109375 0.0478515625
0 0.78076171875 0.412109375 0.0732421875 0.0546875
0 0.87060546875 0.4423828125 0.0419921875 0.083984375
0 0.95361328125 0.396484375 0.0908203125 0.12109375
0 0.8837890625 0.47802734375 0.08984375 0.0673828125
0 0.845703125 0.5771484375 0.037109375 0.048828125
0 0.8388671875 0.6279296875 0.056640625 0.046875
0 0.8603515625 0.6796875 0.078125 0.04296875
0 0.94677734375 0.69921875 0.0517578125 0.056640625
0 0.97119140625 0.73974609375 0.0537109375 0.1064453125
0 0.97607421875 0.8984375 0.0478515625 0.037109375
0 0.9453125 0.91943359375 0.05078125 0.0595703125
0 0.9501953125 0.83154296875 0.09375 0.0849609375
0 0.81640625 0.72607421875 0.04296875 0.0419921875
0 0.85791015625 0.7607421875 0.0341796875 0.0390625
0 0.8134765625 0.76708984375 0.1015625 0.0712890625
0 0.4521484375 0.8994140625 0.04296875 0.0546875
0 0.86767578125 0.82373046875 0.0322265625 0.0537109375
0 0.8603515625 0.8681640625 0.0546875 0.056640625
0 0.8955078125 0.92138671875 0.046875 0.0478515625
0 0.7607421875 0.9013671875 0.146484375 0.056640625
0 0.68994140625 0.9794921875 0.0732421875 0.041015625
0 0.6025390625 0.98779296875 0.044921875 0.0244140625
0 0.95263671875 0.98876953125 0.0654296875 0.0224609375
0 0.7265625 0.95263671875 0.0703125 0.0498046875
0 0.751953125 0.98828125 0.052734375 0.0234375
0 0.57470703125 0.87158203125 0.0458984375 0.0576171875
0 0.5927734375 0.96142578125 0.0390625 0.0283203125
0 0.65087890625 0.939453125 0.0537109375 0.0390625
0 0.66064453125 0.9072265625 0.0576171875 0.029296875
0 0.57470703125 0.90478515625 0.0830078125 0.0322265625
0 0.3759765625 0.9853515625 0.025390625 0.029296875
0 0.9931640625 0.0693359375 0.013671875 0.033203125
0 0.99609375 0.10009765625 0.0078125 0.0205078125
0 0.97216796875 0.85888671875 0.0537109375 0.0400390625
