0 0.78466796875 0.30810546875 0.1201171875 0.0576171875
0 0.734375 0.97265625 0.138671875 0.0546875
0 0.9443359375 0.150390625 0.111328125 0.11328125
0 0.88037109375 0.587890625 0.0732421875 0.130859375
0 0.07861328125 0.267578125 0.0654296875 0.09765625
0 0.8857421875 0.43994140625 0.095703125 0.0810546875
0 0.5078125 0.6455078125 0.0546875 0.044921875
0 0.40380859375 0.9326171875 0.0966796875 0.091796875
0 0.95654296875 0.92236328125 0.0869140625 0.0751953125
0 0.31982421875 0.2822265625 0.1279296875 0.083984375
0 0.21435546875 0.59912109375 0.0771484375 0.0634765625
0 0.2294921875 0.86669921875 0.12109375 0.0810546875
0 0.02587890625 0.4287109375 0.0517578125 0.064453125
0 0.05126953125 0.06689453125 0.0791015625 0.0888671875
0 0.6376953125 0.54345703125 0.1015625 0.0673828125
0 0.357421875 0.416015625 0.068359375 0.06640625
0 0.7119140625 0.04931640625 0.087890625 0.0966796875
0 0.3466796875 0.96826171875 0.080078125 0.0634765625
0 0.3564453125 0.18212890625 0.103515625 0.0849609375
0 0.02490234375 0.73974609375 0.0498046875 0.0927734375
0 0.29638671875 0.03369140625 0.1376953125 0.0673828125
0 0.49755859375 0.06396484375 0.1337890625 0.1181640625
0 0.66064453125 0.84912109375 0.0478515625 0.0537109375
0 0.82177734375 0.13134765625 0.0517578125 0.0810546875
0 0.916015625 0.06103515625 0.123046875 0.0966796875
