0 0.78369140625 0.21337890625 0.1298828125 0.1201171875
0 0.087890625 0.1552734375 0.0390625 0.037109375
0 0.87451171875 0.09326171875 0.0966796875 0.1044921875
0 0.67822265625 0.7734375 0.0732421875 0.046875
0 0.80712890625 0.45458984375 0.1142578125 0.0673828125
0 0.0224609375 0.423828125 0.044921875 0.109375
0 0.7822265625 0.560546875 0.115234375 0.09765625
0 0.2958984375 0.31103515625 0.1640625 0.0849609375
0 0.25390625 0.64013671875 0.1171875 0.0869140625
0 0.634765625 0.15380859375 0.05078125 0.0517578125
0 0.79296875 0.87890625 0.12890625 0.115234375
0 0.3701171875 0.2431640625 0.05078125 0.048828125
0 0.70556640625 0.40966796875 0.0908203125 0.0986328125
0 0.08349609375 0.306640625 0.0478515625 0.05859375
0 0.71875 0.11962890625 0.0625 0.0556640625
0 0.89990234375 0.3369140625 0.0791015625 0.03515625
0 0.03564453125 0.82958984375 0.0712890625 0.0439453125
0 0.66845703125 0.5498046875 0.0556640625 0.064453125
0 0.77978515625 0.33544921875 0.1162109375 0.0869140625
0 0.0830078125 0.4267578125 0.048828125 0.0546875
