0 0.32177734375 0.251953125 0.1572265625 0.095703125
0 0.265625 0.2509765625 0.12890625 0.087890625
0 0.341796875 0.3125 0.08203125 0.0546875
0 0.0615234375 0.2548828125 0.08984375 0.0546875
0 0.42578125 0.283203125 0.177734375 0.087890625
0 0.22119140625 0.0947265625 0.0908203125 0.158203125
0 0.0830078125 0.0634765625 0.080078125 0.1171875
0 0.0244140625 0.0205078125 0.048828125 0.041015625
0 0.1357421875 0.103515625 0.08984375 0.20703125
0 0.2509765625 0.52587890625 0.052734375 0.1064453125
0 0.173828125 0.37158203125 0.103515625 0.1376953125
0 0.076171875 0.3427734375 0.12890625 0.130859375
0 0.0546875 0.3642578125 0.109375 0.109375
0 0.02734375 0.46044921875 0.0546875 0.0673828125
0 0.12548828125 0.537109375 0.1337890625 0.1484375
0 0.046875 0.5234375 0.09375 0.06640625
0 0.04150390625 0.5888671875 0.0830078125 0.10546875
0 0.2421875 0.7265625 0.078125 0.125
0 0.19140625 0.73681640625 0.078125 0.1806640625
0 0.1611328125 0.95947265625 0.078125 0.0791015625
0 0.09765625 0.94580078125 0.052734375 0.1064453125
0 0.015625 0.98046875 0.03125 0.0390625
0 0.06689453125 0.88330078125 0.1337890625 0.0634765625
0 0.0146484375 0.7568359375 0.029296875 0.072265625
0 0.04150390625 0.80908203125 0.0830078125 0.0751953125
0 0.5078125 0.8642578125 0.0546875 0.177734375
0 0.8056640625 0.7060546875 0.068359375 0.146484375
0 0.771484375 0.7412109375 0.1796875 0.162109375
0 0.49853515625 0.7421875 0.1884765625 0.109375
0 0.4814453125 0.76416015625 0.078125 0.1806640625
0 0.4697265625 0.556640625 0.0546875 0.04296875
0 0.4462890625 0.5078125 0.095703125 0.154296875
0 0.4638671875 0.58203125 0.23046875 0.107421875
0 0.95703125 0.90625 0.083984375 0.0859375
0 0.94384765625 0.8310546875 0.1103515625 0.05859375
0 0.77490234375 0.5517578125 0.2119140625 0.0546875
0 0.9033203125 0.5576171875 0.087890625 0.076171875
0 0.5947265625 0.0849609375 0.107421875 0.169921875
0 0.65625 0.16650390625 0.078125 0.1220703125
0 0.97119140625 0.439453125 0.0556640625 0.04296875
0 0.96875 0.5380859375 0.060546875 0.146484375
0 0.939453125 0.74609375 0.12109375 0.140625
0 0.90478515625 0.71826171875 0.1181640625 0.1455078125
0 0.9501953125 0.0185546875 0.056640625 0.037109375
0 0.6259765625 0.390625 0.087890625 0.1484375
0 0.86474609375 0.4951171875 0.1103515625 0.072265625
0 0.79052734375 0.55517578125 0.0791015625 0.1650390625
0 0.9072265625 0.38037109375 0.173828125 0.0634765625
0 0.8466796875 0.4443359375 0.119140625 0.076171875
0 0.6533203125 0.49609375 0.140625 0.1015625
0 0.8115234375 0.3603515625 0.060546875 0.125
0 0.71484375 0.27685546875 0.1484375 0.0751953125
0 0.814453125 0.2626953125 0.087890625 0.1015625
0 0.96533203125 0.23779296875 0.0673828125 0.0595703125
0 0.9765625 0.166015625 0.046875 0.0859375
0 0.8154296875 0.0751953125 0.201171875 0.052734375
0 0.69384765625 0.05322265625 0.0556640625 0.1064453125
0 0.751953125 0.05517578125 0.064453125 0.1025390625
0 0.77734375 0.18701171875 0.115234375 0.0986328125
0 0.763671875 0.15380859375 0.166015625 0.1494140625
0 0.87890625 0.2060546875 0.08984375 0.16015625
0 0.919921875 0.31005859375 0.16015625 0.0791015625
0 0.7412109375 0.2529296875 0.06640625 0.03515625
