0 0.96240234375 0.765625 0.0732421875 0.046875
0 0.03466796875 0.3583984375 0.0693359375 0.072265625
0 0.17138671875 0.0673828125 0.1181640625 0.095703125
0 0.0693359375 0.20849609375 0.07421875 0.0634765625
0 0.064453125 0.71875 0.068359375 0.0703125
0 0.86767578125 0.48388671875 0.0615234375 0.0947265625
0 0.15283203125 0.21923828125 0.0869140625 0.1279296875
0 0.26318359375 0.27978515625 0.0791015625 0.0654296875
0 0.9541015625 0.81591796875 0.091796875 0.0595703125
0 0.9072265625 0.5029296875 0.056640625 0.0703125
0 0.125 0.4609375 0.06640625 0.078125
0 0.0517578125 0.58447265625 0.078125 0.0654296875
0 0.19580078125 0.54736328125 0.0927734375 0.0751953125
0 0.7490234375 0.798828125 0.060546875 0.0546875
0 0.7646484375 0.744140625 0.080078125 0.05078125
