0 0.4951171875 0.2353515625 0.076171875 0.06640625
0 0.39697265625 0.84326171875 0.0966796875 0.0439453125
0 0.3505859375 0.138671875 0.109375 0.0546875
0 0.6650390625 0.45458984375 0.091796875 0.0263671875
0 0.75 0.63427734375 0.072265625 0.0341796875
0 0.02001953125 0.4912109375 0.0400390625 0.025390625
0 0.67138671875 0.86767578125 0.0888671875 0.0322265625
0 0.95751953125 0.880859375 0.0849609375 0.05078125
0 0.80859375 0.15966796875 0.029296875 0.1064453125
0 0.75732421875 0.5322265625 0.0908203125 0.03125
0 0.61083984375 0.7548828125 0.0654296875 0.046875
0 0.31396484375 0.595703125 0.0341796875 0.041015625
0 0.83447265625 0.6953125 0.0673828125 0.033203125
0 0.4296875 0.24267578125 0.091796875 0.0302734375
0 0.0625 0.1025390625 0.11328125 0.041015625
0 0.3642578125 0.1884765625 0.05078125 0.05859375
0 0.4248046875 0.533203125 0.146484375 0.033203125
0 0.4970703125 0.16748046875 0.072265625 0.0595703125
0 0.626953125 0.919921875 0.08984375 0.021484375
0 0.35205078125 0.5009765625 0.0791015625 0.033203125
0 0.52392578125 0.748046875 0.0478515625 0.03515625
0 0.60546875 0.51513671875 0.064453125 0.0498046875
0 0.96240234375 0.53271484375 0.0400390625 0.0400390625
0 0.97998046875 0.658203125 0.0400390625 0.072265625
0 0.09521484375 0.25390625 0.0556640625 0.033203125
0 0.833984375 0.32080078125 0.09765625 0.0380859375
0 0.87451171875 0.85546875 0.0439453125 0.029296875
0 0.05029296875 0.14599609375 0.0927734375 0.0458984375
0 0.5302734375 0.0615234375 0.056640625 0.0625
0 0.05419921875 0.04638671875 0.1044921875 0.0615234375
0 0.5400390625 0.1220703125 0.0625 0.037109375
0 0.8525390625 0.93212890625 0.064453125 0.0361328125
0 0.50830078125 0.6279296875 0.0888671875 0.041015625
0 0.21044921875 0.61376953125 0.1123046875 0.0458984375
0 0.7587890625 0.49560546875 0.0625 0.0537109375
0 0.56298828125 0.1689453125 0.1083984375 0.087890625
0 0.6640625 0.17529296875 0.091796875 0.0810546875
0 0.33935546875 0.20654296875 0.0849609375 0.0986328125
0 0.86572265625 0.216796875 0.1083984375 0.03515625
0 0.22705078125 0.990234375 0.0771484375 0.01953125
0 0.0673828125 0.02294921875 0.10546875 0.0458984375
0 0.59619140625 0.15478515625 0.0791015625 0.0712890625
0 0.04736328125 0.45654296875 0.0947265625 0.0654296875
0 0.564453125 0.3447265625 0.1171875 0.056640625
0 0.58154296875 0.4794921875 0.1103515625 0.029296875
0 0.62451171875 0.81982421875 0.1787109375 0.0615234375
0 0.64208984375 0.744140625 0.0673828125 0.048828125
0 0.91064453125 0.4794921875 0.1025390625 0.04296875
0 0.07421875 0.56005859375 0.07421875 0.0380859375
0 0.42431640625 0.97216796875 0.1220703125 0.0517578125
0 0.537109375 0.8896484375 0.1015625 0.048828125
0 0.31298828125 0.40771484375 0.0771484375 0.0771484375
0 0.22119140625 0.89453125 0.0380859375 0.03515625
0 0.97802734375 0.30712890625 0.0400390625 0.0810546875
0 0.16015625 0.29296875 0.103515625 0.044921875
0 0.96728515625 0.48291015625 0.0654296875 0.0439453125
0 0.2060546875 0.47802734375 0.03125 0.0556640625
0 0.2255859375 0.52978515625 0.08984375 0.0517578125
