0 0.8857421875 0.80419921875 0.0703125 0.0966796875
0 0.89208984375 0.74609375 0.0498046875 0.056640625
0 0.96142578125 0.68408203125 0.0458984375 0.0478515625
0 0.7158203125 0.70703125 0.07421875 0.046875
0 0.8056640625 0.64013671875 0.05078125 0.0478515625
0 0.763671875 0.62939453125 0.0703125 0.0478515625
0 0.431640625 0.7900390625 0.095703125 0.056640625
0 0.4326171875 0.7255859375 0.09375 0.076171875
0 0.271484375 0.92919921875 0.087890625 0.0576171875
0 0.2880859375 0.8271484375 0.080078125 0.09375
0 0.3125 0.751953125 0.0546875 0.087890625
0 0.1005859375 0.8271484375 0.078125 0.046875
0 0.1923828125 0.8212890625 0.0625 0.0703125
0 0.2265625 0.814453125 0.05078125 0.076171875
0 0.20263671875 0.7490234375 0.1142578125 0.05078125
0 0.234375 0.6416015625 0.0546875 0.068359375
0 0.29736328125 0.65576171875 0.0322265625 0.0517578125
0 0.3486328125 0.556640625 0.05859375 0.037109375
0 0.13525390625 0.4853515625 0.0888671875 0.052734375
0 0.3955078125 0.39697265625 0.087890625 0.0478515625
0 0.74755859375 0.453125 0.0498046875 0.072265625
0 0.14697265625 0.27197265625 0.0400390625 0.0498046875
0 0.1123046875 0.20849609375 0.0546875 0.0439453125
0 0.2919921875 0.208984375 0.064453125 0.060546875
0 0.2275390625 0.16845703125 0.115234375 0.0439453125
0 0.1943359375 0.1005859375 0.05859375 0.052734375
0 0.50927734375 0.38232421875 0.0537109375 0.0498046875
0 0.79736328125 0.29345703125 0.0615234375 0.1083984375
0 0.70751953125 0.2587890625 0.0537109375 0.056640625
0 0.6142578125 0.2978515625 0.068359375 0.05859375
0 0.498046875 0.23681640625 0.064453125 0.0556640625
0 0.5859375 0.23681640625 0.076171875 0.0595703125
0 0.56005859375 0.177734375 0.0927734375 0.0546875
0 0.8505859375 0.18994140625 0.056640625 0.0419921875
0 0.95166015625 0.22021484375 0.0498046875 0.0576171875
0 0.75244140625 0.18701171875 0.0361328125 0.0361328125
0 0.32568359375 0.06640625 0.0966796875 0.060546875
0 0.12646484375 0.08544921875 0.0498046875 0.0537109375
0 0.1025390625 0.53564453125 0.0625 0.0400390625
0 0.94189453125 0.5927734375 0.0419921875 0.05859375
0 0.90966796875 0.69287109375 0.0498046875 0.0419921875
0 0.3759765625 0.26171875 0.064453125 0.07421875
0 0.19384765625 0.04345703125 0.0400390625 0.0224609375
0 0.67041015625 0.04541015625 0.0439453125 0.0302734375
0 0.27880859375 0.63720703125 0.0341796875 0.0419921875
0 0.158203125 0.595703125 0.06640625 0.048828125
