0 0.94970703125 0.1806640625 0.0458984375 0.05078125
0 0.88671875 0.14453125 0.080078125 0.109375
0 0.6396484375 0.28955078125 0.09375 0.0556640625
0 0.59375 0.1611328125 0.0546875 0.095703125
0 0.60791015625 0.3701171875 0.0361328125 0.06640625
0 0.4619140625 0.24169921875 0.15234375 0.0947265625
0 0.5224609375 0.31982421875 0.03515625 0.0693359375
0 0.47802734375 0.32373046875 0.0322265625 0.0517578125
0 0.39501953125 0.24462890625 0.0634765625 0.1396484375
0 0.466796875 0.2802734375 0.0234375 0.033203125
0 0.43798828125 0.31396484375 0.0380859375 0.0869140625
0 0.44677734375 0.23583984375 0.0439453125 0.1259765625
0 0.39208984375 0.12744140625 0.0537109375 0.1103515625
0 0.25537109375 0.15234375 0.0244140625 0.046875
0 0.55859375 0.40478515625 0.068359375 0.1044921875
0 0.23583984375 0.45654296875 0.0712890625 0.0751953125
0 0.74853515625 0.05078125 0.1240234375 0.1015625
0 0.53076171875 0.017578125 0.0341796875 0.03515625
0 0.38037109375 0.046875 0.0732421875 0.08984375
0 0.0595703125 0.0205078125 0.0546875 0.041015625
0 0.09326171875 0.1181640625 0.0458984375 0.091796875
0 0.16259765625 0.056640625 0.0595703125 0.09765625
0 0.0361328125 0.4931640625 0.072265625 0.09375
0 0.11669921875 0.443359375 0.0478515625 0.037109375
0 0.2421875 0.365234375 0.150390625 0.099609375
0 0.0791015625 0.3056640625 0.08984375 0.05859375
0 0.59521484375 0.5029296875 0.1474609375 0.1640625
0 0.35791015625 0.58349609375 0.1201171875 0.0595703125
0 0.20068359375 0.5673828125 0.1591796875 0.158203125
0 0.20263671875 0.796875 0.2294921875 0.13671875
0 0.212890625 0.8916015625 0.125 0.060546875
0 0.38720703125 0.75732421875 0.2177734375 0.0927734375
0 0.45361328125 0.6904296875 0.0537109375 0.095703125
0 0.5986328125 0.6650390625 0.19140625 0.10546875
0 0.48779296875 0.9580078125 0.0478515625 0.083984375
0 0.67578125 0.96533203125 0.048828125 0.0595703125
0 0.595703125 0.79736328125 0.099609375 0.0419921875
0 0.56494140625 0.7412109375 0.0751953125 0.083984375
0 0.7880859375 0.67578125 0.05859375 0.07421875
0 0.8193359375 0.83642578125 0.0625 0.0556640625
0 0.89208984375 0.7392578125 0.0947265625 0.091796875
0 0.9306640625 0.67724609375 0.078125 0.0654296875
0 0.91455078125 0.90185546875 0.1162109375 0.1240234375
0 0.96728515625 0.93896484375 0.0576171875 0.0498046875
0 0.5302734375 0.9775390625 0.078125 0.044921875
0 0.10986328125 0.72021484375 0.0322265625 0.0380859375
0 0.94970703125 0.65283203125 0.0458984375 0.0419921875
0 0.216796875 0.3662109375 0.123046875 0.09765625
0 0.95068359375 0.40234375 0.0263671875 0.0546875
0 0.88916015625 0.70361328125 0.0400390625 0.0400390625
0 0.5771484375 0.7763671875 0.041015625 0.025390625
