0 0.955078125 0.10107421875 0.0859375 0.0458984375
0 0.53369140625 0.51220703125 0.0947265625 0.0380859375
0 0.8232421875 0.97265625 0.099609375 0.0546875
0 0.5205078125 0.16943359375 0.1171875 0.0927734375
0 0.61962890625 0.26171875 0.2119140625 0.12109375
0 0.94677734375 0.17578125 0.1025390625 0.05078125
0 0.91796875 0.54931640625 0.1640625 0.0888671875
0 0.64013671875 0.298828125 0.1298828125 0.048828125
0 0.0224609375 0.02587890625 0.044921875 0.0419921875
0 0.7705078125 0.0244140625 0.109375 0.048828125
0 0.9521484375 0.42724609375 0.095703125 0.0732421875
0 0.6728515625 0.1611328125 0.17578125 0.111328125
0 0.54541015625 0.05908203125 0.1962890625 0.1044921875
0 0.896484375 0.0537109375 0.205078125 0.05859375
0 0.810546875 0.13720703125 0.130859375 0.0712890625
0 0.970703125 0.2529296875 0.05859375 0.060546875
0 0.7890625 0.38330078125 0.171875 0.0615234375
0 0.8525390625 0.7373046875 0.09375 0.0546875
0 0.857421875 0.6875 0.115234375 0.087890625
0 0.72802734375 0.32568359375 0.0673828125 0.0400390625
0 0.8515625 0.01806640625 0.068359375 0.0361328125
0 0.82666015625 0.2734375 0.0849609375 0.0625
