0 0.39794921875 0.3935546875 0.1103515625 0.115234375
0 0.23876953125 0.33251953125 0.0712890625 0.0849609375
0 0.50830078125 0.31201171875 0.0380859375 0.0576171875
0 0.5498046875 0.38427734375 0.060546875 0.0712890625
0 0.80712890625 0.42041015625 0.0751953125 0.0869140625
0 0.54638671875 0.478515625 0.0361328125 0.0625
0 0.36962890625 0.490234375 0.0439453125 0.0390625
0 0.35888671875 0.615234375 0.0517578125 0.0546875
0 0.607421875 0.6181640625 0.103515625 0.1015625
0 0.92822265625 0.583984375 0.0986328125 0.072265625
0 0.26025390625 0.08447265625 0.0556640625 0.0556640625
0 0.27197265625 0.16845703125 0.0712890625 0.0634765625
0 0.53759765625 0.1298828125 0.0712890625 0.1171875
0 0.16748046875 0.0234375 0.0556640625 0.044921875
0 0.2353515625 0.0244140625 0.0546875 0.037109375
0 0.02978515625 0.08984375 0.0595703125 0.15234375
0 0.0263671875 0.8330078125 0.052734375 0.052734375
0 0.38671875 0.92236328125 0.08203125 0.1044921875
0 0.0771484375 0.88427734375 0.064453125 0.0556640625
0 0.1513671875 0.95068359375 0.138671875 0.0986328125
0 0.23388671875 0.65625 0.0654296875 0.060546875
0 0.462890625 0.685546875 0.09375 0.103515625
0 0.84228515625 0.59619140625 0.0732421875 0.0693359375
0 0.12548828125 0.49560546875 0.0595703125 0.0732421875
0 0.01806640625 0.359375 0.0361328125 0.099609375
0 0.09033203125 0.43310546875 0.0830078125 0.0966796875
0 0.0283203125 0.69580078125 0.056640625 0.0810546875
0 0.85888671875 0.6982421875 0.0693359375 0.099609375
0 0.77197265625 0.83740234375 0.0615234375 0.0830078125
0 0.5908203125 0.79931640625 0.0390625 0.0595703125
0 0.62451171875 0.7099609375 0.0439453125 0.083984375
0 0.9697265625 0.833984375 0.0546875 0.046875
0 0.9091796875 0.72412109375 0.05078125 0.0732421875
0 0.7568359375 0.01318359375 0.05078125 0.0263671875
0 0.9765625 0.060546875 0.046875 0.08203125
0 0.5732421875 0.93359375 0.13671875 0.1328125
0 0.9052734375 0.9541015625 0.056640625 0.064453125
0 0.95458984375 0.9501953125 0.0615234375 0.091796875
0 0.57080078125 0.23388671875 0.0341796875 0.0341796875
0 0.33642578125 0.59521484375 0.0380859375 0.0615234375
0 0.5947265625 0.23095703125 0.03125 0.0263671875
0 0.33251953125 0.54248046875 0.0400390625 0.0419921875
0 0.3466796875 0.42529296875 0.0625 0.0966796875
0 0.6513671875 0.20361328125 0.046875 0.0849609375
0 0.65625 0.25634765625 0.046875 0.0810546875
0 0.74755859375 0.1591796875 0.0595703125 0.048828125
0 0.56103515625 0.7744140625 0.0400390625 0.03515625
0 0.7060546875 0.76416015625 0.03515625 0.0302734375
0 0.99169921875 0.880859375 0.0146484375 0.03515625
0 0.9677734375 0.2646484375 0.052734375 0.0859375
0 0.98583984375 0.18798828125 0.0283203125 0.0986328125
0 0.71630859375 0.1171875 0.0712890625 0.05078125
0 0.32763671875 0.013671875 0.0498046875 0.02734375
0 0.4306640625 0.40625 0.052734375 0.12109375
0 0.94970703125 0.4345703125 0.0244140625 0.025390625
0 0.572265625 0.4921875 0.025390625 0.037109375
0 0.60595703125 0.697265625 0.0712890625 0.072265625
0 0.7958984375 0.80810546875 0.029296875 0.0302734375
0 0.29931640625 0.99462890625 0.1533203125 0.0107421875
0 0.1005859375 0.85986328125 0.041015625 0.0283203125
0 0.69970703125 0.0576171875 0.0654296875 0.09375
0 0.017578125 0.73681640625 0.03515625 0.0380859375
