0 0.48974609375 0.46142578125 0.0908203125 0.0478515625
0 0.7451171875 0.7548828125 0.087890625 0.052734375
0 0.0888671875 0.7978515625 0.05078125 0.056640625
0 0.8125 0.34033203125 0.1171875 0.0576171875
0 0.26904296875 0.888671875 0.1123046875 0.041015625
0 0.93017578125 0.41748046875 0.0908203125 0.0400390625
0 0.97900390625 0.3173828125 0.0419921875 0.048828125
0 0.837890625 0.48486328125 0.068359375 0.0478515625
0 0.1826171875 0.87548828125 0.041015625 0.0517578125
0 0.1337890625 0.5322265625 0.083984375 0.06640625
0 0.93408203125 0.326171875 0.0458984375 0.0546875
0 0.19091796875 0.77294921875 0.0478515625 0.0478515625
0 0.9794921875 0.83935546875 0.033203125 0.0400390625
0 0.51904296875 0.2783203125 0.0849609375 0.0625
0 0.70458984375 0.42578125 0.1416015625 0.044921875
0 0.0673828125 0.453125 0.0390625 0.048828125
0 0.25146484375 0.57470703125 0.1044921875 0.1201171875
0 0.77783203125 0.6875 0.0830078125 0.04296875
0 0.0625 0.650390625 0.109375 0.044921875
0 0.7978515625 0.24755859375 0.111328125 0.0576171875
0 0.59326171875 0.4033203125 0.0947265625 0.04296875
0 0.06982421875 0.103515625 0.0791015625 0.060546875
0 0.35986328125 0.45751953125 0.0400390625 0.0263671875
0 0.1484375 0.34228515625 0.119140625 0.0361328125
0 0.9052734375 0.80615234375 0.048828125 0.0341796875
0 0.07373046875 0.16259765625 0.0498046875 0.0556640625
0 0.7080078125 0.3681640625 0.091796875 0.044921875
0 0.16943359375 0.30615234375 0.0732421875 0.0361328125
0 0.0205078125 0.36376953125 0.041015625 0.0361328125
0 0.11376953125 0.875 0.0478515625 0.046875
0 0.7412109375 0.21484375 0.109375 0.064453125
0 0.86328125 0.359375 0.064453125 0.037109375
0 0.12646484375 0.75634765625 0.0498046875 0.0419921875
0 0.5830078125 0.30859375 0.095703125 0.0625
0 0.04248046875 0.84716796875 0.0673828125 0.0595703125
0 0.6865234375 0.0888671875 0.0859375 0.072265625
0 0.6904296875 0.5029296875 0.103515625 0.048828125
0 0.39013671875 0.2392578125 0.0439453125 0.041015625
0 0.91259765625 0.7626953125 0.0673828125 0.05078125
0 0.228515625 0.37451171875 0.076171875 0.0283203125
0 0.79833984375 0.44091796875 0.0400390625 0.0380859375
0 0.3330078125 0.4013671875 0.072265625 0.041015625
0 0.1904296875 0.4443359375 0.052734375 0.05859375
0 0.93359375 0.83447265625 0.0390625 0.0380859375
0 0.900390625 0.1884765625 0.12109375 0.078125
0 0.2646484375 0.29345703125 0.064453125 0.0693359375
