0 0.02734375 0.177734375 0.052734375 0.10546875
0 0.75146484375 0.97265625 0.0810546875 0.052734375
0 0.85302734375 0.9091796875 0.0556640625 0.03515625
0 0.9697265625 0.94140625 0.060546875 0.0625
0 0.9638671875 0.87939453125 0.056640625 0.0615234375
0 0.9609375 0.80224609375 0.05859375 0.0556640625
0 0.98046875 0.76171875 0.0390625 0.060546875
0 0.8427734375 0.80712890625 0.05078125 0.0380859375
0 0.83642578125 0.76708984375 0.0537109375 0.0458984375
0 0.89599609375 0.744140625 0.0654296875 0.083984375
0 0.9345703125 0.72412109375 0.037109375 0.0537109375
0 0.962890625 0.7138671875 0.03515625 0.0625
0 0.9248046875 0.66650390625 0.021484375 0.0244140625
0 0.916015625 0.5546875 0.03515625 0.03125
0 0.84423828125 0.49609375 0.0361328125 0.052734375
0 0.88134765625 0.49560546875 0.0400390625 0.0458984375
0 0.9345703125 0.51611328125 0.03515625 0.0302734375
0 0.974609375 0.4912109375 0.03125 0.0703125
0 0.9375 0.44482421875 0.0390625 0.0380859375
0 0.95166015625 0.31689453125 0.0673828125 0.0751953125
0 0.9169921875 0.26904296875 0.041015625 0.0537109375
0 0.89404296875 0.310546875 0.0439453125 0.044921875
0 0.81689453125 0.30615234375 0.0439453125 0.0927734375
0 0.833984375 0.30322265625 0.07421875 0.0869140625
0 0.76416015625 0.3623046875 0.0419921875 0.0625
0 0.80517578125 0.15771484375 0.0380859375 0.0498046875
0 0.88623046875 0.1259765625 0.0458984375 0.0546875
0 0.7783203125 0.07568359375 0.029296875 0.0537109375
0 0.943359375 0.021484375 0.0546875 0.041015625
0 0.73779296875 0.01318359375 0.0517578125 0.0263671875
0 0.71826171875 0.66162109375 0.0732421875 0.0595703125
0 0.7119140625 0.419921875 0.08984375 0.08984375
0 0.70166015625 0.19677734375 0.0693359375 0.1552734375
0 0.5048828125 0.9931640625 0.046875 0.013671875
0 0.36767578125 0.986328125 0.0712890625 0.025390625
0 0.634765625 0.662109375 0.05859375 0.046875
0 0.5869140625 0.560546875 0.060546875 0.0546875
0 0.55078125 0.51416015625 0.083984375 0.0654296875
0 0.6259765625 0.41943359375 0.060546875 0.0712890625
0 0.55712890625 0.29150390625 0.0576171875 0.0576171875
0 0.49853515625 0.2392578125 0.0673828125 0.115234375
0 0.544921875 0.2265625 0.060546875 0.109375
0 0.53515625 0.13525390625 0.064453125 0.0830078125
0 0.61474609375 0.064453125 0.0654296875 0.126953125
0 0.64208984375 0.0673828125 0.0498046875 0.134765625
0 0.5185546875 0.0205078125 0.072265625 0.041015625
0 0.3125 0.04345703125 0.041015625 0.0498046875
0 0.1884765625 0.06494140625 0.0546875 0.0693359375
0 0.08203125 0.11279296875 0.056640625 0.1083984375
0 0.08203125 0.1845703125 0.064453125 0.05859375
0 0.02490234375 0.29736328125 0.0498046875 0.0634765625
0 0.03955078125 0.265625 0.0791015625 0.06640625
0 0.357421875 0.384765625 0.09375 0.078125
0 0.02392578125 0.544921875 0.0478515625 0.044921875
0 0.06494140625 0.54736328125 0.0537109375 0.0576171875
0 0.03955078125 0.61669921875 0.0537109375 0.0576171875
0 0.013671875 0.6708984375 0.02734375 0.056640625
0 0.15478515625 0.75244140625 0.0791015625 0.0908203125
0 0.19482421875 0.82958984375 0.0556640625 0.0634765625
0 0.03173828125 0.89501953125 0.0634765625 0.0576171875
0 0.03564453125 0.96337890625 0.0712890625 0.0732421875
0 0.111328125 0.98388671875 0.083984375 0.0302734375
0 0.1396484375 0.9375 0.146484375 0.060546875
0 0.146484375 0.357421875 0.03125 0.037109375
0 0.875 0.2802734375 0.029296875 0.041015625
0 0.92041015625 0.46630859375 0.0361328125 0.0517578125
0 0.953125 0.49462890625 0.029296875 0.0673828125
0 0.04833984375 0.15283203125 0.0654296875 0.0556640625
0 0.921875 0.06103515625 0.02734375 0.0615234375
0 0.96533203125 0.619140625 0.0244140625 0.01953125
