0 0.484375 0.0693359375 0.0546875 0.11328125
0 0.46337890625 0.1767578125 0.0908203125 0.0859375
0 0.32568359375 0.65625 0.0576171875 0.08203125
0 0.083984375 0.14794921875 0.078125 0.0595703125
0 0.33984375 0.4921875 0.076171875 0.091796875
0 0.19384765625 0.18212890625 0.0595703125 0.0458984375
0 0.35546875 0.7529296875 0.046875 0.04296875
0 0.14892578125 0.8779296875 0.1005859375 0.109375
0 0.4638671875 0.7529296875 0.076171875 0.060546875
0 0.03857421875 0.04931640625 0.0517578125 0.0732421875
0 0.146484375 0.30126953125 0.037109375 0.0400390625
0 0.57421875 0.20068359375 0.044921875 0.0634765625
0 0.3935546875 0.1220703125 0.0625 0.05078125
0 0.603515625 0.3603515625 0.046875 0.111328125
0 0.5048828125 0.93701171875 0.064453125 0.0322265625
0 0.3779296875 0.68505859375 0.068359375 0.0673828125
0 0.19580078125 0.12939453125 0.0498046875 0.0517578125
0 0.0791015625 0.07666015625 0.072265625 0.0712890625
0 0.82177734375 0.35302734375 0.0576171875 0.0654296875
0 0.5380859375 0.4775390625 0.03125 0.0859375
0 0.96337890625 0.2900390625 0.0732421875 0.130859375
0 0.5322265625 0.02783203125 0.0390625 0.0556640625
0 0.880859375 0.78271484375 0.05078125 0.0498046875
0 0.78173828125 0.7119140625 0.0400390625 0.05859375
0 0.96337890625 0.482421875 0.0576171875 0.078125
0 0.35009765625 0.046875 0.0712890625 0.091796875
0 0.75634765625 0.86474609375 0.0673828125 0.0673828125
0 0.3837890625 0.44970703125 0.05078125 0.0791015625
0 0.87060546875 0.3916015625 0.0595703125 0.1015625
0 0.5224609375 0.75146484375 0.072265625 0.0537109375
0 0.83642578125 0.7529296875 0.0498046875 0.076171875
0 0.0908203125 0.27978515625 0.064453125 0.0771484375
0 0.56689453125 0.82958984375 0.0869140625 0.0380859375
0 0.03125 0.4404296875 0.060546875 0.103515625
0 0.60595703125 0.41015625 0.0556640625 0.080078125
0 0.02783203125 0.853515625 0.0537109375 0.03515625
0 0.1435546875 0.38134765625 0.05859375 0.1279296875
0 0.8349609375 0.0693359375 0.0546875 0.099609375
0 0.72998046875 0.19091796875 0.0615234375 0.0751953125
0 0.70361328125 0.72412109375 0.0908203125 0.0927734375
0 0.06201171875 0.5517578125 0.1240234375 0.072265625
0 0.63818359375 0.90087890625 0.0634765625 0.0517578125
0 0.5517578125 0.08642578125 0.05078125 0.0830078125
0 0.1484375 0.4052734375 0.09375 0.099609375
0 0.3056640625 0.0224609375 0.03125 0.044921875
0 0.97021484375 0.1748046875 0.0517578125 0.048828125
0 0.9169921875 0.4287109375 0.044921875 0.087890625
0 0.5556640625 0.39306640625 0.087890625 0.1123046875
0 0.49560546875 0.5068359375 0.0556640625 0.06640625
0 0.81005859375 0.84130859375 0.0712890625 0.0517578125
0 0.98486328125 0.6708984375 0.0302734375 0.091796875
0 0.33544921875 0.962890625 0.1025390625 0.07421875
0 0.2568359375 0.04443359375 0.06640625 0.0869140625
0 0.27587890625 0.50927734375 0.0498046875 0.0498046875
0 0.4560546875 0.59423828125 0.0390625 0.0400390625
0 0.5888671875 0.75439453125 0.05078125 0.0830078125
0 0.06298828125 0.80322265625 0.0576171875 0.0498046875
0 0.2353515625 0.1826171875 0.076171875 0.07421875
0 0.83251953125 0.41943359375 0.0517578125 0.0849609375
0 0.689453125 0.33740234375 0.083984375 0.0517578125
0 0.40380859375 0.8017578125 0.0537109375 0.076171875
