0 0.66455078125 0.04150390625 0.0556640625 0.0380859375
0 0.556640625 0.61181640625 0.05078125 0.0478515625
0 0.48974609375 0.30810546875 0.0419921875 0.0458984375
0 0.36376953125 0.53515625 0.0595703125 0.04296875
0 0.7158203125 0.01904296875 0.048828125 0.0380859375
0 0.47021484375 0.86376953125 0.0458984375 0.0458984375
0 0.50439453125 0.68115234375 0.0458984375 0.0634765625
0 0.34765625 0.79150390625 0.056640625 0.0615234375
0 0.85791015625 0.6591796875 0.0966796875 0.07421875
0 0.61376953125 0.70703125 0.0693359375 0.048828125
0 0.12646484375 0.810546875 0.0595703125 0.05859375
0 0.8671875 0.08154296875 0.052734375 0.0361328125
0 0.310546875 0.6318359375 0.046875 0.04296875
0 0.1103515625 0.02392578125 0.0546875 0.0439453125
0 0.37451171875 0.63134765625 0.0576171875 0.0537109375
0 0.5576171875 0.67431640625 0.041015625 0.0458984375
0 0.693359375 0.74658203125 0.087890625 0.0673828125
0 0.49169921875 0.412109375 0.0419921875 0.033203125
0 0.01416015625 0.26708984375 0.0283203125 0.0634765625
0 0.701171875 0.2421875 0.060546875 0.072265625
0 0.09619140625 0.142578125 0.0537109375 0.052734375
0 0.5849609375 0.8984375 0.05078125 0.064453125
0 0.46728515625 0.7197265625 0.0654296875 0.099609375
0 0.0888671875 0.20654296875 0.029296875 0.0576171875
0 0.640625 0.9775390625 0.08984375 0.041015625
0 0.6650390625 0.42578125 0.06640625 0.080078125
0 0.16796875 0.9150390625 0.046875 0.041015625
0 0.55224609375 0.10693359375 0.0576171875 0.0576171875
0 0.42041015625 0.58056640625 0.0576171875 0.0673828125
