0 0.056640625 0.1728515625 0.11328125 0.1484375
0 0.19140625 0.32861328125 0.11328125 0.0439453125
0 0.10791015625 0.2744140625 0.1533203125 0.216796875
0 0.2333984375 0.1123046875 0.091796875 0.126953125
0 0.3076171875 0.1796875 0.111328125 0.263671875
0 0.234375 0.04296875 0.05078125 0.0859375
0 0.443359375 0.0556640625 0.1640625 0.111328125
0 0.49169921875 0.1875 0.1298828125 0.044921875
0 0.5107421875 0.142578125 0.236328125 0.064453125
0 0.5732421875 0.1494140625 0.064453125 0.181640625
0 0.7431640625 0.08984375 0.177734375 0.05078125
0 0.947265625 0.10546875 0.103515625 0.14453125
0 0.28271484375 0.1064453125 0.1650390625 0.1484375
0 0.81396484375 0.05224609375 0.1494140625 0.0634765625
0 0.44140625 0.294921875 0.0546875 0.1796875
0 0.51171875 0.3427734375 0.12109375 0.134765625
0 0.294921875 0.34130859375 0.078125 0.1181640625
0 0.3798828125 0.26025390625 0.068359375 0.2236328125
0 0.9091796875 0.28564453125 0.154296875 0.0830078125
0 0.94580078125 0.396484375 0.1064453125 0.111328125
0 0.888671875 0.4013671875 0.203125 0.048828125
0 0.75732421875 0.376953125 0.0751953125 0.064453125
0 0.73291015625 0.421875 0.0439453125 0.0546875
0 0.7939453125 0.2734375 0.1484375 0.140625
0 0.97509765625 0.8095703125 0.0478515625 0.0625
0 0.974609375 0.884765625 0.046875 0.041015625
0 0.669921875 0.974609375 0.04296875 0.05078125
0 0.78759765625 0.9658203125 0.1064453125 0.064453125
0 0.818359375 0.91259765625 0.087890625 0.1142578125
0 0.71533203125 0.83642578125 0.1728515625 0.0556640625
0 0.63330078125 0.92333984375 0.1884765625 0.0947265625
0 0.90869140625 0.80126953125 0.0947265625 0.0947265625
0 0.82373046875 0.814453125 0.1376953125 0.197265625
0 0.73193359375 0.67333984375 0.1650390625 0.0869140625
0 0.5830078125 0.67041015625 0.119140625 0.0751953125
0 0.599609375 0.62841796875 0.18359375 0.0751953125
0 0.7314453125 0.5673828125 0.166015625 0.087890625
0 0.5849609375 0.80859375 0.09765625 0.1875
0 0.70361328125 0.744140625 0.1611328125 0.06640625
0 0.603515625 0.6328125 0.08984375 0.216796875
0 0.5869140625 0.52392578125 0.080078125 0.1220703125
0 0.33642578125 0.646484375 0.1259765625 0.19140625
0 0.486328125 0.4384765625 0.140625 0.189453125
0 0.05517578125 0.98681640625 0.0322265625 0.0244140625
0 0.0263671875 0.94921875 0.052734375 0.0546875
0 0.16455078125 0.91015625 0.0947265625 0.09765625
0 0.1904296875 0.98486328125 0.056640625 0.0283203125
0 0.30712890625 0.94189453125 0.0908203125 0.1142578125
0 0.681640625 0.4365234375 0.078125 0.283203125
0 0.2646484375 0.74658203125 0.103515625 0.2197265625
0 0.30712890625 0.70947265625 0.0869140625 0.1611328125
0 0.19091796875 0.84228515625 0.1455078125 0.2119140625
0 0.103515625 0.5771484375 0.064453125 0.19140625
0 0.16015625 0.4814453125 0.19140625 0.1328125
0 0.037109375 0.6611328125 0.07421875 0.078125
0 0.0576171875 0.4970703125 0.076171875 0.25
0 0.44482421875 0.6689453125 0.0595703125 0.130859375
0 0.40283203125 0.919921875 0.1572265625 0.158203125
0 0.44384765625 0.880859375 0.0986328125 0.0546875
0 0.513671875 0.9375 0.05078125 0.125
0 0.5068359375 0.724609375 0.087890625 0.25390625
0 0.63720703125 0.11328125 0.0244140625 0.046875
0 0.111328125 0.8349609375 0.041015625 0.041015625
