0 0.58154296875 0.17333984375 0.1103515625 0.0693359375
0 0.771484375 0.8984375 0.23046875 0.107421875
0 0.0537109375 0.5185546875 0.087890625 0.130859375
0 0.01953125 0.27294921875 0.0390625 0.0712890625
0 0.19580078125 0.9677734375 0.1025390625 0.064453125
0 0.32763671875 0.78271484375 0.0673828125 0.0693359375
0 0.55419921875 0.12060546875 0.0947265625 0.0576171875
0 0.66064453125 0.44384765625 0.0966796875 0.0849609375
0 0.9443359375 0.220703125 0.048828125 0.037109375
0 0.8046875 0.306640625 0.076171875 0.08203125
0 0.51611328125 0.27294921875 0.1142578125 0.1865234375
