0 0.95703125 0.51904296875 0.0390625 0.0595703125
0 0.8232421875 0.94921875 0.08984375 0.041015625
0 0.6669921875 0.91845703125 0.052734375 0.0986328125
0 0.951171875 0.65234375 0.0390625 0.048828125
0 0.97314453125 0.73095703125 0.0439453125 0.0537109375
0 0.9287109375 0.81640625 0.076171875 0.03515625
0 0.9248046875 0.86376953125 0.041015625 0.0517578125
0 0.49755859375 0.953125 0.0771484375 0.033203125
0 0.3359375 0.76513671875 0.056640625 0.0595703125
0 0.51708984375 0.74169921875 0.0693359375 0.0556640625
0 0.0966796875 0.9228515625 0.0234375 0.0390625
0 0.2041015625 0.7197265625 0.025390625 0.02734375
0 0.326171875 0.7119140625 0.041015625 0.0390625
0 0.38232421875 0.64208984375 0.0712890625 0.0576171875
0 0.15966796875 0.6884765625 0.0673828125 0.0703125
0 0.11865234375 0.5927734375 0.0869140625 0.048828125
0 0.1806640625 0.49267578125 0.033203125 0.0810546875
0 0.23779296875 0.458984375 0.0537109375 0.060546875
0 0.6953125 0.7958984375 0.0546875 0.041015625
0 0.65478515625 0.76025390625 0.0693359375 0.0341796875
0 0.6962890625 0.7080078125 0.091796875 0.0625
0 0.69921875 0.6552734375 0.0390625 0.0390625
0 0.72607421875 0.548828125 0.0615234375 0.0546875
0 0.650390625 0.47802734375 0.0390625 0.0595703125
0 0.11572265625 0.38232421875 0.0458984375 0.0341796875
0 0.49072265625 0.37451171875 0.0595703125 0.0576171875
0 0.4287109375 0.298828125 0.072265625 0.046875
0 0.14599609375 0.2939453125 0.0595703125 0.044921875
0 0.14990234375 0.24169921875 0.0712890625 0.0400390625
0 0.28369140625 0.22119140625 0.0712890625 0.0576171875
0 0.5546875 0.3046875 0.083984375 0.06640625
0 0.6982421875 0.3212890625 0.048828125 0.064453125
0 0.91015625 0.39404296875 0.06640625 0.0693359375
0 0.9521484375 0.33984375 0.041015625 0.03515625
0 0.88330078125 0.30078125 0.0615234375 0.046875
0 0.86962890625 0.25537109375 0.0693359375 0.0400390625
0 0.953125 0.28125 0.0703125 0.0390625
0 0.97216796875 0.23486328125 0.0458984375 0.0380859375
0 0.9130859375 0.09228515625 0.041015625 0.0712890625
0 0.806640625 0.0927734375 0.076171875 0.044921875
0 0.73388671875 0.056640625 0.0966796875 0.046875
0 0.60693359375 0.22119140625 0.0712890625 0.0849609375
0 0.7236328125 0.22998046875 0.037109375 0.0634765625
0 0.73388671875 0.154296875 0.0341796875 0.052734375
0 0.64794921875 0.095703125 0.0517578125 0.046875
0 0.8271484375 0.14013671875 0.03515625 0.0341796875
0 0.4501953125 0.1611328125 0.041015625 0.06640625
0 0.49853515625 0.0625 0.0439453125 0.0625
0 0.3310546875 0.0673828125 0.0390625 0.052734375
0 0.22607421875 0.0966796875 0.0810546875 0.044921875
0 0.4462890625 0.69140625 0.048828125 0.029296875
0 0.87255859375 0.5751953125 0.0361328125 0.048828125
0 0.90087890625 0.1513671875 0.0654296875 0.046875
0 0.1015625 0.048828125 0.041015625 0.04296875
0 0.1650390625 0.208984375 0.048828125 0.021484375
0 0.712890625 0.66796875 0.03125 0.029296875
0 0.0732421875 0.9228515625 0.0234375 0.03125
0 0.7978515625 0.05859375 0.02734375 0.0234375
0 0.939453125 0.330078125 0.04296875 0.0390625
0 0.185546875 0.73291015625 0.046875 0.0419921875
0 0.2177734375 0.228515625 0.064453125 0.037109375
0 0.27197265625 0.0693359375 0.0517578125 0.044921875
0 0.296875 0.470703125 0.029296875 0.025390625
0 0.2802734375 0.48876953125 0.03125 0.0263671875
0 0.044921875 0.7763671875 0.021484375 0.044921875
0 0.73681640625 0.654296875 0.0478515625 0.041015625
0 0.41015625 0.13037109375 0.03125 0.0302734375
0 0.3017578125 0.166015625 0.0546875 0.041015625
0 0.0419921875 0.85888671875 0.02734375 0.0380859375
0 0.4365234375 0.9580078125 0.037109375 0.015625
0 0.6416015625 0.86865234375 0.025390625 0.0263671875
0 0.0712890625 0.69921875 0.04296875 0.033203125
