0 0.54345703125 0.58935546875 0.0673828125 0.0556640625
0 0.3896484375 0.08642578125 0.08203125 0.0810546875
0 0.20263671875 0.59521484375 0.0634765625 0.0517578125
0 0.36328125 0.5673828125 0.060546875 0.05078125
0 0.9658203125 0.75927734375 0.068359375 0.0654296875
0 0.345703125 0.65234375 0.06640625 0.056640625
0 0.126953125 0.529296875 0.05859375 0.044921875
0 0.95166015625 0.0205078125 0.0966796875 0.041015625
0 0.54296875 0.6357421875 0.087890625 0.05859375
0 0.74072265625 0.15185546875 0.0654296875 0.0654296875
0 0.83203125 0.849609375 0.087890625 0.05078125
0 0.599609375 0.54248046875 0.060546875 0.0517578125
0 0.4423828125 0.603515625 0.076171875 0.083984375
0 0.0400390625 0.80224609375 0.080078125 0.0576171875
0 0.619140625 0.1318359375 0.080078125 0.05859375
0 0.9599609375 0.90380859375 0.0546875 0.0439453125
0 0.75048828125 0.0947265625 0.0673828125 0.05859375
0 0.4833984375 0.78466796875 0.05859375 0.0595703125
0 0.13916015625 0.96875 0.0771484375 0.0625
0 0.46728515625 0.19482421875 0.0517578125 0.0595703125
0 0.81396484375 0.38916015625 0.0849609375 0.0869140625
0 0.85498046875 0.2998046875 0.1044921875 0.076171875
0 0.7939453125 0.958984375 0.046875 0.05078125
0 0.02880859375 0.50439453125 0.0576171875 0.0615234375
0 0.43603515625 0.83447265625 0.0478515625 0.0478515625
0 0.6435546875 0.86181640625 0.076171875 0.0654296875
0 0.88134765625 0.68017578125 0.0537109375 0.0361328125
0 0.51513671875 0.26318359375 0.0830078125 0.0810546875
0 0.51611328125 0.72802734375 0.0615234375 0.0400390625
0 0.83935546875 0.10986328125 0.0966796875 0.0732421875
0 0.455078125 0.8837890625 0.056640625 0.04296875
0 0.97314453125 0.33935546875 0.0419921875 0.0458984375
0 0.669921875 0.98974609375 0.052734375 0.0205078125
0 0.7080078125 0.6982421875 0.05078125 0.0390625
0 0.14990234375 0.86767578125 0.0576171875 0.0517578125
0 0.1484375 0.46533203125 0.0546875 0.0458984375
0 0.52001953125 0.16357421875 0.0712890625 0.0830078125
0 0.74951171875 0.35546875 0.0693359375 0.048828125
0 0.73681640625 0.74609375 0.1337890625 0.0625
0 0.34912109375 0.818359375 0.0576171875 0.03515625
0 0.74609375 0.53173828125 0.060546875 0.0732421875
0 0.2392578125 0.23388671875 0.046875 0.0654296875
0 0.212890625 0.12744140625 0.0546875 0.0791015625
0 0.7783203125 0.193359375 0.076171875 0.080078125
0 0.74755859375 0.6640625 0.0712890625 0.04296875
0 0.68603515625 0.07421875 0.0771484375 0.0625
0 0.060546875 0.86474609375 0.080078125 0.0458984375
0 0.87451171875 0.76611328125 0.0810546875 0.0595703125
0 0.2021484375 0.8515625 0.0546875 0.0625
0 0.66455078125 0.35107421875 0.1201171875 0.0556640625
0 0.42333984375 0.30126953125 0.0517578125 0.0615234375
0 0.4912109375 0.4951171875 0.041015625 0.04296875
0 0.6328125 0.2705078125 0.0703125 0.11328125
0 0.43896484375 0.115234375 0.0771484375 0.0703125
0 0.708984375 0.2421875 0.056640625 0.08984375
0 0.263671875 0.15185546875 0.078125 0.0908203125
0 0.9716796875 0.638671875 0.0546875 0.05078125
0 0.1865234375 0.72314453125 0.076171875 0.0537109375
0 0.95654296875 0.8369140625 0.0771484375 0.056640625
0 0.35546875 0.0283203125 0.06640625 0.0546875
0 0.79296875 0.880859375 0.078125 0.056640625
0 0.16748046875 0.19189453125 0.0556640625 0.0849609375
0 0.7646484375 0.27197265625 0.0703125 0.0693359375
0 0.5107421875 0.6943359375 0.1015625 0.060546875
0 0.12060546875 0.79541015625 0.0830078125 0.0537109375
