0 0.98095703125 0.62939453125 0.0380859375 0.0693359375
0 0.8017578125 0.69580078125 0.0625 0.0849609375
0 0.75390625 0.70751953125 0.0546875 0.0595703125
0 0.8681640625 0.75 0.04296875 0.078125
0 0.84326171875 0.81103515625 0.1064453125 0.0537109375
0 0.71875 0.75 0.052734375 0.078125
0 0.5625 0.6396484375 0.052734375 0.142578125
0 0.525390625 0.58740234375 0.0390625 0.0380859375
0 0.4638671875 0.76025390625 0.068359375 0.0498046875
0 0.76416015625 0.48291015625 0.0849609375 0.0341796875
0 0.8388671875 0.4423828125 0.05859375 0.048828125
0 0.53125 0.79736328125 0.02734375 0.0244140625
0 0.65673828125 0.6923828125 0.0537109375 0.06640625
0 0.69580078125 0.6494140625 0.0517578125 0.0546875
0 0.62841796875 0.63671875 0.0517578125 0.048828125
0 0.6630859375 0.63330078125 0.021484375 0.0498046875
0 0.63134765625 0.67529296875 0.0380859375 0.0283203125
0 0.892578125 0.23828125 0.078125 0.060546875
0 0.96533203125 0.26953125 0.0673828125 0.076171875
0 0.8779296875 0.30810546875 0.08984375 0.0654296875
0 0.85693359375 0.37451171875 0.0732421875 0.0888671875
0 0.80712890625 0.3603515625 0.0400390625 0.037109375
0 0.7626953125 0.34033203125 0.05078125 0.0537109375
0 0.7119140625 0.30615234375 0.0390625 0.1044921875
0 0.7236328125 0.3623046875 0.03515625 0.1015625
0 0.55322265625 0.30126953125 0.0556640625 0.1181640625
0 0.6826171875 0.2353515625 0.029296875 0.037109375
0 0.67138671875 0.1884765625 0.0341796875 0.05078125
0 0.50244140625 0.24755859375 0.0537109375 0.0537109375
0 0.7490234375 0.1298828125 0.048828125 0.041015625
0 0.6142578125 0.14599609375 0.044921875 0.0693359375
0 0.51904296875 0.11376953125 0.0458984375 0.0595703125
0 0.4697265625 0.193359375 0.078125 0.107421875
0 0.3837890625 0.18115234375 0.046875 0.0830078125
0 0.419921875 0.2978515625 0.04296875 0.0625
0 0.22265625 0.30224609375 0.056640625 0.0673828125
0 0.30126953125 0.40380859375 0.0400390625 0.0361328125
0 0.2705078125 0.3193359375 0.048828125 0.046875
0 0.23486328125 0.248046875 0.0869140625 0.091796875
0 0.39599609375 0.404296875 0.0517578125 0.08984375
0 0.365234375 0.44580078125 0.0546875 0.0615234375
0 0.744140625 0.0849609375 0.02734375 0.064453125
0 0.8154296875 0.0517578125 0.080078125 0.048828125
0 0.80517578125 0.02197265625 0.0478515625 0.0439453125
0 0.76611328125 0.0283203125 0.0244140625 0.05078125
0 0.7353515625 0.029296875 0.052734375 0.05859375
0 0.7080078125 0.01220703125 0.0390625 0.0244140625
0 0.42578125 0.0478515625 0.04296875 0.0859375
0 0.3095703125 0.0068359375 0.04296875 0.013671875
0 0.22802734375 0.0263671875 0.0517578125 0.052734375
0 0.15478515625 0.033203125 0.0419921875 0.06640625
0 0.1298828125 0.04541015625 0.025390625 0.0498046875
0 0.04638671875 0.01416015625 0.0361328125 0.0283203125
0 0.02099609375 0.0703125 0.0341796875 0.046875
0 0.08056640625 0.06103515625 0.0380859375 0.0888671875
0 0.01953125 0.19189453125 0.0390625 0.0869140625
0 0.01611328125 0.27099609375 0.0322265625 0.0478515625
0 0.00732421875 0.31689453125 0.0146484375 0.0771484375
0 0.0869140625 0.3427734375 0.041015625 0.033203125
0 0.06591796875 0.2783203125 0.0361328125 0.046875
0 0.044921875 0.4130859375 0.052734375 0.06640625
0 0.19091796875 0.39892578125 0.0673828125 0.0478515625
0 0.07373046875 0.55078125 0.0947265625 0.044921875
0 0.3583984375 0.4892578125 0.029296875 0.029296875
0 0.3427734375 0.5166015625 0.046875 0.037109375
0 0.20556640625 0.7158203125 0.0322265625 0.0390625
0 0.17626953125 0.72607421875 0.0654296875 0.0673828125
0 0.25 0.79296875 0.04296875 0.060546875
0 0.35205078125 0.86767578125 0.0322265625 0.0556640625
0 0.72314453125 0.82275390625 0.0673828125 0.0693359375
0 0.71826171875 0.8876953125 0.0634765625 0.060546875
0 0.0244140625 0.92236328125 0.0390625 0.0556640625
0 0.16650390625 0.9462890625 0.0673828125 0.044921875
0 0.19921875 0.90380859375 0.048828125 0.0595703125
0 0.244140625 0.89794921875 0.05078125 0.0537109375
0 0.70263671875 0.98828125 0.0458984375 0.0234375
0 0.6533203125 0.97119140625 0.048828125 0.0576171875
0 0.57421875 0.9189453125 0.06640625 0.068359375
0 0.59423828125 0.943359375 0.0498046875 0.04296875
0 0.5859375 0.9814453125 0.0546875 0.037109375
0 0.181640625 0.9912109375 0.04296875 0.017578125
0 0.8662109375 0.88623046875 0.09375 0.0849609375
0 0.0029296875 0.43603515625 0.005859375 0.0361328125
0 0.79931640625 0.466796875 0.0458984375 0.03125
0 0.642578125 0.8837890625 0.0234375 0.025390625
0 0.767578125 0.88232421875 0.048828125 0.0556640625
0 0.39794921875 0.58837890625 0.0244140625 0.0205078125
