0 0.7802734375 0.89306640625 0.0390625 0.0732421875
0 0.85693359375 0.76416015625 0.0419921875 0.0537109375
0 0.6494140625 0.81494140625 0.0546875 0.0712890625
0 0.88427734375 0.85205078125 0.0537109375 0.0556640625
0 0.8837890625 0.9306640625 0.046875 0.0390625
0 0.7451171875 0.62841796875 0.04296875 0.0458984375
0 0.833984375 0.65966796875 0.064453125 0.0634765625
0 0.8388671875 0.51953125 0.046875 0.056640625
0 0.56005859375 0.576171875 0.0908203125 0.052734375
0 0.890625 0.32080078125 0.0390625 0.0400390625
0 0.826171875 0.189453125 0.048828125 0.07421875
0 0.77978515625 0.07958984375 0.0498046875 0.0478515625
0 0.54150390625 0.123046875 0.0419921875 0.0546875
0 0.56640625 0.21044921875 0.134765625 0.0537109375
0 0.4267578125 0.12890625 0.05859375 0.1015625
0 0.35791015625 0.1328125 0.0439453125 0.044921875
0 0.2490234375 0.2646484375 0.048828125 0.05078125
0 0.376953125 0.27783203125 0.08203125 0.0654296875
0 0.21044921875 0.2216796875 0.0322265625 0.037109375
0 0.158203125 0.21044921875 0.033203125 0.0322265625
0 0.11083984375 0.25244140625 0.0439453125 0.0439453125
0 0.349609375 0.41259765625 0.064453125 0.0517578125
0 0.208984375 0.314453125 0.044921875 0.03515625
0 0.13671875 0.85107421875 0.07421875 0.0712890625
0 0.17724609375 0.80126953125 0.0361328125 0.0400390625
0 0.06298828125 0.798828125 0.0634765625 0.083984375
0 0.02978515625 0.94384765625 0.0595703125 0.0654296875
0 0.099609375 0.66943359375 0.0390625 0.0537109375
0 0.1630859375 0.61328125 0.0625 0.08203125
0 0.02880859375 0.62451171875 0.0419921875 0.0458984375
0 0.658203125 0.39404296875 0.109375 0.0673828125
0 0.06982421875 0.1953125 0.1396484375 0.046875
0 0.03271484375 0.4638671875 0.0654296875 0.060546875
0 0.03173828125 0.38232421875 0.0498046875 0.0556640625
0 0.0283203125 0.521484375 0.056640625 0.05078125
0 0.07080078125 0.7158203125 0.0458984375 0.056640625
0 0.09375 0.5693359375 0.0390625 0.044921875
0 0.07080078125 0.26318359375 0.0458984375 0.0419921875
0 0.2822265625 0.2578125 0.03125 0.03515625
0 0.662109375 0.88232421875 0.052734375 0.0439453125
0 0.0751953125 0.18701171875 0.03125 0.0322265625
0 0.83935546875 0.49267578125 0.0615234375 0.0791015625
0 0.63037109375 0.3212890625 0.0458984375 0.046875
0 0.7548828125 0.5986328125 0.052734375 0.041015625
0 0.88134765625 0.693359375 0.0595703125 0.046875
0 0.54638671875 0.17529296875 0.0517578125 0.0419921875
0 0.49072265625 0.2353515625 0.0634765625 0.064453125
0 0.3017578125 0.2158203125 0.064453125 0.05078125
0 0.65966796875 0.28857421875 0.0458984375 0.0673828125
0 0.578125 0.32470703125 0.0546875 0.0537109375
0 0.61767578125 0.3642578125 0.0341796875 0.033203125
0 0.14892578125 0.5751953125 0.0556640625 0.083984375
