0 0.4990234375 0.1064453125 0.146484375 0.083984375
0 0.64453125 0.2705078125 0.14453125 0.111328125
0 0.3681640625 0.30859375 0.083984375 0.13671875
0 0.0400390625 0.36328125 0.076171875 0.109375
0 0.9873046875 0.150390625 0.025390625 0.078125
0 0.7734375 0.451171875 0.09375 0.1015625
0 0.9775390625 0.66796875 0.044921875 0.0859375
0 0.94140625 0.7431640625 0.1171875 0.193359375
0 0.7275390625 0.9833984375 0.095703125 0.033203125
0 0.90625 0.900390625 0.08984375 0.0859375
0 0.7724609375 0.90234375 0.201171875 0.109375
0 0.7275390625 0.787109375 0.083984375 0.08203125
0 0.6611328125 0.7998046875 0.072265625 0.083984375
0 0.6279296875 0.8642578125 0.099609375 0.099609375
0 0.740234375 0.8583984375 0.140625 0.087890625
0 0.15625 0.8359375 0.046875 0.05078125
0 0.263671875 0.93359375 0.09765625 0.10546875
0 0.0908203125 0.810546875 0.064453125 0.11328125
0 0.041015625 0.70703125 0.08203125 0.07421875
0 0.4990234375 0.7578125 0.091796875 0.1015625
0 0.3671875 0.5732421875 0.06640625 0.095703125
0 0.3037109375 0.5859375 0.068359375 0.06640625
0 0.31640625 0.5166015625 0.08203125 0.076171875
0 0.4716796875 0.5361328125 0.080078125 0.169921875
0 0.5263671875 0.3828125 0.115234375 0.1796875
0 0.5244140625 0.5966796875 0.083984375 0.259765625
0 0.4794921875 0.5888671875 0.029296875 0.091796875
