0 0.74169921875 0.134765625 0.0888671875 0.083984375
0 0.283203125 0.26025390625 0.07421875 0.0693359375
0 0.04931640625 0.45556640625 0.0986328125 0.0927734375
0 0.39892578125 0.1962890625 0.0615234375 0.076171875
0 0.41796875 0.8076171875 0.109375 0.07421875
0 0.6484375 0.1318359375 0.04296875 0.0546875
0 0.41748046875 0.1435546875 0.1240234375 0.083984375
0 0.47216796875 0.5556640625 0.0595703125 0.044921875
0 0.64453125 0.17724609375 0.087890625 0.0634765625
0 0.3271484375 0.9599609375 0.1015625 0.0625
0 0.9033203125 0.65234375 0.046875 0.080078125
0 0.45556640625 0.32421875 0.1279296875 0.056640625
0 0.29150390625 0.6962890625 0.1396484375 0.06640625
0 0.408203125 0.4375 0.08203125 0.1015625
0 0.59130859375 0.82861328125 0.0498046875 0.0556640625
0 0.1259765625 0.37158203125 0.0703125 0.0478515625
0 0.1533203125 0.25146484375 0.1171875 0.0673828125
0 0.05078125 0.87939453125 0.078125 0.0556640625
0 0.693359375 0.37646484375 0.0703125 0.0732421875
0 0.47705078125 0.31787109375 0.0947265625 0.1064453125
0 0.2275390625 0.919921875 0.12109375 0.0546875
0 0.88427734375 0.89208984375 0.1044921875 0.0849609375
0 0.33251953125 0.46435546875 0.0673828125 0.0751953125
0 0.544921875 0.0947265625 0.0859375 0.072265625
0 0.43017578125 0.64208984375 0.0947265625 0.0908203125
0 0.86767578125 0.5908203125 0.0498046875 0.080078125
0 0.29736328125 0.72705078125 0.1455078125 0.0576171875
0 0.95263671875 0.0361328125 0.0947265625 0.072265625
0 0.8544921875 0.296875 0.099609375 0.060546875
0 0.62939453125 0.53271484375 0.1220703125 0.0888671875
0 0.04931640625 0.63623046875 0.0966796875 0.0693359375
0 0.30126953125 0.40087890625 0.0810546875 0.0576171875
