0 0.15234375 0.35498046875 0.08984375 0.0537109375
0 0.12255859375 0.0205078125 0.1298828125 0.041015625
0 0.31494140625 0.35595703125 0.1005859375 0.0498046875
0 0.728515625 0.59033203125 0.048828125 0.0361328125
0 0.4140625 0.0205078125 0.064453125 0.041015625
0 0.7607421875 0.06689453125 0.056640625 0.0380859375
0 0.5849609375 0.02294921875 0.05078125 0.0419921875
0 0.92041015625 0.55810546875 0.0908203125 0.0693359375
0 0.31494140625 0.0263671875 0.0478515625 0.03515625
0 0.56640625 0.34619140625 0.087890625 0.0595703125
0 0.9765625 0.94482421875 0.044921875 0.0576171875
0 0.53369140625 0.29541015625 0.0673828125 0.0419921875
0 0.46826171875 0.5107421875 0.1083984375 0.072265625
0 0.4375 0.6572265625 0.08984375 0.052734375
0 0.96875 0.43701171875 0.0625 0.0791015625
0 0.78369140625 0.86669921875 0.0927734375 0.0537109375
0 0.1884765625 0.8388671875 0.1015625 0.05859375
0 0.49609375 0.47705078125 0.072265625 0.0654296875
0 0.353515625 0.703125 0.0859375 0.0625
0 0.189453125 0.2587890625 0.04296875 0.037109375
0 0.83984375 0.015625 0.05859375 0.03125
