0 0.4365234375 0.7333984375 0.1015625 0.080078125
0 0.92431640625 0.33740234375 0.1513671875 0.0498046875
0 0.9736328125 0.94287109375 0.052734375 0.0576171875
0 0.23486328125 0.9638671875 0.0634765625 0.037109375
0 0.67822265625 0.17724609375 0.1025390625 0.0595703125
0 0.5234375 0.14013671875 0.064453125 0.0380859375
0 0.537109375 0.96484375 0.107421875 0.068359375
0 0.50439453125 0.28173828125 0.0947265625 0.0751953125
0 0.57177734375 0.302734375 0.0654296875 0.046875
0 0.16650390625 0.87353515625 0.0751953125 0.0439453125
0 0.73974609375 0.4482421875 0.0927734375 0.05859375
0 0.49560546875 0.68896484375 0.0576171875 0.0419921875
0 0.7685546875 0.2333984375 0.072265625 0.0625
0 0.96142578125 0.65478515625 0.0771484375 0.0478515625
0 0.251953125 0.1064453125 0.12109375 0.056640625
0 0.76416015625 0.9111328125 0.1103515625 0.0546875
0 0.615234375 0.82666015625 0.06640625 0.0458984375
0 0.9208984375 0.28857421875 0.080078125 0.0419921875
0 0.91455078125 0.5546875 0.0888671875 0.0390625
0 0.33349609375 0.4404296875 0.0615234375 0.033203125
0 0.01416015625 0.2646484375 0.0283203125 0.087890625
0 0.388671875 0.10498046875 0.076171875 0.0478515625
0 0.80908203125 0.47509765625 0.0458984375 0.0380859375
0 0.35498046875 0.61181640625 0.0498046875 0.0341796875
0 0.6943359375 0.32275390625 0.080078125 0.0634765625
0 0.216796875 0.24267578125 0.115234375 0.0556640625
0 0.39990234375 0.64013671875 0.0654296875 0.0439453125
0 0.8330078125 0.11767578125 0.087890625 0.0478515625
0 0.42919921875 0.20556640625 0.0908203125 0.0517578125
0 0.08056640625 0.8525390625 0.0751953125 0.05078125
0 0.13916015625 0.78759765625 0.0771484375 0.0537109375
0 0.52685546875 0.359375 0.0791015625 0.04296875
0 0.67333984375 0.412109375 0.1123046875 0.052734375
0 0.98388671875 0.15576171875 0.0322265625 0.0458984375
0 0.16455078125 0.68115234375 0.1201171875 0.0556640625
0 0.19921875 0.6279296875 0.068359375 0.05859375
0 0.44287109375 0.55712890625 0.0576171875 0.0478515625
0 0.85986328125 0.7265625 0.1318359375 0.052734375
0 0.07666015625 0.0380859375 0.0439453125 0.041015625
0 0.34130859375 0.865234375 0.1083984375 0.123046875
0 0.736328125 0.76611328125 0.1328125 0.0732421875
0 0.57275390625 0.09765625 0.0927734375 0.0546875
0 0.384765625 0.982421875 0.060546875 0.03515625
0 0.75 0.544921875 0.1328125 0.056640625
0 0.5244140625 0.47119140625 0.12109375 0.0712890625
0 0.95458984375 0.44482421875 0.0732421875 0.0419921875
0 0.93408203125 0.52001953125 0.1064453125 0.0478515625
0 0.91357421875 0.35009765625 0.1162109375 0.0654296875
0 0.1015625 0.1943359375 0.080078125 0.044921875
0 0.671875 0.50634765625 0.115234375 0.0537109375
0 0.64599609375 0.609375 0.0751953125 0.041015625
0 0.20703125 0.470703125 0.09765625 0.041015625
0 0.09033203125 0.40478515625 0.0908203125 0.0595703125
0 0.51025390625 0.83447265625 0.1162109375 0.0556640625
0 0.87939453125 0.6533203125 0.1083984375 0.048828125
0 0.884765625 0.94970703125 0.107421875 0.0537109375
0 0.26953125 0.2958984375 0.14453125 0.060546875
0 0.166015625 0.40185546875 0.0703125 0.0439453125
0 0.6630859375 0.12353515625 0.07421875 0.0361328125
0 0.572265625 0.6513671875 0.078125 0.052734375
0 0.0322265625 0.78857421875 0.064453125 0.0576171875
0 0.95361328125 0.22509765625 0.0927734375 0.0576171875
0 0.89501953125 0.0205078125 0.0869140625 0.041015625
0 0.32177734375 0.98681640625 0.0771484375 0.0263671875
0 0.943359375 0.0751953125 0.11328125 0.05078125
0 0.28662109375 0.37109375 0.0712890625 0.04296875
0 0.16259765625 0.9833984375 0.0830078125 0.03125
0 0.16064453125 0.12109375 0.0966796875 0.06640625
0 0.85791015625 0.88525390625 0.1142578125 0.0673828125
0 0.65673828125 0.763671875 0.1005859375 0.060546875
