0 0.39208984375 0.60009765625 0.0634765625 0.0732421875
0 0.80126953125 0.861328125 0.1259765625 0.0625
0 0.91162109375 0.87158203125 0.1142578125 0.0537109375
0 0.95263671875 0.2568359375 0.0947265625 0.087890625
0 0.4921875 0.869140625 0.060546875 0.05859375
0 0.57568359375 0.10595703125 0.0849609375 0.0732421875
0 0.32666015625 0.84130859375 0.0458984375 0.0361328125
0 0.68408203125 0.07958984375 0.0791015625 0.0380859375
0 0.97705078125 0.1083984375 0.0458984375 0.072265625
0 0.26953125 0.60302734375 0.0546875 0.0576171875
0 0.95263671875 0.02197265625 0.0927734375 0.0400390625
0 0.97314453125 0.48193359375 0.0498046875 0.0556640625
0 0.69921875 0.5849609375 0.1171875 0.05078125
0 0.498046875 0.08935546875 0.068359375 0.0517578125
0 0.6552734375 0.6748046875 0.10546875 0.03515625
0 0.46337890625 0.42333984375 0.0712890625 0.0439453125
0 0.4853515625 0.794921875 0.1171875 0.1171875
0 0.49658203125 0.37890625 0.0927734375 0.046875
0 0.44091796875 0.966796875 0.0537109375 0.044921875
0 0.46826171875 0.5400390625 0.0908203125 0.064453125
0 0.26025390625 0.16015625 0.0634765625 0.048828125
