0 0.294921875 0.76611328125 0.041015625 0.0498046875
0 0.18359375 0.85791015625 0.044921875 0.0693359375
0 0.24951171875 0.330078125 0.0634765625 0.0625
0 0.55322265625 0.3388671875 0.0224609375 0.037109375
0 0.3046875 0.9521484375 0.033203125 0.046875
0 0.8447265625 0.45361328125 0.033203125 0.0712890625
0 0.73681640625 0.3017578125 0.0283203125 0.095703125
0 0.4189453125 0.4453125 0.046875 0.0703125
0 0.7236328125 0.95703125 0.080078125 0.07421875
0 0.763671875 0.11181640625 0.099609375 0.0556640625
0 0.4599609375 0.390625 0.068359375 0.05078125
0 0.3857421875 0.87939453125 0.05859375 0.1005859375
0 0.42431640625 0.86083984375 0.0400390625 0.0634765625
0 0.96630859375 0.4140625 0.0673828125 0.068359375
0 0.9794921875 0.25732421875 0.041015625 0.0498046875
0 0.3515625 0.38525390625 0.072265625 0.0947265625
0 0.8896484375 0.41259765625 0.103515625 0.0654296875
0 0.1337890625 0.2978515625 0.0859375 0.041015625
0 0.50732421875 0.943359375 0.0732421875 0.06640625
0 0.654296875 0.24853515625 0.0859375 0.1650390625
0 0.2177734375 0.02294921875 0.06640625 0.0458984375
0 0.78369140625 0.7939453125 0.0458984375 0.0234375
0 0.5068359375 0.19482421875 0.060546875 0.0615234375
0 0.0615234375 0.90380859375 0.0390625 0.0498046875
0 0.8359375 0.88671875 0.044921875 0.048828125
0 0.25537109375 0.8349609375 0.0751953125 0.0703125
0 0.73828125 0.4140625 0.05078125 0.056640625
0 0.3486328125 0.90283203125 0.044921875 0.0576171875
0 0.22705078125 0.48486328125 0.0517578125 0.0537109375
0 0.61474609375 0.77783203125 0.0283203125 0.0361328125
0 0.14794921875 0.34521484375 0.1025390625 0.0537109375
0 0.2802734375 0.697265625 0.05859375 0.052734375
0 0.5849609375 0.46875 0.0625 0.0625
0 0.3896484375 0.30859375 0.03125 0.03515625
0 0.4296875 0.22412109375 0.046875 0.0634765625
0 0.400390625 0.2275390625 0.021484375 0.03125
0 0.576171875 0.380859375 0.0546875 0.06640625
0 0.21337890625 0.794921875 0.0380859375 0.068359375
0 0.20166015625 0.9169921875 0.0498046875 0.06640625
0 0.50537109375 0.36865234375 0.0498046875 0.0556640625
0 0.427734375 0.16552734375 0.060546875 0.0498046875
0 0.01953125 0.83203125 0.0390625 0.046875
0 0.8916015625 0.48095703125 0.060546875 0.0458984375
0 0.7998046875 0.54052734375 0.046875 0.0595703125
0 0.1416015625 0.8154296875 0.056640625 0.05078125
0 0.5263671875 0.900390625 0.064453125 0.064453125
0 0.2744140625 0.48876953125 0.060546875 0.0615234375
