0 0.31201171875 0.34375 0.0693359375 0.0859375
0 0.92822265625 0.634765625 0.1123046875 0.111328125
0 0.7578125 0.55859375 0.12890625 0.11328125
0 0.6435546875 0.7158203125 0.076171875 0.125
0 0.8466796875 0.95458984375 0.072265625 0.0908203125
0 0.48828125 0.2822265625 0.119140625 0.095703125
0 0.55078125 0.6044921875 0.08984375 0.16796875
0 0.80615234375 0.04296875 0.1865234375 0.0859375
0 0.65625 0.02490234375 0.12890625 0.0478515625
0 0.5283203125 0.7734375 0.1796875 0.189453125
0 0.94287109375 0.5341796875 0.1142578125 0.12109375
0 0.88818359375 0.72265625 0.2236328125 0.115234375
0 0.27685546875 0.146484375 0.2080078125 0.11328125
0 0.90185546875 0.328125 0.1826171875 0.119140625
0 0.92041015625 0.96337890625 0.0791015625 0.0732421875
0 0.2216796875 0.8486328125 0.08984375 0.212890625
0 0.4208984375 0.93359375 0.138671875 0.1328125
0 0.11767578125 0.58740234375 0.0849609375 0.1162109375
0 0.15576171875 0.84130859375 0.0576171875 0.0986328125
0 0.705078125 0.12939453125 0.111328125 0.1279296875
0 0.515625 0.87646484375 0.12109375 0.0771484375
0 0.13037109375 0.19970703125 0.0849609375 0.0654296875
0 0.45654296875 0.24609375 0.1298828125 0.06640625
0 0.32275390625 0.74072265625 0.1123046875 0.0947265625
0 0.06103515625 0.4638671875 0.0908203125 0.09375
0 0.43359375 0.6044921875 0.1171875 0.166015625
0 0.75537109375 0.390625 0.1162109375 0.212890625
0 0.25244140625 0.38916015625 0.0908203125 0.1025390625
0 0.2197265625 0.61376953125 0.14453125 0.1708984375
0 0.07177734375 0.84716796875 0.1064453125 0.2080078125
0 0.36474609375 0.01953125 0.1298828125 0.037109375
