0 0.83740234375 0.2236328125 0.1044921875 0.056640625
0 0.67041015625 0.712890625 0.0654296875 0.046875
0 0.4716796875 0.31201171875 0.056640625 0.0771484375
0 0.49365234375 0.4736328125 0.0556640625 0.04296875
0 0.29296875 0.2890625 0.0546875 0.060546875
0 0.7431640625 0.89697265625 0.103515625 0.0322265625
0 0.798828125 0.4794921875 0.12109375 0.0703125
0 0.689453125 0.60400390625 0.05859375 0.0439453125
0 0.35546875 0.6494140625 0.02734375 0.0546875
0 0.30224609375 0.74560546875 0.0458984375 0.0478515625
0 0.70068359375 0.97412109375 0.0810546875 0.0322265625
0 0.11474609375 0.931640625 0.0419921875 0.037109375
0 0.4296875 0.59033203125 0.08203125 0.0322265625
0 0.77490234375 0.0234375 0.0751953125 0.046875
0 0.45654296875 0.41259765625 0.0615234375 0.0673828125
0 0.3173828125 0.224609375 0.041015625 0.0546875
0 0.53076171875 0.2099609375 0.0576171875 0.056640625
0 0.6103515625 0.09521484375 0.072265625 0.0712890625
0 0.4404296875 0.39794921875 0.05859375 0.0576171875
0 0.4208984375 0.35498046875 0.0625 0.0712890625
0 0.818359375 0.86279296875 0.068359375 0.0556640625
0 0.72802734375 0.16455078125 0.1240234375 0.0654296875
0 0.43310546875 0.9853515625 0.0712890625 0.029296875
0 0.6162109375 0.57470703125 0.068359375 0.0908203125
0 0.53759765625 0.3486328125 0.0693359375 0.068359375
0 0.20849609375 0.08203125 0.0595703125 0.080078125
0 0.4189453125 0.9677734375 0.052734375 0.041015625
0 0.69287109375 0.03515625 0.0751953125 0.0703125
0 0.53759765625 0.72509765625 0.0537109375 0.0341796875
0 0.51904296875 0.671875 0.1201171875 0.05078125
0 0.853515625 0.1552734375 0.080078125 0.06640625
0 0.4638671875 0.720703125 0.07421875 0.064453125
0 0.63037109375 0.22998046875 0.0693359375 0.0634765625
0 0.8505859375 0.2666015625 0.11328125 0.04296875
0 0.62158203125 0.017578125 0.0615234375 0.03515625
0 0.61376953125 0.78369140625 0.0595703125 0.0654296875
0 0.7275390625 0.6865234375 0.083984375 0.046875
0 0.67626953125 0.42529296875 0.0712890625 0.0673828125
0 0.3642578125 0.08642578125 0.0546875 0.1142578125
0 0.78759765625 0.796875 0.0869140625 0.048828125
0 0.74658203125 0.345703125 0.1123046875 0.05078125
