0 0.08056640625 0.16552734375 0.0693359375 0.0634765625
0 0.23388671875 0.06982421875 0.0537109375 0.0478515625
0 0.552734375 0.0400390625 0.0703125 0.0546875
0 0.7158203125 0.02978515625 0.0546875 0.0439453125
0 0.94775390625 0.10986328125 0.0771484375 0.0830078125
0 0.74755859375 0.18701171875 0.0791015625 0.0439453125
0 0.86328125 0.18115234375 0.041015625 0.0439453125
0 0.95556640625 0.31787109375 0.0791015625 0.0439453125
0 0.919921875 0.244140625 0.037109375 0.0390625
0 0.83056640625 0.283203125 0.0478515625 0.05078125
0 0.7734375 0.28271484375 0.04296875 0.0517578125
0 0.7294921875 0.3701171875 0.05078125 0.03515625
0 0.66064453125 0.294921875 0.0419921875 0.03125
0 0.57861328125 0.2900390625 0.0478515625 0.064453125
0 0.48779296875 0.21337890625 0.0478515625 0.0498046875
0 0.48388671875 0.2646484375 0.0830078125 0.044921875
0 0.392578125 0.212890625 0.0546875 0.03125
0 0.404296875 0.32861328125 0.04296875 0.0341796875
0 0.349609375 0.28564453125 0.064453125 0.0380859375
0 0.32177734375 0.25634765625 0.0634765625 0.0361328125
0 0.24267578125 0.33447265625 0.0478515625 0.0615234375
0 0.271484375 0.35107421875 0.033203125 0.0400390625
0 0.20458984375 0.32421875 0.0400390625 0.03125
0 0.0458984375 0.29248046875 0.05078125 0.0654296875
0 0.06298828125 0.38818359375 0.0634765625 0.0732421875
0 0.93115234375 0.728515625 0.0966796875 0.083984375
0 0.93212890625 0.8662109375 0.0908203125 0.078125
0 0.87646484375 0.904296875 0.0595703125 0.0859375
0 0.7646484375 0.68359375 0.060546875 0.03515625
0 0.724609375 0.60595703125 0.083984375 0.0556640625
0 0.69287109375 0.794921875 0.0732421875 0.052734375
0 0.60595703125 0.77099609375 0.0791015625 0.0732421875
0 0.56787109375 0.70947265625 0.0947265625 0.0810546875
0 0.5712890625 0.630859375 0.078125 0.07421875
0 0.51025390625 0.5751953125 0.1513671875 0.04296875
0 0.46337890625 0.6630859375 0.1259765625 0.0703125
0 0.34228515625 0.5400390625 0.0517578125 0.048828125
0 0.2529296875 0.57568359375 0.046875 0.0341796875
0 0.44873046875 0.73974609375 0.0712890625 0.0537109375
0 0.48681640625 0.8798828125 0.0634765625 0.033203125
0 0.53369140625 0.8974609375 0.0341796875 0.03515625
0 0.650390625 0.8837890625 0.0390625 0.025390625
0 0.3779296875 0.86328125 0.025390625 0.037109375
0 0.3466796875 0.75537109375 0.044921875 0.0478515625
0 0.15771484375 0.69140625 0.0458984375 0.056640625
0 0.14208984375 0.77880859375 0.0986328125 0.0791015625
0 0.17138671875 0.83349609375 0.0439453125 0.0458984375
0 0.2021484375 0.89013671875 0.046875 0.0615234375
0 0.6474609375 0.39111328125 0.060546875 0.0654296875
0 0.56982421875 0.86865234375 0.0439453125 0.0556640625
0 0.68408203125 0.63134765625 0.0556640625 0.0400390625
0 0.6396484375 0.333984375 0.041015625 0.029296875
0 0.69677734375 0.2236328125 0.0380859375 0.02734375
0 0.13232421875 0.32568359375 0.0478515625 0.0576171875
0 0.94384765625 0.02392578125 0.0556640625 0.0361328125
0 0.9794921875 0.69873046875 0.03125 0.0419921875
0 0.68017578125 0.9267578125 0.0693359375 0.048828125
0 0.580078125 0.59033203125 0.04296875 0.0341796875
0 0.3681640625 0.7529296875 0.03515625 0.05078125
0 0.19873046875 0.83349609375 0.0263671875 0.0458984375
