0 0.05908203125 0.2470703125 0.0966796875 0.048828125
0 0.10546875 0.24462890625 0.056640625 0.0634765625
0 0.078125 0.1220703125 0.0390625 0.046875
0 0.05810546875 0.857421875 0.0947265625 0.064453125
0 0.0361328125 0.70263671875 0.05078125 0.0693359375
0 0.10498046875 0.87353515625 0.0791015625 0.1259765625
0 0.23095703125 0.89501953125 0.1123046875 0.1396484375
0 0.27880859375 0.78369140625 0.1298828125 0.0732421875
0 0.17578125 0.72314453125 0.05078125 0.0615234375
0 0.28564453125 0.693359375 0.0419921875 0.046875
0 0.48779296875 0.767578125 0.0615234375 0.044921875
0 0.56103515625 0.859375 0.0693359375 0.060546875
0 0.6259765625 0.72412109375 0.052734375 0.0673828125
0 0.69091796875 0.78125 0.0888671875 0.0546875
0 0.41650390625 0.66015625 0.0849609375 0.052734375
0 0.4306640625 0.5927734375 0.048828125 0.048828125
0 0.5234375 0.6103515625 0.103515625 0.099609375
0 0.64111328125 0.6259765625 0.1162109375 0.048828125
0 0.7548828125 0.67529296875 0.046875 0.0458984375
0 0.86181640625 0.7060546875 0.1259765625 0.05859375
0 0.83642578125 0.79736328125 0.0830078125 0.0380859375
0 0.80615234375 0.8349609375 0.0673828125 0.044921875
0 0.87255859375 0.533203125 0.0751953125 0.13671875
0 0.59326171875 0.39990234375 0.0693359375 0.0361328125
0 0.548828125 0.318359375 0.056640625 0.044921875
0 0.67578125 0.27587890625 0.0625 0.1064453125
0 0.533203125 0.197265625 0.095703125 0.05078125
0 0.67138671875 0.19091796875 0.0791015625 0.0732421875
0 0.63330078125 0.14990234375 0.0634765625 0.0693359375
0 0.501953125 0.10400390625 0.056640625 0.0673828125
0 0.869140625 0.11328125 0.05078125 0.064453125
0 0.7470703125 0.111328125 0.083984375 0.044921875
0 0.3251953125 0.341796875 0.09765625 0.0390625
0 0.3251953125 0.2587890625 0.056640625 0.05078125
0 0.197265625 0.30029296875 0.056640625 0.0361328125
0 0.265625 0.30126953125 0.04296875 0.0419921875
0 0.28466796875 0.087890625 0.0966796875 0.05859375
0 0.0927734375 0.642578125 0.087890625 0.0390625
0 0.271484375 0.62646484375 0.083984375 0.0341796875
0 0.173828125 0.55224609375 0.0703125 0.0654296875
0 0.26318359375 0.54248046875 0.0712890625 0.0322265625
0 0.15380859375 0.505859375 0.0673828125 0.060546875
0 0.83837890625 0.22607421875 0.0712890625 0.1572265625
0 0.76611328125 0.77294921875 0.0361328125 0.0380859375
0 0.22265625 0.318359375 0.046875 0.052734375
0 0.28271484375 0.51904296875 0.0322265625 0.0185546875
0 0.34765625 0.1337890625 0.044921875 0.052734375
0 0.0400390625 0.40625 0.05859375 0.048828125
0 0.58349609375 0.6689453125 0.0810546875 0.05078125
0 0.72900390625 0.62255859375 0.0751953125 0.0380859375
0 0.853515625 0.3828125 0.044921875 0.046875
0 0.673828125 0.15087890625 0.0546875 0.0556640625
0 0.68212890625 0.283203125 0.1396484375 0.046875
0 0.7724609375 0.7373046875 0.056640625 0.033203125
0 0.2646484375 0.08251953125 0.1015625 0.0693359375
0 0.16455078125 0.34326171875 0.0322265625 0.0322265625
