0 0.7451171875 0.4326171875 0.05078125 0.0546875
0 0.97509765625 0.48779296875 0.0478515625 0.0732421875
0 0.76171875 0.25048828125 0.052734375 0.0986328125
0 0.9453125 0.9794921875 0.072265625 0.0390625
0 0.9013671875 0.109375 0.05078125 0.0625
0 0.63232421875 0.5458984375 0.0478515625 0.046875
0 0.716796875 0.04345703125 0.05078125 0.0693359375
0 0.8662109375 0.39404296875 0.046875 0.0380859375
0 0.111328125 0.509765625 0.04296875 0.056640625
0 0.818359375 0.447265625 0.048828125 0.095703125
0 0.63232421875 0.3564453125 0.0537109375 0.0625
0 0.9208984375 0.46875 0.048828125 0.076171875
0 0.837890625 0.62548828125 0.03515625 0.0458984375
0 0.77099609375 0.13232421875 0.0322265625 0.0751953125
0 0.72705078125 0.95068359375 0.0673828125 0.0439453125
0 0.61572265625 0.47265625 0.0498046875 0.052734375
0 0.8212890625 0.28271484375 0.044921875 0.0712890625
0 0.9716796875 0.76806640625 0.052734375 0.0830078125
0 0.7578125 0.892578125 0.091796875 0.0546875
0 0.14404296875 0.0966796875 0.0400390625 0.046875
0 0.84765625 0.22314453125 0.029296875 0.0458984375
