0 0.943359375 0.84130859375 0.11328125 0.1103515625
0 0.8955078125 0.4541015625 0.162109375 0.044921875
0 0.2578125 0.88232421875 0.228515625 0.0830078125
0 0.85400390625 0.177734375 0.1298828125 0.130859375
0 0.1845703125 0.9755859375 0.1015625 0.044921875
0 0.216796875 0.853515625 0.0546875 0.0625
0 0.11181640625 0.640625 0.0419921875 0.0859375
0 0.373046875 0.8974609375 0.0625 0.080078125
0 0.13720703125 0.89208984375 0.0595703125 0.2158203125
0 0.23095703125 0.04541015625 0.0908203125 0.0908203125
0 0.7734375 0.279296875 0.0703125 0.1484375
0 0.4365234375 0.93701171875 0.119140625 0.0439453125
0 0.1669921875 0.0263671875 0.06640625 0.04296875
0 0.927734375 0.96728515625 0.14453125 0.0654296875
0 0.3486328125 0.20703125 0.119140625 0.04296875
0 0.4130859375 0.65087890625 0.107421875 0.1005859375
0 0.74365234375 0.3798828125 0.0673828125 0.080078125
0 0.29052734375 0.04296875 0.0576171875 0.08203125
0 0.98046875 0.12451171875 0.037109375 0.0478515625
0 0.9248046875 0.5830078125 0.150390625 0.142578125
0 0.41796875 0.98583984375 0.12109375 0.0283203125
0 0.212890625 0.3935546875 0.083984375 0.103515625
0 0.90478515625 0.72021484375 0.1904296875 0.0673828125
0 0.34375 0.71630859375 0.21484375 0.0791015625
0 0.0615234375 0.97119140625 0.08203125 0.0576171875
0 0.02685546875 0.5830078125 0.0537109375 0.06640625
0 0.013671875 0.28564453125 0.02734375 0.0830078125
0 0.78564453125 0.384765625 0.0576171875 0.06640625
0 0.62255859375 0.3779296875 0.1044921875 0.0546875
0 0.1416015625 0.86767578125 0.123046875 0.0654296875
0 0.1904296875 0.810546875 0.0859375 0.046875
0 0.91650390625 0.4072265625 0.1005859375 0.0625
0 0.728515625 0.5791015625 0.091796875 0.10546875
0 0.53271484375 0.0146484375 0.2236328125 0.029296875
0 0.84619140625 0.0615234375 0.2080078125 0.123046875
0 0.2783203125 0.34619140625 0.0625 0.0673828125
0 0.32763671875 0.04150390625 0.1162109375 0.0830078125
0 0.17724609375 0.71533203125 0.0615234375 0.0380859375
0 0.02099609375 0.83447265625 0.0419921875 0.0927734375
0 0.82666015625 0.40185546875 0.0498046875 0.0595703125
0 0.646484375 0.4951171875 0.142578125 0.16015625
0 0.88916015625 0.05615234375 0.0498046875 0.1123046875
0 0.24462890625 0.7939453125 0.0693359375 0.068359375
0 0.81494140625 0.53369140625 0.1142578125 0.2470703125
0 0.4423828125 0.794921875 0.15625 0.107421875
0 0.31640625 0.82421875 0.068359375 0.0703125
0 0.8330078125 0.96728515625 0.060546875 0.0654296875
