0 0.4697265625 0.51220703125 0.115234375 0.1044921875
0 0.42724609375 0.162109375 0.0849609375 0.07421875
0 0.97314453125 0.28369140625 0.0537109375 0.1044921875
0 0.64453125 0.34716796875 0.115234375 0.1201171875
0 0.79541015625 0.31298828125 0.0908203125 0.0869140625
0 0.0927734375 0.62890625 0.12890625 0.068359375
0 0.55419921875 0.93603515625 0.0751953125 0.0673828125
0 0.15283203125 0.18212890625 0.0634765625 0.0693359375
0 0.43896484375 0.63330078125 0.0869140625 0.0595703125
0 0.662109375 0.57763671875 0.087890625 0.0888671875
0 0.244140625 0.57763671875 0.046875 0.0576171875
0 0.48291015625 0.05322265625 0.1123046875 0.0927734375
0 0.38916015625 0.08203125 0.0849609375 0.10546875
0 0.6328125 0.8994140625 0.1015625 0.072265625
0 0.5625 0.58251953125 0.05078125 0.0419921875
0 0.55322265625 0.87890625 0.0732421875 0.0546875
0 0.68896484375 0.623046875 0.1533203125 0.083984375
0 0.1240234375 0.244140625 0.046875 0.08984375
0 0.5341796875 0.1884765625 0.12890625 0.09765625
0 0.58203125 0.314453125 0.0859375 0.0703125
0 0.42578125 0.28955078125 0.126953125 0.1396484375
0 0.6728515625 0.07373046875 0.123046875 0.0869140625
0 0.89404296875 0.1318359375 0.1474609375 0.1015625
0 0.1220703125 0.9423828125 0.109375 0.072265625
0 0.05712890625 0.84228515625 0.1123046875 0.1083984375
0 0.36572265625 0.6318359375 0.1025390625 0.080078125
