0 0.0615234375 0.224609375 0.123046875 0.078125
0 0.041015625 0.2958984375 0.0546875 0.076171875
0 0.2607421875 0.314453125 0.236328125 0.06640625
0 0.0263671875 0.22998046875 0.052734375 0.1220703125
0 0.482421875 0.18603515625 0.142578125 0.0830078125
0 0.388671875 0.1630859375 0.1875 0.056640625
0 0.3330078125 0.01220703125 0.052734375 0.0244140625
0 0.1962890625 0.0361328125 0.0390625 0.0234375
0 0.18408203125 0.01416015625 0.1884765625 0.0283203125
0 0.38671875 0.044921875 0.20703125 0.048828125
0 0.140625 0.0205078125 0.060546875 0.041015625
0 0.01025390625 0.6826171875 0.0205078125 0.03515625
0 0.0791015625 0.70947265625 0.041015625 0.0439453125
0 0.09375 0.58642578125 0.138671875 0.0986328125
0 0.21484375 0.82861328125 0.07421875 0.0517578125
0 0.2431640625 0.93994140625 0.154296875 0.1181640625
0 0.11376953125 0.89990234375 0.2275390625 0.0947265625
0 0.337890625 0.75634765625 0.173828125 0.1337890625
0 0.4931640625 0.80615234375 0.060546875 0.1337890625
0 0.46533203125 0.7705078125 0.1767578125 0.078125
0 0.58544921875 0.83447265625 0.0986328125 0.1337890625
0 0.765625 0.9130859375 0.078125 0.115234375
0 0.89697265625 0.8671875 0.1142578125 0.138671875
0 0.7880859375 0.98095703125 0.044921875 0.0361328125
0 0.95751953125 0.96337890625 0.0634765625 0.0712890625
0 0.63671875 0.97119140625 0.14453125 0.0478515625
0 0.96875 0.81689453125 0.060546875 0.1064453125
0 0.9443359375 0.685546875 0.083984375 0.041015625
0 0.982421875 0.734375 0.03515625 0.19921875
0 0.8720703125 0.70361328125 0.224609375 0.1689453125
0 0.81640625 0.6845703125 0.1328125 0.125
0 0.32861328125 0.6337890625 0.0400390625 0.044921875
0 0.4921875 0.97705078125 0.060546875 0.0439453125
0 0.435546875 0.6025390625 0.126953125 0.162109375
0 0.30859375 0.6328125 0.1484375 0.15234375
0 0.48779296875 0.69580078125 0.1220703125 0.1103515625
0 0.703125 0.6904296875 0.07421875 0.169921875
0 0.64599609375 0.70703125 0.0712890625 0.24609375
0 0.615234375 0.56103515625 0.087890625 0.1494140625
0 0.8232421875 0.47265625 0.080078125 0.044921875
0 0.75 0.42822265625 0.04296875 0.0751953125
0 0.8662109375 0.478515625 0.16015625 0.126953125
0 0.5595703125 0.41796875 0.119140625 0.1015625
0 0.6123046875 0.47265625 0.177734375 0.123046875
0 0.44873046875 0.408203125 0.2001953125 0.11328125
0 0.33935546875 0.361328125 0.0595703125 0.19921875
0 0.3955078125 0.44970703125 0.154296875 0.2041015625
0 0.7255859375 0.6259765625 0.09765625 0.162109375
0 0.78076171875 0.3115234375 0.1611328125 0.169921875
0 0.93212890625 0.1611328125 0.1337890625 0.126953125
0 0.9306640625 0.1025390625 0.134765625 0.1328125
0 0.86572265625 0.06494140625 0.2001953125 0.1298828125
0 0.63037109375 0.140625 0.1416015625 0.09375
0 0.642578125 0.0849609375 0.140625 0.16796875
0 0.6025390625 0.15625 0.189453125 0.099609375
0 0.7177734375 0.3623046875 0.173828125 0.056640625
0 0.66162109375 0.3330078125 0.0556640625 0.060546875
