0 0.16259765625 0.02587890625 0.0771484375 0.0517578125
0 0.05517578125 0.9765625 0.1103515625 0.044921875
0 0.869140625 0.97314453125 0.060546875 0.0458984375
0 0.76513671875 0.93798828125 0.1025390625 0.0732421875
0 0.50244140625 0.6025390625 0.0830078125 0.1328125
0 0.05224609375 0.142578125 0.0517578125 0.048828125
0 0.5546875 0.697265625 0.076171875 0.09375
0 0.75634765625 0.37744140625 0.0966796875 0.0810546875
0 0.1015625 0.8544921875 0.068359375 0.095703125
0 0.115234375 0.53173828125 0.076171875 0.1533203125
0 0.57421875 0.09814453125 0.115234375 0.0498046875
0 0.9169921875 0.34423828125 0.06640625 0.0576171875
0 0.69189453125 0.81201171875 0.1669921875 0.0830078125
0 0.73779296875 0.18310546875 0.0869140625 0.0634765625
0 0.3046875 0.06298828125 0.048828125 0.0751953125
0 0.83154296875 0.55712890625 0.0947265625 0.0830078125
0 0.275390625 0.37939453125 0.05859375 0.0634765625
0 0.365234375 0.97607421875 0.048828125 0.0478515625
0 0.33056640625 0.8759765625 0.0966796875 0.080078125
0 0.2548828125 0.6416015625 0.064453125 0.0703125
0 0.0869140625 0.05419921875 0.060546875 0.0732421875
0 0.94873046875 0.279296875 0.0654296875 0.08984375
0 0.14306640625 0.9423828125 0.0830078125 0.115234375
0 0.79638671875 0.87646484375 0.0634765625 0.0556640625
0 0.75244140625 0.55517578125 0.0751953125 0.1025390625
0 0.43994140625 0.04296875 0.0771484375 0.0859375
0 0.28759765625 0.76171875 0.0771484375 0.0859375
0 0.06298828125 0.60986328125 0.0908203125 0.1455078125
0 0.109375 0.78125 0.173828125 0.078125
0 0.41259765625 0.900390625 0.0810546875 0.15234375
0 0.5625 0.0419921875 0.146484375 0.07421875
0 0.4521484375 0.55517578125 0.06640625 0.0654296875
0 0.29345703125 0.966796875 0.0595703125 0.06640625
0 0.70849609375 0.02880859375 0.1552734375 0.0576171875
0 0.533203125 0.4833984375 0.080078125 0.083984375
0 0.5439453125 0.205078125 0.08984375 0.11328125
0 0.8642578125 0.51416015625 0.0625 0.0595703125
