0 0.84912109375 0.41796875 0.1083984375 0.080078125
0 0.732421875 0.3447265625 0.099609375 0.076171875
0 0.08544921875 0.68115234375 0.1083984375 0.1181640625
0 0.55712890625 0.77099609375 0.1044921875 0.0888671875
0 0.8896484375 0.76708984375 0.076171875 0.0830078125
0 0.5556640625 0.0224609375 0.091796875 0.044921875
0 0.76318359375 0.75927734375 0.0830078125 0.0498046875
0 0.57666015625 0.875 0.0947265625 0.111328125
0 0.21044921875 0.3203125 0.0712890625 0.076171875
0 0.359375 0.45703125 0.134765625 0.123046875
0 0.4609375 0.052734375 0.103515625 0.1015625
0 0.62646484375 0.7783203125 0.0693359375 0.08203125
0 0.24462890625 0.0361328125 0.1455078125 0.072265625
0 0.45947265625 0.49853515625 0.1044921875 0.0927734375
0 0.31396484375 0.6650390625 0.0927734375 0.08984375
0 0.408203125 0.3408203125 0.142578125 0.181640625
0 0.548828125 0.5947265625 0.087890625 0.099609375
0 0.27587890625 0.08447265625 0.1279296875 0.1142578125
