0 0.681640625 0.673828125 0.05859375 0.052734375
0 0.6904296875 0.80029296875 0.080078125 0.0458984375
0 0.513671875 0.64794921875 0.0625 0.0458984375
0 0.84228515625 0.373046875 0.0751953125 0.052734375
0 0.44091796875 0.0810546875 0.0732421875 0.04296875
0 0.49951171875 0.49560546875 0.0830078125 0.0556640625
0 0.01513671875 0.7509765625 0.0302734375 0.08203125
0 0.09130859375 0.7060546875 0.0712890625 0.072265625
0 0.55908203125 0.24658203125 0.0673828125 0.0654296875
0 0.734375 0.0224609375 0.115234375 0.044921875
0 0.61474609375 0.6611328125 0.0634765625 0.072265625
0 0.66259765625 0.93310546875 0.0478515625 0.0498046875
0 0.5810546875 0.505859375 0.06640625 0.046875
0 0.45458984375 0.0283203125 0.1005859375 0.056640625
0 0.76953125 0.52392578125 0.12109375 0.0634765625
0 0.94189453125 0.86669921875 0.0966796875 0.0654296875
0 0.55712890625 0.78125 0.1103515625 0.078125
0 0.47802734375 0.3173828125 0.0693359375 0.048828125
0 0.755859375 0.19775390625 0.09375 0.0478515625
0 0.79443359375 0.43798828125 0.1455078125 0.0771484375
0 0.5673828125 0.896484375 0.048828125 0.044921875
0 0.0546875 0.56201171875 0.064453125 0.0517578125
0 0.46533203125 0.83203125 0.0439453125 0.03515625
0 0.63330078125 0.9599609375 0.0517578125 0.0390625
0 0.64501953125 0.12744140625 0.0908203125 0.0751953125
