0 0.748046875 0.04736328125 0.064453125 0.0947265625
0 0.6708984375 0.20947265625 0.04296875 0.2119140625
0 0.72509765625 0.03125 0.1494140625 0.0625
0 0.8291015625 0.01025390625 0.052734375 0.0205078125
0 0.5517578125 0.22509765625 0.189453125 0.2158203125
0 0.58056640625 0.17333984375 0.0712890625 0.2431640625
0 0.5361328125 0.330078125 0.060546875 0.109375
0 0.5341796875 0.044921875 0.251953125 0.0546875
0 0.4990234375 0.1953125 0.32421875 0.0703125
0 0.35791015625 0.10302734375 0.2978515625 0.0791015625
0 0.4013671875 0.22021484375 0.220703125 0.2744140625
0 0.2197265625 0.16455078125 0.080078125 0.1767578125
0 0.07861328125 0.2119140625 0.1103515625 0.291015625
0 0.42431640625 0.18359375 0.2548828125 0.162109375
0 0.376953125 0.41064453125 0.267578125 0.1962890625
0 0.0302734375 0.36328125 0.060546875 0.10546875
0 0.09130859375 0.4482421875 0.1806640625 0.11328125
0 0.03125 0.53125 0.0625 0.05078125
0 0.12890625 0.482421875 0.14453125 0.38671875
0 0.14404296875 0.35546875 0.1767578125 0.30078125
0 0.1904296875 0.3720703125 0.22265625 0.314453125
0 0.14111328125 0.2197265625 0.0986328125 0.263671875
0 0.42578125 0.642578125 0.04296875 0.171875
0 0.09814453125 0.822265625 0.1962890625 0.08984375
0 0.09619140625 0.78515625 0.1923828125 0.21875
0 0.13720703125 0.794921875 0.1025390625 0.23828125
0 0.1943359375 0.9189453125 0.05078125 0.1328125
0 0.07080078125 0.935546875 0.1416015625 0.126953125
0 0.2412109375 0.96484375 0.064453125 0.068359375
0 0.4140625 0.671875 0.310546875 0.140625
0 0.46923828125 0.60791015625 0.1025390625 0.2978515625
0 0.5087890625 0.97314453125 0.119140625 0.0517578125
0 0.595703125 0.8193359375 0.15625 0.287109375
0 0.6982421875 0.66552734375 0.333984375 0.1728515625
0 0.64599609375 0.91796875 0.2431640625 0.12890625
0 0.96533203125 0.736328125 0.0673828125 0.056640625
0 0.8427734375 0.92236328125 0.22265625 0.1533203125
0 0.92578125 0.8212890625 0.08203125 0.03125
0 0.93603515625 0.8828125 0.1259765625 0.234375
0 0.86083984375 0.53564453125 0.1962890625 0.2392578125
0 0.87109375 0.53564453125 0.255859375 0.1416015625
0 0.8193359375 0.34375 0.228515625 0.3203125
0 0.90087890625 0.326171875 0.1962890625 0.12890625
0 0.88916015625 0.4140625 0.2197265625 0.078125
0 0.94384765625 0.4287109375 0.0556640625 0.181640625
0 0.94140625 0.53173828125 0.1171875 0.0556640625
0 0.5966796875 0.31640625 0.044921875 0.193359375
0 0.923828125 0.11767578125 0.150390625 0.0751953125
0 0.9072265625 0.18896484375 0.177734375 0.1103515625
0 0.88720703125 0.9130859375 0.0361328125 0.12109375
0 0.91796875 0.8212890625 0.0234375 0.078125
0 0.09814453125 0.021484375 0.0478515625 0.04296875
0 0.619140625 0.1083984375 0.064453125 0.111328125
0 0.2578125 0.39697265625 0.037109375 0.1455078125
0 0.25341796875 0.189453125 0.0361328125 0.11328125
0 0.548828125 0.85498046875 0.03125 0.0986328125
