0 0.7685546875 0.7880859375 0.080078125 0.06640625
0 0.85546875 0.89599609375 0.0859375 0.0927734375
0 0.11865234375 0.1796875 0.0947265625 0.091796875
0 0.6083984375 0.9072265625 0.0703125 0.056640625
0 0.86669921875 0.37744140625 0.0595703125 0.0498046875
0 0.84375 0.06396484375 0.076171875 0.0478515625
0 0.0439453125 0.931640625 0.05859375 0.072265625
0 0.400390625 0.228515625 0.05078125 0.064453125
0 0.78369140625 0.18603515625 0.0439453125 0.0439453125
0 0.55615234375 0.29345703125 0.0810546875 0.0732421875
0 0.81884765625 0.166015625 0.0537109375 0.048828125
0 0.65576171875 0.07470703125 0.0498046875 0.0556640625
0 0.36962890625 0.96142578125 0.0791015625 0.0732421875
0 0.46533203125 0.154296875 0.1181640625 0.08984375
0 0.31396484375 0.22314453125 0.0927734375 0.0634765625
0 0.4921875 0.85009765625 0.0546875 0.0537109375
0 0.76708984375 0.95068359375 0.0712890625 0.0693359375
0 0.77294921875 0.30712890625 0.1103515625 0.0849609375
0 0.98486328125 0.82080078125 0.0302734375 0.0654296875
0 0.6171875 0.19677734375 0.078125 0.1025390625
0 0.7431640625 0.17431640625 0.03515625 0.0302734375
0 0.31591796875 0.3291015625 0.0751953125 0.06640625
0 0.2705078125 0.8583984375 0.091796875 0.0859375
0 0.71630859375 0.65869140625 0.2119140625 0.0615234375
0 0.7373046875 0.04443359375 0.078125 0.0888671875
0 0.05615234375 0.08935546875 0.0751953125 0.1083984375
0 0.63232421875 0.3583984375 0.0712890625 0.07421875
0 0.5263671875 0.4072265625 0.0859375 0.068359375
