0 0.8369140625 0.10595703125 0.10546875 0.0927734375
0 0.279296875 0.13330078125 0.05078125 0.0556640625
0 0.49462890625 0.2509765625 0.0693359375 0.0625
0 0.1455078125 0.2919921875 0.083984375 0.083984375
0 0.16455078125 0.41064453125 0.0751953125 0.1669921875
0 0.302734375 0.1962890625 0.078125 0.271484375
0 0.96875 0.1044921875 0.0625 0.05078125
0 0.21826171875 0.92724609375 0.1181640625 0.1044921875
0 0.9482421875 0.85888671875 0.103515625 0.0927734375
0 0.55419921875 0.1064453125 0.1103515625 0.087890625
0 0.91845703125 0.9775390625 0.1103515625 0.044921875
0 0.70166015625 0.2197265625 0.0419921875 0.095703125
0 0.521484375 0.0185546875 0.046875 0.03515625
0 0.52197265625 0.0966796875 0.1201171875 0.19140625
0 0.24609375 0.03955078125 0.09765625 0.0751953125
0 0.1435546875 0.9052734375 0.072265625 0.087890625
0 0.98193359375 0.556640625 0.0361328125 0.080078125
0 0.79931640625 0.6767578125 0.1044921875 0.125
0 0.83740234375 0.55224609375 0.1005859375 0.1708984375
0 0.71044921875 0.87451171875 0.0458984375 0.0498046875
0 0.82666015625 0.1484375 0.1279296875 0.04296875
0 0.6484375 0.84228515625 0.09765625 0.0654296875
0 0.8349609375 0.81982421875 0.06640625 0.1044921875
0 0.5419921875 0.9345703125 0.095703125 0.064453125
0 0.53955078125 0.822265625 0.0556640625 0.041015625
0 0.58447265625 0.29345703125 0.1201171875 0.0869140625
0 0.353515625 0.0322265625 0.1328125 0.060546875
0 0.5732421875 0.39453125 0.087890625 0.1640625
0 0.185546875 0.845703125 0.09765625 0.044921875
0 0.5283203125 0.3857421875 0.087890625 0.142578125
0 0.744140625 0.25341796875 0.08984375 0.1728515625
0 0.64794921875 0.25830078125 0.0673828125 0.1279296875
0 0.8818359375 0.19091796875 0.115234375 0.0771484375
0 0.62841796875 0.791015625 0.0576171875 0.052734375
0 0.56396484375 0.1357421875 0.0556640625 0.19921875
0 0.31103515625 0.78466796875 0.3720703125 0.1103515625
0 0.7021484375 0.7998046875 0.064453125 0.150390625
0 0.75048828125 0.826171875 0.0517578125 0.03125
0 0.0419921875 0.71875 0.080078125 0.0625
0 0.1025390625 0.1103515625 0.17578125 0.1171875
