0 0.03955078125 0.08154296875 0.0458984375 0.0517578125
0 0.4052734375 0.02783203125 0.041015625 0.0556640625
0 0.3779296875 0.02978515625 0.025390625 0.0556640625
0 0.3125 0.17724609375 0.0234375 0.0380859375
0 0.33837890625 0.20703125 0.0166015625 0.021484375
0 0.25927734375 0.17919921875 0.0712890625 0.0654296875
0 0.3369140625 0.13916015625 0.03515625 0.0654296875
0 0.359375 0.1328125 0.02734375 0.064453125
0 0.38134765625 0.18505859375 0.0341796875 0.0380859375
0 0.34521484375 0.26171875 0.0361328125 0.052734375
0 0.44091796875 0.31494140625 0.0263671875 0.0322265625
0 0.38818359375 0.2802734375 0.0498046875 0.07421875
0 0.603515625 0.16796875 0.05078125 0.07421875
0 0.5869140625 0.2138671875 0.056640625 0.07421875
0 0.64990234375 0.1767578125 0.0283203125 0.052734375
0 0.599609375 0.3037109375 0.046875 0.08203125
0 0.68701171875 0.31591796875 0.0517578125 0.0380859375
0 0.6416015625 0.29541015625 0.052734375 0.0751953125
0 0.6923828125 0.17431640625 0.05078125 0.0810546875
0 0.71337890625 0.095703125 0.0537109375 0.09765625
0 0.7021484375 0.12353515625 0.03515625 0.0380859375
0 0.978515625 0.0693359375 0.041015625 0.072265625
0 0.98681640625 0.1484375 0.0263671875 0.0546875
0 0.990234375 0.20068359375 0.015625 0.0517578125
0 0.9921875 0.29833984375 0.01171875 0.0849609375
0 0.984375 0.38330078125 0.02734375 0.0849609375
0 0.9521484375 0.2109375 0.02734375 0.044921875
0 0.95849609375 0.5185546875 0.0576171875 0.04296875
0 0.76171875 0.71533203125 0.107421875 0.0537109375
0 0.81689453125 0.7783203125 0.0224609375 0.02734375
0 0.97998046875 0.81640625 0.0361328125 0.080078125
0 0.96533203125 0.78515625 0.0400390625 0.0390625
0 0.72119140625 0.5 0.0244140625 0.025390625
0 0.61767578125 0.43701171875 0.0576171875 0.0576171875
0 0.681640625 0.4814453125 0.046875 0.0546875
0 0.6650390625 0.39990234375 0.046875 0.0615234375
0 0.66064453125 0.5419921875 0.0517578125 0.052734375
0 0.599609375 0.5732421875 0.052734375 0.0625
0 0.65380859375 0.5908203125 0.0634765625 0.046875
0 0.52587890625 0.7373046875 0.0283203125 0.037109375
0 0.6435546875 0.6552734375 0.021484375 0.033203125
0 0.62255859375 0.6708984375 0.0263671875 0.021484375
0 0.6142578125 0.7119140625 0.03515625 0.03125
0 0.6513671875 0.8037109375 0.033203125 0.060546875
0 0.68505859375 0.810546875 0.0380859375 0.060546875
0 0.650390625 0.70947265625 0.052734375 0.0693359375
0 0.60546875 0.83447265625 0.052734375 0.0615234375
0 0.7060546875 0.869140625 0.046875 0.037109375
0 0.83935546875 0.88134765625 0.0751953125 0.0537109375
0 0.310546875 0.59375 0.0546875 0.060546875
0 0.22509765625 0.8193359375 0.0634765625 0.046875
0 0.26025390625 0.791015625 0.0419921875 0.05078125
0 0.3251953125 0.76611328125 0.03125 0.0380859375
0 0.326171875 0.869140625 0.033203125 0.03125
0 0.3046875 0.7958984375 0.0546875 0.07421875
0 0.23876953125 0.54296875 0.0517578125 0.03515625
0 0.2509765625 0.48583984375 0.05078125 0.0517578125
0 0.2880859375 0.5166015625 0.048828125 0.0625
0 0.30615234375 0.4619140625 0.0673828125 0.10546875
0 0.3603515625 0.4873046875 0.052734375 0.046875
0 0.2666015625 0.34130859375 0.05859375 0.0478515625
0 0.31640625 0.396484375 0.04296875 0.07421875
0 0.34423828125 0.35693359375 0.0380859375 0.0458984375
0 0.357421875 0.3974609375 0.041015625 0.0625
0 0.380859375 0.3291015625 0.037109375 0.05859375
0 0.34033203125 0.94580078125 0.0595703125 0.0654296875
0 0.2861328125 0.9345703125 0.041015625 0.04296875
0 0.2587890625 0.95703125 0.041015625 0.05859375
0 0.28759765625 0.97802734375 0.0341796875 0.0439453125
0 0.34814453125 0.99169921875 0.0810546875 0.0166015625
0 0.7255859375 0.89892578125 0.0625 0.0771484375
0 0.6806640625 0.9677734375 0.044921875 0.0546875
0 0.6396484375 0.939453125 0.05859375 0.046875
0 0.60546875 0.97314453125 0.060546875 0.0439453125
0 0.0283203125 0.9892578125 0.025390625 0.021484375
0 0.00634765625 0.904296875 0.0126953125 0.037109375
0 0.06201171875 0.93505859375 0.0615234375 0.0654296875
0 0.0126953125 0.7509765625 0.025390625 0.056640625
0 0.01513671875 0.552734375 0.0302734375 0.0625
0 0.02734375 0.4677734375 0.0546875 0.0625
0 0.01416015625 0.1904296875 0.0283203125 0.0703125
0 0.0771484375 0.310546875 0.056640625 0.056640625
0 0.02099609375 0.12451171875 0.0419921875 0.0361328125
0 0.0205078125 0.42041015625 0.041015625 0.0341796875
0 0.02099609375 0.07958984375 0.0341796875 0.0322265625
0 0.02685546875 0.03271484375 0.0322265625 0.0517578125
0 0.05859375 0.0390625 0.025390625 0.041015625
0 0.06591796875 0.0849609375 0.0341796875 0.029296875
0 0.73388671875 0.18896484375 0.0419921875 0.0810546875
0 0.6787109375 0.439453125 0.04296875 0.03515625
0 0.22802734375 0.07470703125 0.0302734375 0.0205078125
0 0.00732421875 0.14794921875 0.0146484375 0.0302734375
0 0.6103515625 0.99267578125 0.05859375 0.0146484375
0 0.59912109375 0.9482421875 0.0400390625 0.0234375
0 0.353515625 0.97265625 0.04296875 0.02734375
0 0.974609375 0.2099609375 0.017578125 0.04296875
0 0.3076171875 0.0087890625 0.025390625 0.017578125
