0 0.0771484375 0.39501953125 0.130859375 0.0576171875
0 0.75537109375 0.67236328125 0.1025390625 0.0595703125
0 0.775390625 0.2109375 0.1328125 0.060546875
0 0.0322265625 0.232421875 0.064453125 0.05078125
0 0.1337890625 0.95263671875 0.09375 0.0595703125
0 0.482421875 0.69140625 0.0859375 0.056640625
0 0.74951171875 0.84765625 0.1337890625 0.076171875
0 0.9482421875 0.27490234375 0.103515625 0.0576171875
0 0.3837890625 0.177734375 0.11328125 0.064453125
0 0.41162109375 0.626953125 0.0908203125 0.052734375
0 0.77587890625 0.37548828125 0.1162109375 0.0595703125
0 0.55615234375 0.76708984375 0.1025390625 0.0478515625
0 0.02001953125 0.28662109375 0.0380859375 0.0458984375
0 0.1640625 0.783203125 0.095703125 0.05078125
0 0.84033203125 0.6123046875 0.1318359375 0.0625
0 0.5078125 0.57080078125 0.0859375 0.0615234375
0 0.56298828125 0.24462890625 0.1005859375 0.0537109375
0 0.93603515625 0.84326171875 0.1279296875 0.0673828125
0 0.0791015625 0.17138671875 0.068359375 0.0634765625
0 0.67333984375 0.0615234375 0.0927734375 0.072265625
0 0.59521484375 0.18603515625 0.0966796875 0.0458984375
0 0.06689453125 0.8681640625 0.0732421875 0.07421875
0 0.23681640625 0.59326171875 0.0947265625 0.0927734375
0 0.6591796875 0.7802734375 0.115234375 0.05859375
0 0.341796875 0.4296875 0.08984375 0.078125
0 0.0224609375 0.033203125 0.044921875 0.06640625
0 0.63427734375 0.32177734375 0.0986328125 0.0556640625
0 0.58935546875 0.3623046875 0.0732421875 0.05078125
0 0.84228515625 0.2685546875 0.1201171875 0.0625
0 0.84716796875 0.5283203125 0.1376953125 0.06640625
0 0.79443359375 0.9296875 0.1376953125 0.0859375
0 0.783203125 0.0166015625 0.103515625 0.033203125
0 0.86669921875 0.6513671875 0.1064453125 0.041015625
0 0.83154296875 0.57373046875 0.1044921875 0.0537109375
0 0.72119140625 0.59130859375 0.0986328125 0.0595703125
0 0.17529296875 0.388671875 0.0439453125 0.064453125
0 0.5517578125 0.49658203125 0.091796875 0.0537109375
0 0.11865234375 0.59326171875 0.0751953125 0.0556640625
0 0.72802734375 0.43359375 0.1318359375 0.076171875
0 0.5322265625 0.65576171875 0.083984375 0.0458984375
0 0.87060546875 0.4580078125 0.1455078125 0.076171875
0 0.4560546875 0.75537109375 0.07421875 0.0439453125
0 0.88525390625 0.76953125 0.1201171875 0.056640625
0 0.58837890625 0.80615234375 0.0751953125 0.0537109375
0 0.525390625 0.142578125 0.076171875 0.05078125
