0 0.6748046875 0.89697265625 0.05078125 0.0439453125
0 0.2861328125 0.11962890625 0.1015625 0.0849609375
0 0.6044921875 0.06884765625 0.048828125 0.0966796875
0 0.259765625 0.4501953125 0.1328125 0.072265625
0 0.0869140625 0.31494140625 0.099609375 0.0986328125
0 0.876953125 0.23193359375 0.056640625 0.0478515625
0 0.59423828125 0.86083984375 0.0751953125 0.0458984375
0 0.57275390625 0.76611328125 0.0498046875 0.0458984375
0 0.83154296875 0.60009765625 0.0712890625 0.0478515625
0 0.63671875 0.7529296875 0.08203125 0.072265625
0 0.78466796875 0.32275390625 0.0712890625 0.0654296875
0 0.0927734375 0.7900390625 0.0546875 0.05078125
0 0.02783203125 0.10009765625 0.0517578125 0.0712890625
0 0.94384765625 0.39111328125 0.0673828125 0.0478515625
0 0.92431640625 0.3642578125 0.0849609375 0.056640625
0 0.7412109375 0.52392578125 0.048828125 0.0478515625
0 0.8017578125 0.48193359375 0.060546875 0.0673828125
0 0.564453125 0.1767578125 0.091796875 0.095703125
0 0.06298828125 0.1591796875 0.0439453125 0.046875
0 0.06884765625 0.69677734375 0.0556640625 0.0654296875
0 0.5146484375 0.77490234375 0.08984375 0.0732421875
