0 0.94482421875 0.6552734375 0.0595703125 0.072265625
0 0.96484375 0.37353515625 0.0625 0.0966796875
0 0.326171875 0.43359375 0.044921875 0.04296875
0 0.64404296875 0.10107421875 0.0517578125 0.1103515625
0 0.98583984375 0.232421875 0.0283203125 0.083984375
0 0.599609375 0.78515625 0.04296875 0.037109375
0 0.4345703125 0.3447265625 0.05859375 0.064453125
0 0.88818359375 0.30615234375 0.0498046875 0.0693359375
0 0.9365234375 0.8037109375 0.08203125 0.052734375
0 0.30615234375 0.32568359375 0.0380859375 0.0654296875
0 0.19580078125 0.31494140625 0.0458984375 0.0263671875
0 0.94921875 0.19091796875 0.060546875 0.0419921875
0 0.95556640625 0.53759765625 0.0556640625 0.0615234375
0 0.0712890625 0.716796875 0.0546875 0.048828125
0 0.85009765625 0.23681640625 0.0478515625 0.0673828125
0 0.14892578125 0.34228515625 0.0400390625 0.0380859375
0 0.08154296875 0.8310546875 0.0517578125 0.0546875
0 0.9052734375 0.48681640625 0.046875 0.0478515625
0 0.02392578125 0.3017578125 0.0439453125 0.10546875
0 0.7392578125 0.6259765625 0.044921875 0.056640625
0 0.1513671875 0.91552734375 0.080078125 0.0693359375
0 0.38720703125 0.8017578125 0.0478515625 0.052734375
0 0.59228515625 0.09521484375 0.0712890625 0.1201171875
0 0.64990234375 0.31689453125 0.0830078125 0.0908203125
0 0.2529296875 0.16748046875 0.033203125 0.0341796875
0 0.92578125 0.98876953125 0.08203125 0.0205078125
