0 0.94384765625 0.57568359375 0.0673828125 0.0654296875
0 0.466796875 0.05908203125 0.095703125 0.1181640625
0 0.73095703125 0.92919921875 0.0654296875 0.1416015625
0 0.84521484375 0.271484375 0.0693359375 0.150390625
0 0.06884765625 0.484375 0.0966796875 0.044921875
0 0.17041015625 0.39599609375 0.0830078125 0.0693359375
0 0.7314453125 0.044921875 0.072265625 0.08984375
0 0.7021484375 0.80224609375 0.05859375 0.0771484375
0 0.28759765625 0.6513671875 0.0830078125 0.078125
0 0.79052734375 0.716796875 0.2822265625 0.197265625
0 0.2041015625 0.57421875 0.076171875 0.0859375
0 0.26220703125 0.0302734375 0.0966796875 0.060546875
0 0.32958984375 0.93017578125 0.1865234375 0.1376953125
0 0.7412109375 0.41796875 0.064453125 0.13671875
0 0.76171875 0.23779296875 0.0859375 0.1552734375
0 0.1015625 0.54052734375 0.115234375 0.0830078125
0 0.2705078125 0.48974609375 0.109375 0.1005859375
0 0.689453125 0.4013671875 0.048828125 0.091796875
0 0.85791015625 0.07177734375 0.1162109375 0.0517578125
0 0.44580078125 0.4599609375 0.0751953125 0.1015625
0 0.7998046875 0.91015625 0.056640625 0.08203125
0 0.0859375 0.375 0.0625 0.056640625
0 0.5 0.93896484375 0.107421875 0.1220703125
0 0.79443359375 0.3583984375 0.0595703125 0.046875
0 0.35205078125 0.3232421875 0.1708984375 0.13671875
0 0.02294921875 0.4482421875 0.0458984375 0.064453125
0 0.6328125 0.9248046875 0.064453125 0.09375
0 0.099609375 0.2548828125 0.1015625 0.091796875
0 0.81103515625 0.44140625 0.0595703125 0.044921875
0 0.1591796875 0.68505859375 0.0859375 0.0732421875
0 0.03759765625 0.958984375 0.0732421875 0.08203125
0 0.73193359375 0.53857421875 0.1162109375 0.0615234375
0 0.62548828125 0.3447265625 0.1044921875 0.060546875
0 0.435546875 0.82421875 0.07421875 0.06640625
0 0.85595703125 0.70556640625 0.0693359375 0.0732421875
0 0.94677734375 0.72412109375 0.1064453125 0.1044921875
0 0.912109375 0.89453125 0.064453125 0.0703125
0 0.06396484375 0.138671875 0.0927734375 0.052734375
0 0.4755859375 0.37109375 0.06640625 0.0625
0 0.400390625 0.54541015625 0.1171875 0.0810546875
0 0.3173828125 0.88427734375 0.064453125 0.0498046875
0 0.6650390625 0.09765625 0.107421875 0.18359375
