0 0.4384765625 0.96337890625 0.0390625 0.0498046875
0 0.13232421875 0.7470703125 0.0615234375 0.044921875
0 0.6484375 0.8388671875 0.07421875 0.048828125
0 0.77734375 0.517578125 0.126953125 0.0625
0 0.70458984375 0.64892578125 0.1259765625 0.0537109375
0 0.1845703125 0.640625 0.060546875 0.0546875
0 0.5654296875 0.20751953125 0.099609375 0.0849609375
0 0.1142578125 0.9873046875 0.095703125 0.025390625
0 0.42236328125 0.1767578125 0.0908203125 0.09765625
0 0.90869140625 0.52294921875 0.0791015625 0.0458984375
0 0.7958984375 0.73291015625 0.07421875 0.0517578125
0 0.31201171875 0.45849609375 0.0908203125 0.0517578125
0 0.9609375 0.439453125 0.078125 0.080078125
0 0.48388671875 0.57373046875 0.1005859375 0.0380859375
0 0.10009765625 0.27392578125 0.0458984375 0.0615234375
0 0.44287109375 0.48876953125 0.1025390625 0.0693359375
0 0.4365234375 0.81982421875 0.09375 0.0419921875
0 0.67431640625 0.2802734375 0.0478515625 0.03515625
0 0.68896484375 0.86572265625 0.1044921875 0.0458984375
0 0.68310546875 0.49072265625 0.1005859375 0.0791015625
0 0.513671875 0.310546875 0.11328125 0.0703125
0 0.53271484375 0.787109375 0.0791015625 0.041015625
0 0.732421875 0.16943359375 0.08984375 0.0810546875
0 0.4892578125 0.703125 0.13671875 0.033203125
0 0.02685546875 0.14990234375 0.0537109375 0.0869140625
0 0.8720703125 0.771484375 0.060546875 0.05078125
0 0.27734375 0.3427734375 0.07421875 0.05078125
