0 0.38134765625 0.484375 0.2041015625 0.10546875
0 0.18017578125 0.03369140625 0.3603515625 0.0673828125
0 0.09765625 0.11962890625 0.1953125 0.0751953125
0 0.1171875 0.18798828125 0.234375 0.1142578125
0 0.26318359375 0.1640625 0.2744140625 0.265625
0 0.4853515625 0.17333984375 0.142578125 0.0478515625
0 0.39794921875 0.1669921875 0.0751953125 0.19921875
0 0.48486328125 0.27783203125 0.0830078125 0.3603515625
0 0.40869140625 0.40234375 0.2392578125 0.240234375
0 0.546875 0.41748046875 0.068359375 0.0439453125
0 0.37939453125 0.41650390625 0.0400390625 0.2587890625
0 0.32861328125 0.41943359375 0.1220703125 0.1259765625
0 0.3134765625 0.56103515625 0.203125 0.0439453125
0 0.30126953125 0.587890625 0.2392578125 0.05078125
0 0.41796875 0.61767578125 0.326171875 0.1181640625
0 0.53369140625 0.6318359375 0.2392578125 0.041015625
0 0.44287109375 0.6728515625 0.1337890625 0.056640625
0 0.08837890625 0.7607421875 0.1689453125 0.095703125
0 0.17919921875 0.81787109375 0.3408203125 0.0869140625
0 0.31982421875 0.92578125 0.3095703125 0.0859375
0 0.3447265625 0.794921875 0.2265625 0.08984375
0 0.5185546875 0.8798828125 0.404296875 0.140625
0 0.47265625 0.7666015625 0.22265625 0.119140625
0 0.54443359375 0.84423828125 0.1962890625 0.0908203125
0 0.5810546875 0.8134765625 0.236328125 0.1484375
0 0.7763671875 0.90087890625 0.28515625 0.1962890625
0 0.80615234375 0.96142578125 0.0869140625 0.0751953125
0 0.7333984375 0.7373046875 0.044921875 0.154296875
0 0.931640625 0.87109375 0.13671875 0.2578125
0 0.96484375 0.7265625 0.0703125 0.14453125
0 0.83203125 0.7783203125 0.12890625 0.376953125
0 0.9765625 0.537109375 0.044921875 0.041015625
0 0.9765625 0.537109375 0.044921875 0.041015625
0 0.6533203125 0.4052734375 0.0390625 0.06640625
0 0.7763671875 0.31640625 0.369140625 0.068359375
0 0.6943359375 0.3525390625 0.326171875 0.048828125
0 0.6474609375 0.2353515625 0.306640625 0.111328125
0 0.666015625 0.220703125 0.28515625 0.1484375
0 0.904296875 0.2900390625 0.126953125 0.251953125
0 0.7548828125 0.15283203125 0.380859375 0.0791015625
0 0.95703125 0.2705078125 0.0859375 0.064453125
0 0.919921875 0.21240234375 0.07421875 0.0556640625
0 0.939453125 0.140625 0.119140625 0.140625
0 0.908203125 0.099609375 0.181640625 0.0859375
0 0.8056640625 0.08203125 0.3125 0.1640625
0 0.6767578125 0.06494140625 0.255859375 0.1298828125
0 0.578125 0.015625 0.099609375 0.03125
0 0.5439453125 0.076171875 0.072265625 0.13671875
0 0.0107421875 0.77734375 0.021484375 0.0234375
0 0.35595703125 0.978515625 0.1806640625 0.041015625
0 0.50390625 0.9765625 0.265625 0.044921875
0 0.4697265625 0.470703125 0.1875 0.0859375
0 0.9267578125 0.865234375 0.083984375 0.267578125
0 0.494140625 0.9248046875 0.1171875 0.056640625
