0 0.02099609375 0.65380859375 0.0419921875 0.1728515625
0 0.93017578125 0.4521484375 0.1376953125 0.064453125
0 0.0732421875 0.1826171875 0.146484375 0.09765625
0 0.666015625 0.4580078125 0.12890625 0.072265625
0 0.18408203125 0.4619140625 0.0751953125 0.07421875
0 0.53662109375 0.533203125 0.0791015625 0.158203125
0 0.4501953125 0.146484375 0.216796875 0.1484375
0 0.57861328125 0.98974609375 0.0849609375 0.0205078125
0 0.20068359375 0.6259765625 0.0908203125 0.0625
0 0.9130859375 0.0849609375 0.126953125 0.169921875
0 0.89794921875 0.8935546875 0.1240234375 0.08984375
0 0.75048828125 0.44775390625 0.0673828125 0.1103515625
0 0.04931640625 0.27490234375 0.0986328125 0.0947265625
0 0.04296875 0.3427734375 0.0859375 0.06640625
0 0.28271484375 0.3212890625 0.1181640625 0.11328125
0 0.97509765625 0.7578125 0.0498046875 0.09375
0 0.9140625 0.798828125 0.078125 0.064453125
0 0.69580078125 0.69775390625 0.1435546875 0.1240234375
0 0.8212890625 0.076171875 0.083984375 0.044921875
0 0.53564453125 0.677734375 0.0615234375 0.05078125
0 0.20654296875 0.39404296875 0.1181640625 0.0654296875
0 0.11962890625 0.0556640625 0.1142578125 0.060546875
0 0.39794921875 0.337890625 0.1005859375 0.19140625
0 0.9609375 0.35693359375 0.078125 0.0556640625
0 0.05712890625 0.90478515625 0.1123046875 0.1005859375
0 0.4892578125 0.74267578125 0.09375 0.0869140625
0 0.35009765625 0.89306640625 0.1083984375 0.1396484375
0 0.44873046875 0.91748046875 0.0673828125 0.0966796875
0 0.26513671875 0.55859375 0.0712890625 0.05078125
0 0.41357421875 0.51904296875 0.1806640625 0.0908203125
0 0.6435546875 0.2236328125 0.20703125 0.099609375
0 0.587890625 0.82861328125 0.201171875 0.0830078125
0 0.79833984375 0.18359375 0.1162109375 0.08203125
0 0.27783203125 0.490234375 0.1103515625 0.064453125
0 0.6435546875 0.02978515625 0.1796875 0.0576171875
0 0.2177734375 0.73974609375 0.1484375 0.1669921875
0 0.67529296875 0.5390625 0.1005859375 0.064453125
