0 0.65625 0.642578125 0.1328125 0.1796875
0 0.6552734375 0.93359375 0.09765625 0.1328125
0 0.748046875 0.34521484375 0.0703125 0.0439453125
0 0.89990234375 0.25146484375 0.1044921875 0.0849609375
0 0.69091796875 0.4736328125 0.0654296875 0.0546875
0 0.17431640625 0.26025390625 0.1162109375 0.0927734375
0 0.14501953125 0.0830078125 0.0849609375 0.05859375
0 0.89306640625 0.95703125 0.0908203125 0.0859375
0 0.052734375 0.08447265625 0.10546875 0.0712890625
0 0.111328125 0.70654296875 0.0546875 0.0791015625
0 0.09375 0.95947265625 0.0625 0.0673828125
0 0.748046875 0.27001953125 0.125 0.1279296875
0 0.701171875 0.84814453125 0.087890625 0.0556640625
0 0.9853515625 0.126953125 0.029296875 0.0703125
0 0.15478515625 0.96826171875 0.0869140625 0.0634765625
0 0.12841796875 0.51708984375 0.1064453125 0.1123046875
0 0.90625 0.07861328125 0.1171875 0.0810546875
0 0.36279296875 0.55224609375 0.0791015625 0.0869140625
0 0.62744140625 0.1845703125 0.0830078125 0.09375
0 0.1083984375 0.853515625 0.12890625 0.09375
0 0.421875 0.94775390625 0.134765625 0.0712890625
0 0.7607421875 0.0537109375 0.142578125 0.107421875
0 0.4072265625 0.8349609375 0.134765625 0.0859375
0 0.9619140625 0.54443359375 0.072265625 0.1708984375
0 0.5263671875 0.36279296875 0.083984375 0.0927734375
0 0.58740234375 0.67822265625 0.0751953125 0.0751953125
0 0.33544921875 0.02490234375 0.1748046875 0.0498046875
0 0.373046875 0.720703125 0.064453125 0.083984375
