0 0.79541015625 0.4384765625 0.0595703125 0.138671875
0 0.2705078125 0.84375 0.095703125 0.068359375
0 0.43798828125 0.88623046875 0.1025390625 0.0732421875
0 0.17236328125 0.29052734375 0.0615234375 0.0810546875
0 0.609375 0.18798828125 0.19140625 0.0615234375
0 0.123046875 0.1279296875 0.1171875 0.0703125
0 0.06689453125 0.34814453125 0.0966796875 0.0556640625
0 0.29443359375 0.90625 0.0732421875 0.064453125
0 0.80029296875 0.61962890625 0.1005859375 0.0634765625
0 0.48876953125 0.96826171875 0.0380859375 0.0400390625
0 0.40576171875 0.138671875 0.1064453125 0.05078125
0 0.4013671875 0.20751953125 0.07421875 0.0693359375
0 0.6123046875 0.95751953125 0.072265625 0.0537109375
0 0.2255859375 0.68017578125 0.05859375 0.0693359375
0 0.3291015625 0.3125 0.080078125 0.072265625
0 0.59814453125 0.2724609375 0.0908203125 0.078125
0 0.91552734375 0.27685546875 0.1689453125 0.1337890625
0 0.86083984375 0.43505859375 0.0537109375 0.0908203125
0 0.55517578125 0.74365234375 0.1259765625 0.0654296875
0 0.4619140625 0.0439453125 0.064453125 0.076171875
0 0.94775390625 0.14794921875 0.0576171875 0.0908203125
0 0.171875 0.02685546875 0.083984375 0.0537109375
0 0.23046875 0.76318359375 0.08984375 0.0791015625
0 0.32568359375 0.45263671875 0.0498046875 0.0498046875
0 0.81689453125 0.8056640625 0.0361328125 0.060546875
0 0.20703125 0.203125 0.115234375 0.0625
0 0.6650390625 0.28857421875 0.068359375 0.0654296875
0 0.94384765625 0.607421875 0.0439453125 0.078125
0 0.6298828125 0.37158203125 0.10546875 0.0654296875
0 0.84912109375 0.75634765625 0.0751953125 0.0576171875
0 0.21630859375 0.2490234375 0.0791015625 0.06640625
0 0.5576171875 0.7099609375 0.1171875 0.068359375
0 0.82958984375 0.64013671875 0.0791015625 0.0595703125
0 0.7890625 0.95947265625 0.078125 0.0810546875
0 0.51025390625 0.1337890625 0.0732421875 0.0703125
0 0.68017578125 0.6611328125 0.0322265625 0.041015625
0 0.658203125 0.5537109375 0.080078125 0.0703125
0 0.830078125 0.2607421875 0.0703125 0.056640625
0 0.845703125 0.1015625 0.123046875 0.107421875
0 0.89208984375 0.6669921875 0.0537109375 0.056640625
0 0.17529296875 0.9052734375 0.0654296875 0.0546875
0 0.5986328125 0.6689453125 0.0390625 0.0546875
0 0.90869140625 0.81298828125 0.0498046875 0.0478515625
0 0.14013671875 0.41455078125 0.0615234375 0.0439453125
0 0.4892578125 0.85498046875 0.033203125 0.0498046875
0 0.26904296875 0.6220703125 0.1025390625 0.060546875
0 0.400390625 0.6142578125 0.05078125 0.08203125
0 0.17822265625 0.376953125 0.1162109375 0.060546875
0 0.34228515625 0.734375 0.0556640625 0.05078125
0 0.03125 0.12158203125 0.046875 0.0478515625
0 0.43701171875 0.748046875 0.0615234375 0.083984375
