0 0.982421875 0.9638671875 0.03125 0.048828125
0 0.12109375 0.0302734375 0.08203125 0.060546875
0 0.025390625 0.09765625 0.05078125 0.07421875
0 0.0390625 0.296875 0.078125 0.10546875
0 0.1640625 0.21484375 0.11328125 0.0703125
0 0.353515625 0.0166015625 0.1640625 0.033203125
0 0.515625 0.1181640625 0.1640625 0.126953125
0 0.5048828125 0.2412109375 0.126953125 0.076171875
0 0.5439453125 0.2861328125 0.130859375 0.103515625
0 0.9111328125 0.07421875 0.076171875 0.08203125
0 0.7890625 0.1767578125 0.10546875 0.076171875
0 0.8125 0.2275390625 0.19140625 0.068359375
0 0.8447265625 0.2724609375 0.099609375 0.044921875
0 0.7734375 0.2900390625 0.1171875 0.072265625
0 0.8701171875 0.3349609375 0.087890625 0.111328125
0 0.7255859375 0.390625 0.080078125 0.07421875
0 0.333984375 0.4072265625 0.08203125 0.099609375
0 0.1884765625 0.5126953125 0.087890625 0.072265625
0 0.2353515625 0.4267578125 0.033203125 0.025390625
0 0.107421875 0.4169921875 0.0703125 0.111328125
0 0.6005859375 0.58203125 0.060546875 0.0703125
0 0.6396484375 0.6591796875 0.130859375 0.056640625
0 0.4521484375 0.7666015625 0.072265625 0.091796875
0 0.9833984375 0.6181640625 0.033203125 0.064453125
0 0.9365234375 0.779296875 0.126953125 0.09765625
0 0.1455078125 0.9716796875 0.087890625 0.056640625
0 0.27734375 0.9140625 0.12109375 0.078125
0 0.259765625 0.947265625 0.09765625 0.10546875
0 0.1591796875 0.8271484375 0.166015625 0.087890625
0 0.216796875 0.767578125 0.15234375 0.05078125
0 0.01953125 0.771484375 0.0390625 0.06640625
0 0.5224609375 0.9375 0.119140625 0.125
0 0.609375 0.9228515625 0.11328125 0.095703125
0 0.5673828125 0.8818359375 0.064453125 0.048828125
0 0.6484375 0.9853515625 0.05859375 0.029296875
0 0.962890625 0.1796875 0.07421875 0.05078125
0 0.9609375 0.4931640625 0.0546875 0.048828125
0 0.16015625 0.8720703125 0.04296875 0.041015625
0 0.107421875 0.4169921875 0.0703125 0.111328125
0 0.984375 0.720703125 0.03125 0.05078125
