0 0.63427734375 0.05908203125 0.0478515625 0.1025390625
0 0.9287109375 0.18310546875 0.0390625 0.0517578125
0 0.8486328125 0.44091796875 0.056640625 0.0419921875
0 0.759765625 0.55810546875 0.0546875 0.0556640625
0 0.81982421875 0.0859375 0.0634765625 0.109375
0 0.72802734375 0.64501953125 0.0400390625 0.0322265625
0 0.85498046875 0.05859375 0.0361328125 0.046875
0 0.4765625 0.94482421875 0.041015625 0.0458984375
0 0.95654296875 0.0517578125 0.0615234375 0.09375
0 0.08642578125 0.11865234375 0.0380859375 0.0302734375
0 0.22265625 0.95556640625 0.06640625 0.0576171875
0 0.96337890625 0.55859375 0.0537109375 0.041015625
0 0.0654296875 0.6181640625 0.052734375 0.041015625
0 0.341796875 0.09033203125 0.03125 0.0341796875
0 0.3662109375 0.25 0.068359375 0.03515625
0 0.1953125 0.43994140625 0.05859375 0.0908203125
0 0.86279296875 0.5947265625 0.0302734375 0.0234375
0 0.27392578125 0.572265625 0.0849609375 0.064453125
0 0.9228515625 0.23193359375 0.052734375 0.0458984375
0 0.2666015625 0.43408203125 0.05859375 0.0908203125
0 0.12744140625 0.0908203125 0.1396484375 0.04296875
0 0.97998046875 0.66015625 0.0400390625 0.06640625
0 0.08056640625 0.57861328125 0.1162109375 0.0361328125
0 0.66845703125 0.6005859375 0.0791015625 0.0859375
0 0.85791015625 0.7275390625 0.0302734375 0.06640625
0 0.1337890625 0.06005859375 0.06640625 0.0595703125
0 0.21044921875 0.70458984375 0.1044921875 0.1103515625
0 0.70751953125 0.22265625 0.0888671875 0.052734375
0 0.3447265625 0.03271484375 0.033203125 0.0556640625
0 0.92578125 0.669921875 0.033203125 0.0390625
0 0.90478515625 0.1455078125 0.0380859375 0.0625
0 0.75048828125 0.4296875 0.0419921875 0.078125
0 0.830078125 0.482421875 0.05859375 0.060546875
0 0.267578125 0.10986328125 0.0703125 0.0537109375
0 0.7841796875 0.6806640625 0.037109375 0.041015625
0 0.81298828125 0.59814453125 0.0693359375 0.0419921875
0 0.65869140625 0.29296875 0.0283203125 0.02734375
0 0.90380859375 0.216796875 0.0498046875 0.02734375
0 0.04345703125 0.802734375 0.0419921875 0.06640625
0 0.79345703125 0.44091796875 0.0419921875 0.0478515625
0 0.509765625 0.12841796875 0.0546875 0.0556640625
0 0.65966796875 0.49169921875 0.0419921875 0.0537109375
0 0.14208984375 0.6064453125 0.0380859375 0.072265625
0 0.162109375 0.736328125 0.0546875 0.046875
0 0.048828125 0.5048828125 0.0703125 0.037109375
0 0.64404296875 0.52001953125 0.0556640625 0.0869140625
0 0.1826171875 0.13330078125 0.068359375 0.0419921875
0 0.02685546875 0.68212890625 0.0537109375 0.0498046875
0 0.86572265625 0.515625 0.0732421875 0.05078125
0 0.24609375 0.16650390625 0.05859375 0.0224609375
0 0.06689453125 0.73291015625 0.0517578125 0.0380859375
