0 0.8505859375 0.5498046875 0.05859375 0.1015625
0 0.95458984375 0.14404296875 0.0576171875 0.0771484375
0 0.35205078125 0.0625 0.0615234375 0.076171875
0 0.927734375 0.64306640625 0.083984375 0.0673828125
0 0.279296875 0.76318359375 0.099609375 0.0830078125
0 0.97802734375 0.849609375 0.0439453125 0.07421875
0 0.23828125 0.51220703125 0.080078125 0.0849609375
0 0.7119140625 0.0859375 0.07421875 0.0546875
0 0.46533203125 0.96337890625 0.0751953125 0.0654296875
0 0.1552734375 0.62109375 0.076171875 0.046875
0 0.8623046875 0.24365234375 0.0703125 0.0673828125
0 0.8544921875 0.0322265625 0.052734375 0.0625
0 0.23583984375 0.63330078125 0.0380859375 0.0341796875
0 0.4296875 0.54345703125 0.140625 0.1220703125
0 0.2548828125 0.181640625 0.056640625 0.083984375
0 0.1982421875 0.06298828125 0.048828125 0.0439453125
