0 0.45458984375 0.72802734375 0.0986328125 0.0361328125
0 0.41015625 0.466796875 0.1171875 0.087890625
0 0.62158203125 0.55029296875 0.1103515625 0.0322265625
0 0.251953125 0.85595703125 0.08203125 0.0634765625
0 0.5986328125 0.0869140625 0.12890625 0.05078125
0 0.8818359375 0.263671875 0.09375 0.052734375
0 0.408203125 0.1455078125 0.1171875 0.087890625
0 0.48583984375 0.65087890625 0.0927734375 0.0673828125
0 0.7275390625 0.70849609375 0.14453125 0.0419921875
0 0.83203125 0.14306640625 0.150390625 0.0517578125
0 0.68017578125 0.638671875 0.1201171875 0.04296875
0 0.73388671875 0.34619140625 0.1044921875 0.1083984375
0 0.724609375 0.029296875 0.115234375 0.0546875
0 0.5869140625 0.69677734375 0.10546875 0.0302734375
0 0.7919921875 0.0908203125 0.154296875 0.056640625
0 0.583984375 0.31396484375 0.083984375 0.0439453125
0 0.5771484375 0.49169921875 0.130859375 0.0498046875
0 0.44580078125 0.84619140625 0.1279296875 0.0419921875
0 0.58447265625 0.162109375 0.1142578125 0.08984375
0 0.1416015625 0.6162109375 0.05078125 0.04296875
0 0.7001953125 0.47314453125 0.1171875 0.0517578125
0 0.4599609375 0.08544921875 0.125 0.0673828125
0 0.310546875 0.466796875 0.06640625 0.07421875
0 0.5263671875 0.38134765625 0.099609375 0.0634765625
0 0.685546875 0.20458984375 0.072265625 0.0498046875
0 0.47412109375 0.2626953125 0.0751953125 0.048828125
0 0.67578125 0.34521484375 0.115234375 0.0517578125
0 0.35302734375 0.62451171875 0.1220703125 0.0751953125
0 0.783203125 0.3583984375 0.134765625 0.060546875
0 0.70556640625 0.1455078125 0.1669921875 0.0625
