0 0.705078125 0.421875 0.08984375 0.060546875
0 0.97509765625 0.0927734375 0.0341796875 0.0234375
0 0.6435546875 0.8642578125 0.07421875 0.037109375
0 0.19580078125 0.88037109375 0.0478515625 0.0283203125
0 0.599609375 0.1123046875 0.05859375 0.021484375
0 0.0185546875 0.33349609375 0.037109375 0.0244140625
0 0.5302734375 0.599609375 0.04296875 0.041015625
0 0.33251953125 0.80224609375 0.0556640625 0.0263671875
0 0.9052734375 0.66162109375 0.02734375 0.0966796875
0 0.900390625 0.57568359375 0.03125 0.0361328125
0 0.263671875 0.81787109375 0.048828125 0.0419921875
0 0.49658203125 0.49560546875 0.0947265625 0.0595703125
0 0.9482421875 0.1845703125 0.04296875 0.03125
0 0.09375 0.91748046875 0.080078125 0.0419921875
0 0.771484375 0.96142578125 0.03125 0.0751953125
0 0.40673828125 0.9111328125 0.0439453125 0.037109375
0 0.40625 0.8076171875 0.0390625 0.04296875
0 0.4892578125 0.1083984375 0.064453125 0.0546875
0 0.2392578125 0.97021484375 0.09375 0.0537109375
0 0.74853515625 0.01708984375 0.0498046875 0.0341796875
0 0.046875 0.53515625 0.08984375 0.037109375
0 0.6171875 0.06201171875 0.037109375 0.0224609375
0 0.31103515625 0.01513671875 0.0400390625 0.0302734375
0 0.1767578125 0.30322265625 0.08203125 0.0458984375
0 0.416015625 0.49072265625 0.107421875 0.0400390625
0 0.6865234375 0.54736328125 0.03125 0.0400390625
0 0.08837890625 0.8408203125 0.0576171875 0.033203125
0 0.45849609375 0.46923828125 0.0576171875 0.0439453125
0 0.916015625 0.01220703125 0.068359375 0.0244140625
0 0.27490234375 0.0654296875 0.0751953125 0.037109375
0 0.50390625 0.9833984375 0.0546875 0.03125
0 0.50537109375 0.01611328125 0.0263671875 0.0322265625
0 0.8662109375 0.34716796875 0.025390625 0.0322265625
0 0.4169921875 0.208984375 0.033203125 0.025390625
0 0.37939453125 0.34912109375 0.0732421875 0.0380859375
0 0.60009765625 0.38134765625 0.0263671875 0.0283203125
0 0.2998046875 0.39501953125 0.041015625 0.0244140625
0 0.138671875 0.48046875 0.08984375 0.09375
0 0.796875 0.126953125 0.037109375 0.0625
0 0.60595703125 0.12841796875 0.0693359375 0.0205078125
0 0.1025390625 0.2626953125 0.1015625 0.033203125
0 0.36572265625 0.396484375 0.0732421875 0.03125
0 0.31494140625 0.54248046875 0.0927734375 0.0341796875
