0 0.89892578125 0.31884765625 0.0673828125 0.0556640625
0 0.1826171875 0.92578125 0.12109375 0.103515625
0 0.52783203125 0.78271484375 0.0556640625 0.0498046875
0 0.10107421875 0.13720703125 0.0791015625 0.0712890625
0 0.30419921875 0.19384765625 0.0849609375 0.0732421875
0 0.40869140625 0.7099609375 0.0712890625 0.080078125
0 0.47216796875 0.1572265625 0.0498046875 0.0625
0 0.30517578125 0.31201171875 0.0810546875 0.0556640625
0 0.54150390625 0.349609375 0.0712890625 0.060546875
0 0.5009765625 0.2470703125 0.0546875 0.05078125
0 0.37646484375 0.87939453125 0.0224609375 0.0634765625
0 0.2919921875 0.67529296875 0.064453125 0.0576171875
0 0.39208984375 0.97900390625 0.0537109375 0.0419921875
0 0.50390625 0.72265625 0.046875 0.052734375
0 0.52783203125 0.53271484375 0.0830078125 0.1201171875
0 0.048828125 0.0693359375 0.0625 0.0703125
0 0.04736328125 0.7626953125 0.0927734375 0.048828125
0 0.95751953125 0.4140625 0.0595703125 0.056640625
0 0.9140625 0.7001953125 0.052734375 0.072265625
0 0.93017578125 0.24462890625 0.0654296875 0.0732421875
0 0.93017578125 0.37841796875 0.0458984375 0.0361328125
0 0.03271484375 0.185546875 0.0654296875 0.078125
0 0.1337890625 0.98388671875 0.0703125 0.0322265625
0 0.40673828125 0.17138671875 0.0634765625 0.0830078125
0 0.97216796875 0.27734375 0.0556640625 0.05078125
0 0.833984375 0.0322265625 0.046875 0.048828125
0 0.19140625 0.2373046875 0.08203125 0.0546875
0 0.87353515625 0.91943359375 0.0849609375 0.0576171875
0 0.45556640625 0.64013671875 0.1044921875 0.0712890625
0 0.27587890625 0.93359375 0.0771484375 0.103515625
0 0.53173828125 0.10986328125 0.0498046875 0.0908203125
0 0.3828125 0.22119140625 0.068359375 0.0498046875
0 0.02734375 0.71630859375 0.052734375 0.0498046875
0 0.34228515625 0.52392578125 0.0712890625 0.0556640625
0 0.77978515625 0.03564453125 0.0595703125 0.0712890625
0 0.6357421875 0.25732421875 0.0625 0.0556640625
0 0.8330078125 0.2197265625 0.09375 0.05859375
0 0.595703125 0.71337890625 0.0625 0.0908203125
0 0.32421875 0.6005859375 0.06640625 0.05078125
0 0.5625 0.16552734375 0.046875 0.0751953125
0 0.6435546875 0.5390625 0.0390625 0.0546875
0 0.9169921875 0.85693359375 0.060546875 0.0634765625
0 0.32177734375 0.26611328125 0.0615234375 0.0537109375
0 0.98486328125 0.794921875 0.0283203125 0.041015625
0 0.849609375 0.07763671875 0.068359375 0.0419921875
0 0.669921875 0.72607421875 0.126953125 0.0791015625
0 0.08349609375 0.59130859375 0.0771484375 0.0595703125
0 0.03564453125 0.13232421875 0.0517578125 0.0966796875
0 0.3759765625 0.615234375 0.064453125 0.10546875
0 0.458984375 0.19873046875 0.052734375 0.0771484375
0 0.28271484375 0.14306640625 0.0517578125 0.0576171875
0 0.08984375 0.04296875 0.146484375 0.083984375
0 0.42529296875 0.55712890625 0.0634765625 0.0478515625
0 0.37939453125 0.07861328125 0.0458984375 0.0654296875
0 0.64794921875 0.17529296875 0.0869140625 0.0771484375
0 0.365234375 0.11474609375 0.0546875 0.0517578125
0 0.06396484375 0.64697265625 0.0693359375 0.0537109375
