0 0.0361328125 0.5537109375 0.072265625 0.130859375
0 0.046875 0.48828125 0.09375 0.1640625
0 0.505859375 0.373046875 0.08203125 0.1328125
0 0.0830078125 0.392578125 0.123046875 0.0859375
0 0.5703125 0.451171875 0.08984375 0.10546875
0 0.654296875 0.4384765625 0.1171875 0.080078125
0 0.884765625 0.400390625 0.21484375 0.09765625
0 0.8876953125 0.4638671875 0.103515625 0.064453125
0 0.8173828125 0.599609375 0.099609375 0.08984375
0 0.8876953125 0.70703125 0.083984375 0.0859375
0 0.90625 0.5224609375 0.1875 0.146484375
0 0.046875 0.478515625 0.09375 0.14453125
0 0.0888671875 0.546875 0.099609375 0.08203125
0 0.6337890625 0.0185546875 0.048828125 0.037109375
0 0.0966796875 0.38671875 0.068359375 0.13671875
