0 0.16455078125 0.943359375 0.0791015625 0.078125
0 0.8310546875 0.0771484375 0.09765625 0.10546875
0 0.03369140625 0.4384765625 0.0673828125 0.1875
0 0.77978515625 0.44970703125 0.1298828125 0.1298828125
0 0.21435546875 0.27294921875 0.0458984375 0.0888671875
0 0.7421875 0.78759765625 0.06640625 0.0517578125
0 0.69873046875 0.3291015625 0.0576171875 0.0546875
0 0.0810546875 0.05859375 0.0625 0.1171875
0 0.85986328125 0.029296875 0.1298828125 0.05859375
0 0.67041015625 0.04248046875 0.0693359375 0.0849609375
0 0.84619140625 0.2099609375 0.0849609375 0.1015625
0 0.291015625 0.6240234375 0.087890625 0.08984375
0 0.83056640625 0.64697265625 0.0927734375 0.0947265625
0 0.79345703125 0.3046875 0.1025390625 0.08203125
0 0.06884765625 0.19873046875 0.0478515625 0.0673828125
0 0.69091796875 0.76806640625 0.1279296875 0.0927734375
0 0.90087890625 0.74072265625 0.0830078125 0.0771484375
0 0.6748046875 0.4443359375 0.052734375 0.087890625
0 0.5888671875 0.0615234375 0.044921875 0.103515625
0 0.6298828125 0.466796875 0.08984375 0.072265625
0 0.107421875 0.765625 0.0703125 0.083984375
0 0.2119140625 0.50341796875 0.109375 0.1220703125
0 0.634765625 0.58984375 0.05078125 0.0625
0 0.697265625 0.1083984375 0.10546875 0.107421875
0 0.17431640625 0.3623046875 0.0693359375 0.09765625
0 0.216796875 0.03662109375 0.10546875 0.0732421875
0 0.56689453125 0.58447265625 0.0693359375 0.0771484375
0 0.09716796875 0.9736328125 0.0654296875 0.052734375
0 0.78662109375 0.57666015625 0.0849609375 0.0947265625
0 0.2841796875 0.42822265625 0.05859375 0.0712890625
0 0.54443359375 0.37158203125 0.0498046875 0.0810546875
0 0.62744140625 0.3115234375 0.0419921875 0.091796875
0 0.5498046875 0.443359375 0.041015625 0.05859375
