0 0.8466796875 0.39501953125 0.1171875 0.1044921875
0 0.1015625 0.3974609375 0.1015625 0.10546875
0 0.95751953125 0.49169921875 0.0849609375 0.0771484375
0 0.01953125 0.16552734375 0.0390625 0.0771484375
0 0.97705078125 0.2060546875 0.0439453125 0.05078125
0 0.337890625 0.92919921875 0.09765625 0.1220703125
0 0.62109375 0.27001953125 0.05078125 0.0498046875
0 0.35693359375 0.69140625 0.1181640625 0.0625
0 0.85400390625 0.73291015625 0.0576171875 0.0478515625
0 0.61669921875 0.0947265625 0.0947265625 0.07421875
0 0.90869140625 0.76025390625 0.1142578125 0.0869140625
0 0.3974609375 0.18310546875 0.072265625 0.0654296875
0 0.45166015625 0.76953125 0.0634765625 0.0625
0 0.68603515625 0.7109375 0.1064453125 0.091796875
0 0.5263671875 0.33984375 0.07421875 0.048828125
0 0.2265625 0.74267578125 0.0703125 0.0556640625
0 0.708984375 0.20654296875 0.060546875 0.0439453125
0 0.97802734375 0.9306640625 0.0439453125 0.11328125
0 0.72021484375 0.3232421875 0.0869140625 0.046875
0 0.93359375 0.09619140625 0.05859375 0.0654296875
0 0.5732421875 0.2001953125 0.0703125 0.072265625
0 0.61279296875 0.646484375 0.0732421875 0.091796875
0 0.0146484375 0.8583984375 0.029296875 0.0703125
0 0.16064453125 0.89111328125 0.0830078125 0.0830078125
0 0.19873046875 0.65625 0.0673828125 0.05859375
0 0.853515625 0.8994140625 0.0859375 0.16796875
0 0.18310546875 0.5595703125 0.1064453125 0.080078125
0 0.60791015625 0.47216796875 0.0498046875 0.0849609375
0 0.66259765625 0.220703125 0.0927734375 0.09765625
0 0.2890625 0.03759765625 0.103515625 0.0751953125
0 0.77734375 0.7265625 0.0546875 0.05078125
0 0.44482421875 0.0927734375 0.0888671875 0.095703125
0 0.98583984375 0.115234375 0.0283203125 0.056640625
0 0.42138671875 0.25830078125 0.0869140625 0.0771484375
0 0.55810546875 0.02587890625 0.0927734375 0.0517578125
0 0.89208984375 0.92431640625 0.0693359375 0.1142578125
0 0.5673828125 0.400390625 0.103515625 0.0625
