0 0.48828125 0.921875 0.06640625 0.068359375
0 0.64404296875 0.78662109375 0.0654296875 0.1181640625
0 0.6748046875 0.23046875 0.068359375 0.068359375
0 0.8857421875 0.1005859375 0.05859375 0.078125
0 0.06494140625 0.74267578125 0.0673828125 0.0615234375
0 0.83740234375 0.69482421875 0.0927734375 0.0576171875
0 0.23388671875 0.65625 0.0888671875 0.046875
0 0.07861328125 0.396484375 0.0732421875 0.052734375
0 0.576171875 0.9599609375 0.052734375 0.080078125
0 0.83740234375 0.14990234375 0.1298828125 0.1005859375
0 0.4404296875 0.65185546875 0.171875 0.1318359375
0 0.978515625 0.35693359375 0.04296875 0.0771484375
0 0.5810546875 0.171875 0.11328125 0.080078125
0 0.2392578125 0.890625 0.080078125 0.091796875
0 0.4599609375 0.56005859375 0.06640625 0.0791015625
0 0.01708984375 0.146484375 0.0341796875 0.130859375
0 0.32275390625 0.03955078125 0.0791015625 0.0791015625
0 0.69384765625 0.9677734375 0.0673828125 0.056640625
0 0.14501953125 0.68994140625 0.1435546875 0.1103515625
0 0.36865234375 0.54150390625 0.1064453125 0.1396484375
0 0.63037109375 0.9697265625 0.0498046875 0.060546875
0 0.0732421875 0.8505859375 0.05078125 0.060546875
0 0.7109375 0.40087890625 0.10546875 0.1064453125
0 0.49853515625 0.06591796875 0.1455078125 0.0576171875
0 0.04248046875 0.93359375 0.0849609375 0.0859375
0 0.9716796875 0.896484375 0.056640625 0.064453125
0 0.775390625 0.8701171875 0.076171875 0.072265625
0 0.97412109375 0.0234375 0.0517578125 0.046875
0 0.38623046875 0.06884765625 0.1044921875 0.1064453125
0 0.42041015625 0.4091796875 0.1025390625 0.068359375
0 0.87158203125 0.5224609375 0.0595703125 0.044921875
0 0.35693359375 0.73046875 0.0673828125 0.083984375
0 0.474609375 0.896484375 0.20703125 0.15234375
0 0.81005859375 0.94140625 0.0439453125 0.044921875
0 0.7421875 0.6845703125 0.103515625 0.07421875
