0 0.205078125 0.09716796875 0.24609375 0.0595703125
0 0.0224609375 0.0390625 0.044921875 0.052734375
0 0.12890625 0.0224609375 0.216796875 0.044921875
0 0.4794921875 0.0322265625 0.076171875 0.056640625
0 0.3955078125 0.068359375 0.140625 0.13671875
0 0.7373046875 0.0439453125 0.048828125 0.052734375
0 0.923828125 0.0615234375 0.150390625 0.064453125
0 0.96923828125 0.0283203125 0.0322265625 0.03125
0 0.85400390625 0.0107421875 0.1220703125 0.021484375
0 0.95703125 0.142578125 0.0859375 0.064453125
0 0.97509765625 0.1728515625 0.0478515625 0.037109375
0 0.9921875 0.271484375 0.013671875 0.056640625
0 0.9677734375 0.30810546875 0.044921875 0.1533203125
0 0.814453125 0.3037109375 0.14453125 0.06640625
0 0.80322265625 0.12646484375 0.2158203125 0.0947265625
0 0.56494140625 0.12939453125 0.1767578125 0.1064453125
0 0.50048828125 0.2080078125 0.1025390625 0.068359375
0 0.27392578125 0.2978515625 0.0595703125 0.060546875
0 0.3359375 0.2783203125 0.083984375 0.064453125
0 0.40478515625 0.31640625 0.2314453125 0.1015625
0 0.580078125 0.28271484375 0.220703125 0.1884765625
0 0.0732421875 0.193359375 0.146484375 0.1015625
0 0.23046875 0.23046875 0.15625 0.169921875
0 0.3955078125 0.1767578125 0.166015625 0.099609375
0 0.25 0.146484375 0.044921875 0.041015625
0 0.50634765625 0.462890625 0.1767578125 0.1484375
0 0.2109375 0.43798828125 0.05859375 0.0439453125
0 0.08203125 0.49853515625 0.1640625 0.0517578125
0 0.14501953125 0.58203125 0.0634765625 0.109375
0 0.044921875 0.6279296875 0.0546875 0.111328125
0 0.0224609375 0.72509765625 0.044921875 0.0634765625
0 0.033203125 0.8203125 0.06640625 0.07421875
0 0.19140625 0.70361328125 0.138671875 0.0986328125
0 0.1298828125 0.763671875 0.173828125 0.15234375
0 0.3271484375 0.7978515625 0.10546875 0.099609375
0 0.26953125 0.73388671875 0.0859375 0.1689453125
0 0.2802734375 0.89990234375 0.11328125 0.1103515625
0 0.37744140625 0.92529296875 0.1142578125 0.0751953125
0 0.20556640625 0.892578125 0.1337890625 0.16015625
0 0.865234375 0.87548828125 0.033203125 0.0634765625
0 0.97900390625 0.7353515625 0.0400390625 0.060546875
0 0.9580078125 0.984375 0.064453125 0.029296875
0 0.7802734375 0.97119140625 0.05859375 0.0556640625
0 0.82177734375 0.478515625 0.0947265625 0.06640625
0 0.9609375 0.5283203125 0.078125 0.048828125
0 0.8583984375 0.57177734375 0.04296875 0.0712890625
0 0.798828125 0.5859375 0.072265625 0.0390625
0 0.55419921875 0.96875 0.0751953125 0.0625
0 0.6689453125 0.7998046875 0.126953125 0.07421875
0 0.701171875 0.76220703125 0.09765625 0.0478515625
0 0.45703125 0.73876953125 0.046875 0.1142578125
0 0.388671875 0.72265625 0.041015625 0.0625
0 0.6455078125 0.7314453125 0.1015625 0.087890625
0 0.56884765625 0.7734375 0.0712890625 0.068359375
0 0.4765625 0.79296875 0.19921875 0.0625
0 0.51416015625 0.6884765625 0.1337890625 0.126953125
0 0.57861328125 0.5009765625 0.1064453125 0.0546875
0 0.3251953125 0.6044921875 0.130859375 0.166015625
0 0.27197265625 0.62353515625 0.0478515625 0.0908203125
0 0.39208984375 0.54931640625 0.0947265625 0.1455078125
0 0.6083984375 0.5634765625 0.15234375 0.189453125
0 0.05322265625 0.76953125 0.1064453125 0.0703125
0 0.384765625 0.443359375 0.181640625 0.048828125
0 0.59228515625 0.4365234375 0.1845703125 0.06640625
0 0.0751953125 0.52734375 0.138671875 0.15234375
0 0.5146484375 0.8583984375 0.173828125 0.095703125
0 0.5791015625 0.294921875 0.095703125 0.197265625
0 0.013671875 0.6162109375 0.02734375 0.197265625
