0 0.04345703125 0.17626953125 0.0869140625 0.0380859375
0 0.96875 0.2216796875 0.0625 0.056640625
0 0.52197265625 0.7431640625 0.0869140625 0.056640625
0 0.146484375 0.9541015625 0.12890625 0.087890625
0 0.03271484375 0.095703125 0.0654296875 0.0390625
0 0.88671875 0.9755859375 0.076171875 0.046875
0 0.02001953125 0.22216796875 0.0400390625 0.0517578125
0 0.96435546875 0.39111328125 0.0712890625 0.0771484375
0 0.88427734375 0.68310546875 0.0712890625 0.0205078125
0 0.14404296875 0.16357421875 0.0888671875 0.0400390625
0 0.69189453125 0.3046875 0.0830078125 0.03125
0 0.94482421875 0.8486328125 0.0556640625 0.08203125
0 0.4951171875 0.673828125 0.107421875 0.052734375
0 0.87841796875 0.826171875 0.1416015625 0.060546875
0 0.333984375 0.63134765625 0.087890625 0.0576171875
0 0.76025390625 0.6923828125 0.0458984375 0.03515625
0 0.9404296875 0.17431640625 0.103515625 0.0439453125
0 0.58544921875 0.8544921875 0.0556640625 0.029296875
0 0.173828125 0.85009765625 0.169921875 0.0517578125
0 0.216796875 0.34033203125 0.0859375 0.0302734375
0 0.7431640625 0.73046875 0.08203125 0.037109375
0 0.603515625 0.14794921875 0.0625 0.0380859375
0 0.04052734375 0.69873046875 0.0595703125 0.0341796875
0 0.07666015625 0.361328125 0.1435546875 0.04296875
0 0.68310546875 0.98291015625 0.0634765625 0.0322265625
0 0.03076171875 0.6005859375 0.0615234375 0.044921875
0 0.1298828125 0.75341796875 0.1171875 0.0439453125
0 0.90869140625 0.71142578125 0.1201171875 0.0458984375
0 0.28466796875 0.072265625 0.1142578125 0.0625
0 0.25048828125 0.89892578125 0.1572265625 0.0654296875
0 0.44580078125 0.25634765625 0.0966796875 0.0693359375
0 0.84912109375 0.212890625 0.0634765625 0.03125
0 0.62451171875 0.7119140625 0.1103515625 0.048828125
0 0.33154296875 0.75146484375 0.1083984375 0.0556640625
0 0.353515625 0.10498046875 0.119140625 0.0439453125
0 0.20751953125 0.666015625 0.1474609375 0.072265625
0 0.2763671875 0.4169921875 0.09765625 0.037109375
0 0.9130859375 0.2451171875 0.05078125 0.02734375
0 0.8740234375 0.69677734375 0.134765625 0.0654296875
0 0.6845703125 0.0380859375 0.109375 0.048828125
0 0.4931640625 0.3876953125 0.072265625 0.0625
0 0.2890625 0.0234375 0.07421875 0.041015625
0 0.54931640625 0.38525390625 0.0810546875 0.0380859375
0 0.4169921875 0.38232421875 0.10546875 0.0634765625
0 0.02001953125 0.11376953125 0.0400390625 0.0185546875
0 0.595703125 0.3134765625 0.095703125 0.07421875
0 0.60107421875 0.96533203125 0.1025390625 0.0693359375
0 0.29345703125 0.24951171875 0.1142578125 0.0400390625
0 0.587890625 0.0888671875 0.19921875 0.0390625
0 0.955078125 0.1181640625 0.08984375 0.046875
0 0.24267578125 0.078125 0.0869140625 0.029296875
0 0.02294921875 0.75439453125 0.0458984375 0.0419921875
0 0.9423828125 0.294921875 0.107421875 0.033203125
0 0.39306640625 0.1494140625 0.1181640625 0.044921875
0 0.20263671875 0.22509765625 0.1083984375 0.0400390625
0 0.212890625 0.17578125 0.16015625 0.052734375
0 0.90380859375 0.7861328125 0.1279296875 0.060546875
0 0.21044921875 0.818359375 0.1162109375 0.046875
0 0.5 0.55322265625 0.099609375 0.0556640625
0 0.09765625 0.83642578125 0.099609375 0.0478515625
0 0.404296875 0.32763671875 0.12109375 0.0849609375
0 0.10302734375 0.93115234375 0.1181640625 0.1123046875
0 0.619140625 0.78955078125 0.10546875 0.0498046875
0 0.71484375 0.28173828125 0.125 0.0693359375
0 0.92626953125 0.2646484375 0.1025390625 0.05078125
0 0.98681640625 0.20654296875 0.0263671875 0.0595703125
0 0.91357421875 0.748046875 0.0908203125 0.029296875
0 0.03271484375 0.4892578125 0.0634765625 0.048828125
