0 0.19384765625 0.28515625 0.1376953125 0.1015625
0 0.07080078125 0.5283203125 0.0693359375 0.080078125
0 0.56103515625 0.4208984375 0.0810546875 0.083984375
0 0.56005859375 0.30615234375 0.1162109375 0.0869140625
0 0.2333984375 0.6064453125 0.109375 0.1171875
0 0.90234375 0.59375 0.08984375 0.080078125
0 0.107421875 0.427734375 0.111328125 0.125
0 0.9677734375 0.9765625 0.064453125 0.046875
0 0.4091796875 0.95849609375 0.10546875 0.0810546875
0 0.966796875 0.8359375 0.06640625 0.103515625
0 0.03515625 0.7080078125 0.068359375 0.091796875
0 0.83984375 0.45068359375 0.103515625 0.0791015625
0 0.9033203125 0.15673828125 0.1484375 0.0947265625
0 0.67919921875 0.81396484375 0.0791015625 0.0830078125
0 0.513671875 0.59375 0.0859375 0.095703125
0 0.26220703125 0.47998046875 0.1435546875 0.0927734375
0 0.5751953125 0.1728515625 0.09375 0.119140625
0 0.74951171875 0.21875 0.1142578125 0.115234375
0 0.22705078125 0.80859375 0.0869140625 0.109375
0 0.84765625 0.794921875 0.095703125 0.10546875
0 0.265625 0.12060546875 0.08203125 0.0576171875
0 0.71533203125 0.05419921875 0.0595703125 0.0673828125
0 0.59765625 0.69140625 0.068359375 0.06640625
0 0.779296875 0.56103515625 0.068359375 0.0966796875
0 0.47119140625 0.48388671875 0.0576171875 0.0693359375
0 0.216796875 0.037109375 0.115234375 0.056640625
0 0.044921875 0.95361328125 0.08984375 0.0927734375
0 0.40234375 0.20654296875 0.091796875 0.0771484375
0 0.43408203125 0.06005859375 0.1318359375 0.0908203125
0 0.96923828125 0.26318359375 0.0615234375 0.1240234375
0 0.2763671875 0.74267578125 0.0703125 0.0830078125
0 0.01904296875 0.37255859375 0.0380859375 0.0849609375
0 0.37353515625 0.4013671875 0.0908203125 0.142578125
0 0.45654296875 0.76904296875 0.0830078125 0.1044921875
