0 0.1171875 0.23974609375 0.03515625 0.0478515625
0 0.58642578125 0.388671875 0.0732421875 0.04296875
0 0.01904296875 0.80078125 0.0380859375 0.064453125
0 0.76806640625 0.3623046875 0.0341796875 0.029296875
0 0.8798828125 0.1865234375 0.05859375 0.0390625
0 0.93115234375 0.962890625 0.1005859375 0.072265625
0 0.833984375 0.640625 0.06640625 0.05078125
0 0.68994140625 0.8427734375 0.0537109375 0.064453125
0 0.0205078125 0.12841796875 0.041015625 0.0361328125
0 0.4287109375 0.0380859375 0.0546875 0.04296875
0 0.36572265625 0.05712890625 0.0927734375 0.0517578125
0 0.712890625 0.38037109375 0.072265625 0.0478515625
