0 0.8662109375 0.5908203125 0.146484375 0.138671875
0 0.9443359375 0.5 0.099609375 0.078125
0 0.9609375 0.2978515625 0.06640625 0.052734375
0 0.8671875 0.232421875 0.1171875 0.1640625
0 0.8330078125 0.0732421875 0.169921875 0.107421875
0 0.779296875 0.14453125 0.07421875 0.078125
0 0.6748046875 0.2685546875 0.119140625 0.076171875
0 0.5478515625 0.3671875 0.103515625 0.08203125
0 0.4892578125 0.18359375 0.107421875 0.08984375
0 0.4228515625 0.0751953125 0.115234375 0.095703125
0 0.41015625 0.16796875 0.24609375 0.1640625
0 0.251953125 0.17578125 0.140625 0.06640625
0 0.2548828125 0.2939453125 0.150390625 0.064453125
0 0.08203125 0.208984375 0.1484375 0.0859375
0 0.1318359375 0.115234375 0.181640625 0.1796875
0 0.095703125 0.1396484375 0.046875 0.052734375
0 0.0771484375 0.0205078125 0.119140625 0.041015625
0 0.18359375 0.03515625 0.07421875 0.0703125
0 0.0263671875 0.2392578125 0.052734375 0.060546875
0 0.423828125 0.5673828125 0.171875 0.056640625
0 0.2177734375 0.7001953125 0.087890625 0.083984375
0 0.1064453125 0.78125 0.083984375 0.07421875
0 0.02734375 0.7509765625 0.05078125 0.087890625
0 0.34375 0.7607421875 0.15625 0.072265625
0 0.4599609375 0.7490234375 0.072265625 0.083984375
0 0.3369140625 0.779296875 0.111328125 0.12890625
0 0.662109375 0.6982421875 0.05859375 0.044921875
0 0.783203125 0.7099609375 0.1015625 0.068359375
0 0.685546875 0.626953125 0.12109375 0.0703125
0 0.6611328125 0.6982421875 0.056640625 0.044921875
0 0.8623046875 0.82421875 0.076171875 0.12890625
0 0.8818359375 0.9189453125 0.072265625 0.091796875
0 0.9794921875 0.974609375 0.041015625 0.05078125
0 0.5341796875 0.966796875 0.119140625 0.06640625
0 0.576171875 0.8515625 0.0625 0.05859375
0 0.1650390625 0.93359375 0.142578125 0.09765625
0 0.2001953125 0.8095703125 0.087890625 0.060546875
0 0.142578125 0.8720703125 0.1328125 0.087890625
0 0.958984375 0.90234375 0.08203125 0.078125
0 0.7177734375 0.7060546875 0.064453125 0.076171875
0 0.1962890625 0.0546875 0.060546875 0.0546875
