0 0.857421875 0.96240234375 0.0625 0.0751953125
0 0.8955078125 0.93896484375 0.06640625 0.0615234375
0 0.9921875 0.8515625 0.015625 0.04296875
0 0.89453125 0.693359375 0.0546875 0.087890625
0 0.84033203125 0.6455078125 0.0400390625 0.02734375
0 0.90625 0.62109375 0.080078125 0.08984375
0 0.98779296875 0.56982421875 0.0244140625 0.0751953125
0 0.9306640625 0.48291015625 0.083984375 0.0771484375
0 0.84228515625 0.265625 0.0634765625 0.04296875
0 0.92822265625 0.03662109375 0.1220703125 0.0576171875
0 0.79541015625 0.78369140625 0.0361328125 0.0439453125
0 0.76611328125 0.86181640625 0.0869140625 0.1142578125
0 0.681640625 0.6171875 0.037109375 0.041015625
0 0.73388671875 0.6220703125 0.0673828125 0.0703125
0 0.7861328125 0.5009765625 0.04296875 0.044921875
0 0.80810546875 0.537109375 0.0751953125 0.05859375
0 0.728515625 0.49755859375 0.048828125 0.0517578125
0 0.69140625 0.31103515625 0.046875 0.1240234375
0 0.7607421875 0.05615234375 0.037109375 0.0439453125
0 0.791015625 0.087890625 0.076171875 0.052734375
0 0.68994140625 0.0400390625 0.0693359375 0.080078125
0 0.6337890625 0.7734375 0.0703125 0.048828125
0 0.45068359375 0.982421875 0.0498046875 0.033203125
0 0.41357421875 0.96435546875 0.0654296875 0.0693359375
0 0.3544921875 0.93212890625 0.033203125 0.0361328125
0 0.287109375 0.93310546875 0.0546875 0.0341796875
0 0.29736328125 0.87890625 0.0498046875 0.037109375
0 0.14306640625 0.92138671875 0.1005859375 0.0693359375
0 0.4609375 0.88525390625 0.076171875 0.0732421875
0 0.39013671875 0.74072265625 0.0419921875 0.0595703125
0 0.40087890625 0.8359375 0.0439453125 0.06640625
0 0.45458984375 0.82275390625 0.0791015625 0.0537109375
0 0.43017578125 0.77294921875 0.0751953125 0.0595703125
0 0.5244140625 0.7705078125 0.115234375 0.083984375
0 0.48486328125 0.693359375 0.0771484375 0.068359375
0 0.30908203125 0.71435546875 0.0263671875 0.0341796875
0 0.28857421875 0.65625 0.0263671875 0.0234375
0 0.28271484375 0.5400390625 0.0498046875 0.05078125
0 0.34033203125 0.48291015625 0.0732421875 0.0751953125
0 0.431640625 0.646484375 0.0859375 0.06640625
0 0.47607421875 0.42919921875 0.0439453125 0.0302734375
0 0.3466796875 0.4130859375 0.0546875 0.05078125
0 0.291015625 0.4130859375 0.048828125 0.05859375
0 0.19921875 0.3369140625 0.1015625 0.091796875
0 0.357421875 0.318359375 0.052734375 0.064453125
0 0.43896484375 0.14404296875 0.0498046875 0.0634765625
0 0.3623046875 0.1171875 0.0703125 0.056640625
0 0.181640625 0.0517578125 0.046875 0.064453125
0 0.27197265625 0.03564453125 0.0673828125 0.0712890625
0 0.32373046875 0.07861328125 0.0576171875 0.0615234375
0 0.7021484375 0.98828125 0.04296875 0.0234375
0 0.34130859375 0.8427734375 0.0263671875 0.02734375
0 0.28076171875 0.462890625 0.0595703125 0.068359375
0 0.748046875 0.00732421875 0.04296875 0.0146484375
0 0.86376953125 0.01123046875 0.0537109375 0.0224609375
0 0.744140625 0.78369140625 0.09375 0.0517578125
