0 0.73681640625 0.53271484375 0.0712890625 0.0498046875
0 0.70654296875 0.30517578125 0.0595703125 0.0517578125
0 0.06689453125 0.64501953125 0.0712890625 0.0419921875
0 0.01953125 0.23046875 0.0390625 0.07421875
0 0.0830078125 0.27001953125 0.04296875 0.0634765625
0 0.89599609375 0.537109375 0.0927734375 0.060546875
0 0.83349609375 0.76171875 0.1083984375 0.08203125
0 0.4775390625 0.41015625 0.103515625 0.1328125
0 0.20654296875 0.47216796875 0.0615234375 0.0654296875
0 0.583984375 0.74951171875 0.0859375 0.0595703125
0 0.71533203125 0.70703125 0.0458984375 0.04296875
0 0.41162109375 0.11181640625 0.1103515625 0.0927734375
0 0.865234375 0.103515625 0.08203125 0.09375
0 0.0986328125 0.0791015625 0.091796875 0.115234375
0 0.85888671875 0.03076171875 0.0869140625 0.0595703125
0 0.9365234375 0.3857421875 0.119140625 0.11328125
0 0.79833984375 0.71533203125 0.0556640625 0.0361328125
0 0.6259765625 0.3134765625 0.087890625 0.09765625
