0 0.44921875 0.22412109375 0.10546875 0.0732421875
0 0.09814453125 0.20947265625 0.0673828125 0.0654296875
0 0.27783203125 0.07861328125 0.0419921875 0.0498046875
0 0.8994140625 0.73193359375 0.109375 0.0654296875
0 0.90625 0.8984375 0.072265625 0.05859375
0 0.7333984375 0.013671875 0.1328125 0.02734375
0 0.9697265625 0.03125 0.060546875 0.0625
0 0.037109375 0.10693359375 0.0703125 0.0595703125
0 0.15869140625 0.6552734375 0.0966796875 0.083984375
0 0.0732421875 0.58642578125 0.0703125 0.0576171875
0 0.7431640625 0.8232421875 0.03515625 0.04296875
0 0.79443359375 0.18359375 0.0927734375 0.142578125
0 0.287109375 0.31103515625 0.09765625 0.0947265625
0 0.68603515625 0.55029296875 0.0791015625 0.0771484375
0 0.70947265625 0.1142578125 0.0849609375 0.099609375
0 0.9658203125 0.78076171875 0.068359375 0.0927734375
0 0.95166015625 0.87109375 0.0888671875 0.060546875
0 0.23046875 0.81689453125 0.05078125 0.0400390625
0 0.23486328125 0.0537109375 0.0400390625 0.060546875
0 0.208984375 0.35498046875 0.03125 0.0361328125
0 0.71923828125 0.45556640625 0.0751953125 0.0830078125
0 0.521484375 0.669921875 0.091796875 0.083984375
0 0.60302734375 0.765625 0.0615234375 0.095703125
0 0.83203125 0.236328125 0.1171875 0.076171875
0 0.66943359375 0.40283203125 0.0830078125 0.0810546875
0 0.6005859375 0.947265625 0.107421875 0.10546875
0 0.66357421875 0.634765625 0.0576171875 0.072265625
0 0.93212890625 0.50341796875 0.0751953125 0.0869140625
0 0.20947265625 0.1630859375 0.1142578125 0.09765625
0 0.818359375 0.40478515625 0.091796875 0.0849609375
