0 0.06591796875 0.4443359375 0.0869140625 0.064453125
0 0.93994140625 0.8408203125 0.0810546875 0.0390625
0 0.58251953125 0.34912109375 0.0439453125 0.0439453125
0 0.82568359375 0.45458984375 0.0517578125 0.0634765625
0 0.40673828125 0.40673828125 0.0830078125 0.0908203125
0 0.68896484375 0.96728515625 0.0751953125 0.0419921875
0 0.9404296875 0.982421875 0.044921875 0.033203125
0 0.095703125 0.95068359375 0.068359375 0.0810546875
0 0.81982421875 0.8134765625 0.0654296875 0.03515625
0 0.54443359375 0.16650390625 0.0986328125 0.0576171875
0 0.76123046875 0.47705078125 0.0439453125 0.0498046875
0 0.556640625 0.810546875 0.064453125 0.044921875
0 0.52392578125 0.12060546875 0.0478515625 0.0341796875
0 0.984375 0.5078125 0.03125 0.04296875
0 0.0234375 0.962890625 0.046875 0.04296875
0 0.92138671875 0.724609375 0.0498046875 0.044921875
0 0.63037109375 0.18017578125 0.0498046875 0.0400390625
0 0.88916015625 0.69775390625 0.0302734375 0.0595703125
0 0.67333984375 0.078125 0.0400390625 0.03515625
0 0.478515625 0.62060546875 0.04296875 0.0380859375
0 0.38720703125 0.77685546875 0.1396484375 0.1630859375
0 0.3515625 0.62744140625 0.07421875 0.0517578125
0 0.43017578125 0.978515625 0.0517578125 0.03125
0 0.5576171875 0.2734375 0.095703125 0.087890625
0 0.86328125 0.62744140625 0.044921875 0.0458984375
0 0.70556640625 0.27978515625 0.0478515625 0.0712890625
0 0.84716796875 0.78125 0.1318359375 0.06640625
0 0.4892578125 0.2744140625 0.044921875 0.041015625
0 0.6484375 0.72216796875 0.0703125 0.0654296875
0 0.9873046875 0.11962890625 0.025390625 0.0380859375
0 0.4990234375 0.47802734375 0.072265625 0.1298828125
0 0.12255859375 0.1826171875 0.0498046875 0.03515625
0 0.52978515625 0.2158203125 0.0654296875 0.025390625
0 0.88037109375 0.85595703125 0.0517578125 0.0458984375
0 0.2900390625 0.033203125 0.0546875 0.05078125
0 0.5234375 0.87255859375 0.052734375 0.0615234375
0 0.517578125 0.9794921875 0.06640625 0.041015625
0 0.98388671875 0.9404296875 0.0302734375 0.041015625
0 0.8154296875 0.32470703125 0.060546875 0.0556640625
0 0.513671875 0.58447265625 0.0390625 0.0595703125
0 0.20947265625 0.912109375 0.0439453125 0.068359375
0 0.06005859375 0.29150390625 0.0283203125 0.0751953125
0 0.19677734375 0.2041015625 0.0712890625 0.0703125
0 0.66943359375 0.03369140625 0.0322265625 0.0634765625
0 0.97265625 0.72216796875 0.052734375 0.0517578125
0 0.328125 0.37353515625 0.060546875 0.0419921875
0 0.95654296875 0.03271484375 0.0830078125 0.0654296875
0 0.33837890625 0.232421875 0.0498046875 0.048828125
0 0.17041015625 0.6689453125 0.0810546875 0.04296875
0 0.10986328125 0.3486328125 0.0419921875 0.05859375
0 0.11279296875 0.091796875 0.0537109375 0.048828125
0 0.5009765625 0.34375 0.04296875 0.041015625
0 0.05322265625 0.5087890625 0.1064453125 0.052734375
0 0.68310546875 0.90380859375 0.0556640625 0.0810546875
0 0.45947265625 0.193359375 0.0517578125 0.08984375
0 0.77880859375 0.59423828125 0.0439453125 0.0419921875
0 0.9638671875 0.642578125 0.072265625 0.052734375
0 0.77587890625 0.39111328125 0.0576171875 0.0458984375
0 0.40576171875 0.26123046875 0.0478515625 0.0478515625
