0 0.08203125 0.00439453125 0.06640625 0.0087890625
0 0.0283203125 0.048828125 0.056640625 0.05078125
0 0.11083984375 0.16357421875 0.0634765625 0.0751953125
0 0.08642578125 0.435546875 0.1416015625 0.236328125
0 0.1044921875 0.49072265625 0.208984375 0.0634765625
0 0.29443359375 0.62451171875 0.1103515625 0.1376953125
0 0.0771484375 0.18212890625 0.154296875 0.1728515625
0 0.43359375 0.111328125 0.08984375 0.22265625
0 0.63232421875 0.1259765625 0.1064453125 0.2109375
0 0.5068359375 0.2548828125 0.080078125 0.072265625
0 0.466796875 0.36376953125 0.12109375 0.0908203125
0 0.3427734375 0.376953125 0.193359375 0.10546875
0 0.2841796875 0.37060546875 0.091796875 0.2705078125
0 0.86328125 0.0546875 0.08203125 0.109375
0 0.95166015625 0.958984375 0.0869140625 0.080078125
0 0.7060546875 0.974609375 0.248046875 0.05078125
0 0.53759765625 0.88916015625 0.0517578125 0.2197265625
0 0.640625 0.93408203125 0.201171875 0.1298828125
0 0.4306640625 0.953125 0.173828125 0.0625
0 0.314453125 0.99072265625 0.08203125 0.0166015625
0 0.3154296875 0.95947265625 0.060546875 0.0517578125
0 0.318359375 0.912109375 0.03125 0.048828125
0 0.232421875 0.86328125 0.28515625 0.1953125
0 0.5341796875 0.8828125 0.28515625 0.07421875
0 0.666015625 0.70751953125 0.19921875 0.2861328125
0 0.02734375 0.8515625 0.0546875 0.162109375
0 0.22705078125 0.6357421875 0.1103515625 0.146484375
0 0.1513671875 0.7021484375 0.169921875 0.30078125
0 0.50634765625 0.62548828125 0.1064453125 0.1298828125
0 0.423828125 0.5009765625 0.2265625 0.0625
0 0.982421875 0.20556640625 0.033203125 0.1611328125
0 0.97705078125 0.341796875 0.0439453125 0.025390625
0 0.96484375 0.3212890625 0.0703125 0.080078125
0 0.931640625 0.8857421875 0.134765625 0.080078125
0 0.94189453125 0.7802734375 0.1142578125 0.130859375
0 0.9248046875 0.6982421875 0.12890625 0.103515625
0 0.93212890625 0.52978515625 0.1337890625 0.1845703125
0 0.87353515625 0.42724609375 0.2509765625 0.1728515625
0 0.74755859375 0.3271484375 0.0556640625 0.248046875
0 0.8759765625 0.279296875 0.1796875 0.29296875
0 0.83837890625 0.25927734375 0.0517578125 0.0712890625
0 0.96533203125 0.07373046875 0.0673828125 0.1376953125
0 0.0029296875 0.95556640625 0.005859375 0.0244140625
0 0.3359375 0.755859375 0.0546875 0.2109375
0 0.88671875 0.1435546875 0.2265625 0.27734375
