0 0.92919921875 0.4375 0.0791015625 0.05859375
0 0.79736328125 0.92626953125 0.0732421875 0.0380859375
0 0.9130859375 0.27587890625 0.068359375 0.0419921875
0 0.1572265625 0.57177734375 0.0703125 0.0498046875
0 0.38525390625 0.37548828125 0.0849609375 0.0595703125
0 0.77978515625 0.33984375 0.0751953125 0.0625
0 0.13232421875 0.04638671875 0.0712890625 0.0439453125
0 0.51953125 0.0625 0.048828125 0.033203125
0 0.396484375 0.76318359375 0.0546875 0.0458984375
0 0.6494140625 0.0517578125 0.056640625 0.033203125
0 0.25390625 0.65380859375 0.0625 0.0810546875
0 0.7685546875 0.43408203125 0.0703125 0.0341796875
0 0.8642578125 0.75048828125 0.072265625 0.0595703125
0 0.65087890625 0.26708984375 0.0419921875 0.0283203125
0 0.77490234375 0.79296875 0.0693359375 0.052734375
0 0.1884765625 0.29248046875 0.07421875 0.0537109375
0 0.36767578125 0.54150390625 0.0986328125 0.0498046875
0 0.8349609375 0.23876953125 0.087890625 0.0595703125
0 0.8193359375 0.0693359375 0.1015625 0.072265625
0 0.3046875 0.7021484375 0.078125 0.072265625
0 0.96826171875 0.32763671875 0.0595703125 0.0458984375
0 0.16748046875 0.244140625 0.0419921875 0.041015625
0 0.658203125 0.4140625 0.0625 0.056640625
0 0.044921875 0.95654296875 0.076171875 0.0439453125
0 0.06201171875 0.8955078125 0.0751953125 0.052734375
0 0.9697265625 0.73388671875 0.05859375 0.0419921875
0 0.458984375 0.8037109375 0.08984375 0.06640625
0 0.75732421875 0.15625 0.0771484375 0.052734375
