0 0.841796875 0.0576171875 0.091796875 0.06640625
0 0.95361328125 0.47119140625 0.0771484375 0.0615234375
0 0.35888671875 0.86376953125 0.0419921875 0.1181640625
0 0.79248046875 0.17333984375 0.0927734375 0.0576171875
0 0.55859375 0.06103515625 0.0703125 0.0654296875
0 0.904296875 0.30419921875 0.09765625 0.0908203125
0 0.66162109375 0.3896484375 0.0693359375 0.07421875
0 0.62890625 0.28662109375 0.05078125 0.0517578125
0 0.58154296875 0.59326171875 0.0634765625 0.0732421875
0 0.017578125 0.087890625 0.03515625 0.076171875
0 0.74072265625 0.025390625 0.0810546875 0.048828125
0 0.837890625 0.36572265625 0.09375 0.0869140625
0 0.77587890625 0.515625 0.1142578125 0.119140625
0 0.66064453125 0.669921875 0.0888671875 0.078125
