0 0.962890625 0.9482421875 0.07421875 0.080078125
0 0.810546875 0.7626953125 0.0703125 0.083984375
0 0.68359375 0.9716796875 0.21875 0.056640625
0 0.166015625 0.9677734375 0.1015625 0.064453125
0 0.0224609375 0.591796875 0.044921875 0.05078125
0 0.7265625 0.45703125 0.0703125 0.07421875
0 0.58984375 0.4638671875 0.14453125 0.123046875
0 0.9091796875 0.5126953125 0.080078125 0.068359375
0 0.990234375 0.517578125 0.01953125 0.05078125
0 0.8798828125 0.34765625 0.173828125 0.10546875
0 0.8779296875 0.447265625 0.087890625 0.078125
0 0.9921875 0.353515625 0.015625 0.0703125
0 0.9736328125 0.01171875 0.052734375 0.0234375
0 0.88671875 0.18359375 0.07421875 0.0859375
0 0.7900390625 0.2490234375 0.072265625 0.068359375
0 0.5224609375 0.31640625 0.107421875 0.0859375
0 0.55859375 0.068359375 0.0703125 0.08203125
0 0.625 0.0458984375 0.1015625 0.091796875
0 0.634765625 0.1279296875 0.14453125 0.083984375
0 0.390625 0.302734375 0.1015625 0.07421875
0 0.2587890625 0.2353515625 0.087890625 0.064453125
0 0.3857421875 0.228515625 0.107421875 0.078125
0 0.318359375 0.1748046875 0.14453125 0.095703125
0 0.1953125 0.3564453125 0.09375 0.087890625
0 0.333984375 0.38671875 0.0703125 0.13671875
0 0.056640625 0.302734375 0.11328125 0.16015625
0 0.52734375 0.0078125 0.07421875 0.015625
