0 0.8740234375 0.71484375 0.080078125 0.052734375
0 0.5458984375 0.53955078125 0.119140625 0.1650390625
0 0.50048828125 0.98291015625 0.1162109375 0.0322265625
0 0.263671875 0.98876953125 0.052734375 0.0224609375
0 0.37548828125 0.3232421875 0.0654296875 0.0703125
0 0.81396484375 0.09814453125 0.0458984375 0.0595703125
0 0.7822265625 0.01611328125 0.05078125 0.0322265625
0 0.96533203125 0.65234375 0.0693359375 0.0546875
0 0.2109375 0.0458984375 0.095703125 0.0625
0 0.5546875 0.7724609375 0.1015625 0.06640625
0 0.7353515625 0.92578125 0.080078125 0.091796875
0 0.98779296875 0.59814453125 0.0244140625 0.0634765625
0 0.21875 0.2099609375 0.068359375 0.076171875
0 0.47509765625 0.29638671875 0.1669921875 0.1259765625
0 0.6455078125 0.07666015625 0.130859375 0.0732421875
0 0.77294921875 0.17041015625 0.1005859375 0.0419921875
0 0.09814453125 0.50048828125 0.0751953125 0.0947265625
0 0.43115234375 0.111328125 0.0595703125 0.080078125
0 0.02099609375 0.1708984375 0.0419921875 0.083984375
0 0.8154296875 0.8154296875 0.04296875 0.076171875
0 0.7802734375 0.658203125 0.068359375 0.072265625
0 0.0859375 0.94384765625 0.091796875 0.0810546875
0 0.3544921875 0.57763671875 0.072265625 0.1103515625
0 0.4755859375 0.943359375 0.060546875 0.076171875
0 0.97412109375 0.8662109375 0.0517578125 0.087890625
0 0.9833984375 0.7666015625 0.03125 0.052734375
0 0.35107421875 0.07373046875 0.0537109375 0.1162109375
0 0.15380859375 0.80615234375 0.0947265625 0.0771484375
0 0.8046875 0.6025390625 0.048828125 0.046875
0 0.53173828125 0.19873046875 0.1044921875 0.0869140625
0 0.099609375 0.5966796875 0.064453125 0.0625
0 0.3740234375 0.1220703125 0.060546875 0.072265625
0 0.95751953125 0.69140625 0.0419921875 0.03125
0 0.39990234375 0.38037109375 0.0947265625 0.0537109375
0 0.8984375 0.181640625 0.1328125 0.08984375
0 0.02197265625 0.466796875 0.0419921875 0.099609375
