0 0.9580078125 0.00830078125 0.025390625 0.0166015625
0 0.88818359375 0.013671875 0.0341796875 0.02734375
0 0.8984375 0.07275390625 0.046875 0.1357421875
0 0.984375 0.10205078125 0.029296875 0.0693359375
0 0.96826171875 0.1025390625 0.0634765625 0.103515625
0 0.94873046875 0.07470703125 0.0458984375 0.0634765625
0 0.994140625 0.18994140625 0.01171875 0.0634765625
0 0.8583984375 0.19580078125 0.04296875 0.1025390625
0 0.697265625 0.130859375 0.060546875 0.08984375
0 0.67626953125 0.0615234375 0.0439453125 0.0859375
0 0.98681640625 0.2705078125 0.0224609375 0.064453125
0 0.9912109375 0.3349609375 0.017578125 0.041015625
0 0.962890625 0.34375 0.03515625 0.076171875
0 0.923828125 0.3046875 0.044921875 0.0859375
0 0.8525390625 0.2822265625 0.060546875 0.048828125
0 0.73681640625 0.2666015625 0.0654296875 0.099609375
0 0.708984375 0.33935546875 0.041015625 0.0556640625
0 0.76171875 0.33447265625 0.07421875 0.0439453125
0 0.80126953125 0.36328125 0.0595703125 0.044921875
0 0.86474609375 0.37451171875 0.0458984375 0.0693359375
0 0.9677734375 0.44677734375 0.01953125 0.0263671875
0 0.89501953125 0.5107421875 0.0205078125 0.03515625
0 0.82080078125 0.50927734375 0.0556640625 0.0966796875
0 0.982421875 0.498046875 0.03515625 0.052734375
0 0.978515625 0.66943359375 0.041015625 0.1025390625
0 0.8369140625 0.65869140625 0.03125 0.0771484375
0 0.81103515625 0.70703125 0.0517578125 0.060546875
0 0.6708984375 0.3701171875 0.03515625 0.0859375
0 0.64208984375 0.56005859375 0.0986328125 0.0673828125
0 0.5341796875 0.54052734375 0.0390625 0.0380859375
0 0.5341796875 0.697265625 0.03515625 0.068359375
0 0.72265625 0.927734375 0.0859375 0.052734375
0 0.50537109375 0.96923828125 0.0244140625 0.0283203125
0 0.578125 0.96630859375 0.052734375 0.0673828125
0 0.67431640625 0.98291015625 0.0517578125 0.0341796875
0 0.66162109375 0.9560546875 0.0556640625 0.033203125
0 0.82470703125 0.9091796875 0.0556640625 0.115234375
0 0.873046875 0.98291015625 0.08984375 0.0341796875
0 0.79150390625 0.984375 0.0673828125 0.03125
0 0.34912109375 0.98046875 0.0205078125 0.0390625
0 0.193359375 0.95703125 0.048828125 0.0859375
0 0.3994140625 0.92578125 0.052734375 0.078125
0 0.31103515625 0.75439453125 0.0400390625 0.0947265625
0 0.28466796875 0.8125 0.0927734375 0.06640625
0 0.2685546875 0.87060546875 0.052734375 0.1083984375
0 0.2216796875 0.74853515625 0.056640625 0.0693359375
0 0.12939453125 0.98193359375 0.0380859375 0.0361328125
0 0.142578125 0.9541015625 0.04296875 0.041015625
0 0.17626953125 0.56494140625 0.0771484375 0.0537109375
0 0.02880859375 0.6953125 0.0576171875 0.05078125
0 0.03759765625 0.7861328125 0.0732421875 0.123046875
0 0.02978515625 0.55078125 0.0341796875 0.029296875
0 0.224609375 0.48681640625 0.05859375 0.0810546875
0 0.40771484375 0.45947265625 0.0791015625 0.0615234375
0 0.400390625 0.44091796875 0.11328125 0.0791015625
0 0.5107421875 0.404296875 0.02734375 0.033203125
0 0.50048828125 0.41845703125 0.0263671875 0.0439453125
0 0.2080078125 0.41748046875 0.07421875 0.0478515625
0 0.6103515625 0.40478515625 0.12890625 0.1044921875
0 0.62109375 0.46630859375 0.03125 0.0537109375
0 0.6376953125 0.35791015625 0.052734375 0.0634765625
0 0.60400390625 0.3076171875 0.0283203125 0.046875
0 0.55859375 0.30615234375 0.04296875 0.0419921875
0 0.51953125 0.31005859375 0.037109375 0.0908203125
0 0.3701171875 0.34521484375 0.125 0.1240234375
0 0.33837890625 0.3076171875 0.0517578125 0.076171875
0 0.27734375 0.357421875 0.064453125 0.11328125
0 0.20556640625 0.35498046875 0.0498046875 0.0732421875
0 0.07861328125 0.4150390625 0.0888671875 0.1328125
0 0.10546875 0.35546875 0.0703125 0.005859375
0 0.07373046875 0.341796875 0.1318359375 0.05859375
0 0.10107421875 0.30224609375 0.0302734375 0.0615234375
0 0.20263671875 0.2763671875 0.0654296875 0.072265625
0 0.14697265625 0.1689453125 0.0771484375 0.138671875
0 0.16845703125 0.1357421875 0.0810546875 0.060546875
0 0.03466796875 0.1416015625 0.0400390625 0.080078125
0 0.02392578125 0.42333984375 0.0478515625 0.0888671875
0 0.4892578125 0.10693359375 0.05859375 0.0576171875
0 0.57568359375 0.08349609375 0.0341796875 0.0751953125
0 0.365234375 0.1171875 0.044921875 0.078125
0 0.44140625 0.04736328125 0.046875 0.0556640625
0 0.265625 0.115234375 0.0625 0.08984375
0 0.466796875 0.0166015625 0.05078125 0.033203125
0 0.357421875 0.02294921875 0.0625 0.0458984375
0 0.23876953125 0.017578125 0.0419921875 0.03515625
0 0.18798828125 0.02392578125 0.0673828125 0.0478515625
0 0.11767578125 0.01611328125 0.0732421875 0.0322265625
0 0.13330078125 0.04833984375 0.0244140625 0.0341796875
0 0.09521484375 0.05615234375 0.0244140625 0.0576171875
0 0.02978515625 0.01123046875 0.0283203125 0.0224609375
0 0.09326171875 0.134765625 0.0263671875 0.029296875
0 0.00732421875 0.03955078125 0.0146484375 0.0791015625
0 0.00830078125 0.154296875 0.0166015625 0.052734375
0 0.94189453125 0.35693359375 0.0361328125 0.0537109375
0 0.19091796875 0.287109375 0.0693359375 0.080078125
0 0.58935546875 0.837890625 0.0283203125 0.025390625
0 0.98681640625 0.0361328125 0.0263671875 0.060546875
