0 0.3310546875 0.6142578125 0.087890625 0.099609375
0 0.150390625 0.31298828125 0.107421875 0.0927734375
0 0.2216796875 0.62841796875 0.08984375 0.0634765625
0 0.2216796875 0.546875 0.087890625 0.087890625
0 0.84619140625 0.29638671875 0.1884765625 0.0751953125
0 0.04638671875 0.48046875 0.0458984375 0.046875
0 0.08203125 0.25732421875 0.056640625 0.0634765625
0 0.56201171875 0.84716796875 0.0986328125 0.0869140625
0 0.046875 0.3935546875 0.037109375 0.041015625
0 0.380859375 0.73388671875 0.21484375 0.1220703125
0 0.07568359375 0.18505859375 0.1298828125 0.0576171875
0 0.49462890625 0.41357421875 0.0966796875 0.0810546875
0 0.91357421875 0.42138671875 0.1689453125 0.0595703125
0 0.09765625 0.98095703125 0.07421875 0.0380859375
0 0.02197265625 0.21826171875 0.0439453125 0.0751953125
0 0.732421875 0.19287109375 0.123046875 0.0751953125
0 0.21728515625 0.08740234375 0.0517578125 0.0791015625
0 0.39892578125 0.412109375 0.1103515625 0.07421875
0 0.88525390625 0.21142578125 0.1025390625 0.0654296875
0 0.97021484375 0.1484375 0.0595703125 0.06640625
0 0.30712890625 0.4228515625 0.0576171875 0.064453125
0 0.74267578125 0.0673828125 0.2099609375 0.111328125
0 0.31201171875 0.9169921875 0.1767578125 0.15625
0 0.21533203125 0.1953125 0.1181640625 0.111328125
0 0.61572265625 0.6396484375 0.0732421875 0.087890625
0 0.498046875 0.97802734375 0.12890625 0.0439453125
0 0.43603515625 0.49169921875 0.0712890625 0.0595703125
0 0.87158203125 0.72021484375 0.1025390625 0.0732421875
0 0.384765625 0.54150390625 0.06640625 0.0595703125
0 0.49365234375 0.923828125 0.1162109375 0.15234375
0 0.67431640625 0.7763671875 0.0888671875 0.1015625
0 0.60546875 0.2734375 0.275390625 0.083984375
0 0.33740234375 0.08740234375 0.0693359375 0.0908203125
0 0.0185546875 0.0498046875 0.037109375 0.099609375
0 0.10205078125 0.63525390625 0.0556640625 0.0693359375
0 0.7861328125 0.2958984375 0.09765625 0.146484375
0 0.744140625 0.0263671875 0.1796875 0.052734375
0 0.9541015625 0.306640625 0.091796875 0.08984375
0 0.1103515625 0.41162109375 0.0859375 0.0810546875
0 0.103515625 0.52490234375 0.056640625 0.0361328125
0 0.33251953125 0.31298828125 0.1181640625 0.1298828125
0 0.59619140625 0.1357421875 0.0908203125 0.09765625
