0 0.3486328125 0.7861328125 0.078125 0.1328125
0 0.80810546875 0.94384765625 0.0556640625 0.0830078125
0 0.15185546875 0.7138671875 0.1181640625 0.189453125
0 0.4013671875 0.412109375 0.1484375 0.2890625
0 0.32080078125 0.8916015625 0.1142578125 0.109375
0 0.43408203125 0.251953125 0.0693359375 0.0859375
0 0.8173828125 0.27490234375 0.080078125 0.0654296875
0 0.52294921875 0.64599609375 0.0986328125 0.1552734375
0 0.9111328125 0.72412109375 0.177734375 0.1572265625
0 0.8701171875 0.77099609375 0.103515625 0.2431640625
0 0.66064453125 0.77392578125 0.3251953125 0.0810546875
0 0.54296875 0.68701171875 0.11328125 0.1884765625
0 0.10546875 0.044921875 0.083984375 0.08984375
0 0.064453125 0.181640625 0.12890625 0.12109375
0 0.1513671875 0.51904296875 0.162109375 0.3974609375
0 0.91357421875 0.97021484375 0.1552734375 0.0537109375
0 0.6943359375 0.15576171875 0.16015625 0.3017578125
0 0.61376953125 0.84716796875 0.0927734375 0.0869140625
0 0.65966796875 0.0625 0.1181640625 0.125
0 0.25927734375 0.1767578125 0.0263671875 0.16796875
0 0.3466796875 0.2705078125 0.052734375 0.0546875
0 0.64111328125 0.140625 0.1435546875 0.205078125
0 0.8359375 0.33984375 0.04296875 0.115234375
0 0.71142578125 0.62060546875 0.2216796875 0.2080078125
0 0.556640625 0.52197265625 0.19921875 0.2197265625
0 0.35400390625 0.14404296875 0.1513671875 0.1904296875
0 0.23583984375 0.0400390625 0.0537109375 0.080078125
0 0.39599609375 0.59619140625 0.1826171875 0.3369140625
0 0.146484375 0.1005859375 0.1171875 0.201171875
0 0.3359375 0.40478515625 0.216796875 0.1904296875
0 0.1650390625 0.3359375 0.099609375 0.12109375
0 0.22607421875 0.58251953125 0.0576171875 0.1904296875
0 0.6796875 0.57421875 0.068359375 0.109375
