0 0.77197265625 0.142578125 0.0478515625 0.068359375
0 0.24169921875 0.47265625 0.0380859375 0.0625
0 0.9150390625 0.4365234375 0.04296875 0.07421875
0 0.36962890625 0.9384765625 0.0869140625 0.12109375
0 0.42822265625 0.6875 0.0654296875 0.0625
0 0.8505859375 0.31103515625 0.048828125 0.0615234375
0 0.43359375 0.048828125 0.05859375 0.072265625
0 0.55322265625 0.53759765625 0.0634765625 0.0654296875
0 0.3486328125 0.23046875 0.033203125 0.0390625
0 0.453125 0.96240234375 0.048828125 0.0517578125
0 0.05859375 0.90576171875 0.060546875 0.0693359375
0 0.71142578125 0.4794921875 0.0537109375 0.048828125
0 0.5126953125 0.8896484375 0.07421875 0.06640625
0 0.72998046875 0.27587890625 0.0458984375 0.0458984375
0 0.720703125 0.76904296875 0.037109375 0.0888671875
0 0.439453125 0.30078125 0.048828125 0.0859375
0 0.77197265625 0.73681640625 0.0322265625 0.0400390625
0 0.1484375 0.42822265625 0.09765625 0.0966796875
0 0.05419921875 0.3017578125 0.0576171875 0.060546875
0 0.61279296875 0.033203125 0.0478515625 0.0625
0 0.330078125 0.26318359375 0.03125 0.0380859375
0 0.765625 0.92236328125 0.03125 0.0439453125
0 0.3076171875 0.45947265625 0.060546875 0.1162109375
0 0.97509765625 0.55517578125 0.0498046875 0.0791015625
0 0.80029296875 0.64404296875 0.0419921875 0.0498046875
0 0.4921875 0.35546875 0.080078125 0.1171875
0 0.43994140625 0.1416015625 0.0693359375 0.09375
0 0.6640625 0.375 0.044921875 0.0546875
0 0.74365234375 0.03759765625 0.0556640625 0.0712890625
