0 0.04638671875 0.2041015625 0.0927734375 0.078125
0 0.39208984375 0.751953125 0.1005859375 0.05078125
0 0.58251953125 0.29736328125 0.0966796875 0.0498046875
0 0.27587890625 0.95849609375 0.1220703125 0.0771484375
0 0.7431640625 0.64794921875 0.064453125 0.0576171875
0 0.7431640625 0.123046875 0.083984375 0.06640625
0 0.44189453125 0.712890625 0.1298828125 0.0625
0 0.48486328125 0.9853515625 0.0966796875 0.02734375
0 0.88330078125 0.80078125 0.1533203125 0.08203125
0 0.54736328125 0.0634765625 0.1005859375 0.072265625
0 0.47607421875 0.8681640625 0.1376953125 0.0625
0 0.8798828125 0.88720703125 0.115234375 0.0654296875
0 0.443359375 0.26220703125 0.11328125 0.0947265625
0 0.87451171875 0.56494140625 0.1044921875 0.0400390625
0 0.8994140625 0.1298828125 0.0859375 0.052734375
0 0.431640625 0.384765625 0.1171875 0.08203125
0 0.42578125 0.53857421875 0.087890625 0.0673828125
0 0.9658203125 0.5400390625 0.06640625 0.033203125
0 0.36279296875 0.0654296875 0.1044921875 0.087890625
0 0.7548828125 0.78271484375 0.083984375 0.0537109375
0 0.2177734375 0.58984375 0.052734375 0.07421875
0 0.65673828125 0.91357421875 0.1103515625 0.0673828125
0 0.20458984375 0.666015625 0.1103515625 0.0625
0 0.86376953125 0.7041015625 0.0439453125 0.02734375
0 0.732421875 0.42431640625 0.08984375 0.0400390625
0 0.49951171875 0.1796875 0.1142578125 0.125
0 0.2451171875 0.48828125 0.06640625 0.05078125
0 0.8359375 0.37353515625 0.087890625 0.0322265625
0 0.068359375 0.10205078125 0.13671875 0.0849609375
0 0.57080078125 0.5146484375 0.0927734375 0.095703125
0 0.48291015625 0.33837890625 0.0537109375 0.0732421875
0 0.60400390625 0.5751953125 0.1064453125 0.04296875
0 0.60205078125 0.1259765625 0.1748046875 0.126953125
0 0.43408203125 0.92578125 0.0849609375 0.04296875
0 0.88330078125 0.9501953125 0.1044921875 0.05078125
0 0.9072265625 0.4033203125 0.09765625 0.072265625
0 0.15673828125 0.83837890625 0.0849609375 0.0869140625
0 0.32958984375 0.2626953125 0.0634765625 0.048828125
0 0.92333984375 0.74169921875 0.1279296875 0.0302734375
0 0.8515625 0.1142578125 0.07421875 0.083984375
0 0.6298828125 0.986328125 0.0703125 0.025390625
0 0.72119140625 0.50830078125 0.1220703125 0.0654296875
0 0.73779296875 0.576171875 0.1064453125 0.064453125
