0 0.96337890625 0.0341796875 0.0693359375 0.05078125
0 0.9111328125 0.02001953125 0.126953125 0.0400390625
0 0.888671875 0.216796875 0.130859375 0.0859375
0 0.76513671875 0.470703125 0.0986328125 0.056640625
0 0.87646484375 0.13232421875 0.1474609375 0.0947265625
0 0.70849609375 0.1484375 0.0849609375 0.056640625
0 0.69921875 0.0615234375 0.09375 0.0625
0 0.87255859375 0.52197265625 0.0869140625 0.0478515625
0 0.955078125 0.75146484375 0.08984375 0.0498046875
0 0.91943359375 0.2841796875 0.1298828125 0.080078125
0 0.802734375 0.01953125 0.072265625 0.0390625
0 0.7802734375 0.5478515625 0.095703125 0.03515625
0 0.9560546875 0.6142578125 0.087890625 0.048828125
0 0.85498046875 0.3681640625 0.1376953125 0.046875
0 0.81884765625 0.412109375 0.1181640625 0.04296875
