0 0.0126953125 0.03271484375 0.025390625 0.0478515625
0 0.083984375 0.10546875 0.06640625 0.076171875
0 0.029296875 0.10888671875 0.0546875 0.0751953125
0 0.1533203125 0.1474609375 0.046875 0.080078125
0 0.1953125 0.18603515625 0.060546875 0.1005859375
0 0.123046875 0.236328125 0.048828125 0.09375
0 0.06005859375 0.22900390625 0.0712890625 0.0751953125
0 0.09228515625 0.28662109375 0.0654296875 0.0419921875
0 0.3203125 0.3056640625 0.091796875 0.06640625
0 0.330078125 0.2548828125 0.107421875 0.142578125
0 0.4013671875 0.1435546875 0.06640625 0.134765625
0 0.47119140625 0.1552734375 0.1162109375 0.130859375
0 0.439453125 0.12158203125 0.05859375 0.1708984375
0 0.60107421875 0.1806640625 0.0361328125 0.060546875
0 0.4951171875 0.048828125 0.06640625 0.09765625
0 0.6943359375 0.064453125 0.068359375 0.044921875
0 0.75244140625 0.15771484375 0.1220703125 0.0830078125
0 0.880859375 0.08251953125 0.056640625 0.1298828125
0 0.9208984375 0.1865234375 0.052734375 0.076171875
0 0.9560546875 0.2080078125 0.0546875 0.06640625
0 0.97705078125 0.21240234375 0.0458984375 0.0400390625
0 0.39111328125 0.37353515625 0.0498046875 0.0634765625
0 0.01318359375 0.3076171875 0.0263671875 0.0625
0 0.0498046875 0.43017578125 0.076171875 0.1455078125
0 0.107421875 0.42236328125 0.041015625 0.0517578125
0 0.1591796875 0.46826171875 0.044921875 0.0498046875
0 0.1943359375 0.42041015625 0.046875 0.0517578125
0 0.3232421875 0.517578125 0.126953125 0.0546875
0 0.14453125 0.5830078125 0.048828125 0.033203125
0 0.01708984375 0.6728515625 0.0341796875 0.0546875
0 0.3681640625 0.60400390625 0.0859375 0.0595703125
0 0.43798828125 0.55078125 0.0400390625 0.0390625
0 0.48681640625 0.525390625 0.0556640625 0.06640625
0 0.8408203125 0.23486328125 0.03515625 0.0712890625
0 0.81640625 0.2734375 0.0390625 0.056640625
0 0.86865234375 0.31201171875 0.0693359375 0.0751953125
0 0.962890625 0.3427734375 0.072265625 0.072265625
0 0.904296875 0.34765625 0.046875 0.07421875
0 0.85107421875 0.43798828125 0.0732421875 0.0849609375
0 0.73583984375 0.43115234375 0.1005859375 0.1103515625
0 0.7216796875 0.521484375 0.119140625 0.0546875
0 0.89306640625 0.51416015625 0.0263671875 0.0322265625
0 0.96533203125 0.81884765625 0.0693359375 0.0634765625
0 0.7998046875 0.7607421875 0.04296875 0.046875
0 0.81591796875 0.8056640625 0.0595703125 0.056640625
0 0.4501953125 0.77001953125 0.044921875 0.0517578125
0 0.4873046875 0.81787109375 0.048828125 0.0732421875
0 0.375 0.7744140625 0.078125 0.0390625
0 0.3564453125 0.87353515625 0.0546875 0.0732421875
0 0.14794921875 0.822265625 0.1845703125 0.1171875
0 0.02685546875 0.83984375 0.0537109375 0.0546875
0 0.01708984375 0.7939453125 0.0341796875 0.052734375
0 0.30126953125 0.89990234375 0.0517578125 0.0419921875
0 0.41064453125 0.888671875 0.0302734375 0.03515625
0 0.44921875 0.89794921875 0.04296875 0.0595703125
0 0.314453125 0.94873046875 0.033203125 0.0419921875
0 0.357421875 0.96533203125 0.05078125 0.0693359375
0 0.54150390625 0.98779296875 0.0283203125 0.0244140625
0 0.8583984375 0.98193359375 0.0546875 0.0361328125
0 0.40966796875 0.9404296875 0.0537109375 0.056640625
0 0.02587890625 0.974609375 0.0517578125 0.05078125
0 0.40966796875 0.98486328125 0.0517578125 0.0302734375
0 0.0556640625 0.796875 0.0625 0.0625
0 0.86279296875 0.69287109375 0.0908203125 0.0810546875
0 0.36279296875 0.029296875 0.0419921875 0.05859375
0 0.20068359375 0.88623046875 0.0439453125 0.0224609375
0 0.92626953125 0.2919921875 0.0712890625 0.0859375
0 0.38427734375 0.79833984375 0.0615234375 0.0478515625
0 0.41845703125 0.607421875 0.0361328125 0.033203125
0 0.92041015625 0.400390625 0.0595703125 0.044921875
0 0.60888671875 0.98779296875 0.0654296875 0.0244140625
0 0.01953125 0.9326171875 0.0390625 0.03125
0 0.1533203125 0.99169921875 0.02734375 0.0166015625
