0 0.1005859375 0.67578125 0.087890625 0.0625
0 0.02734375 0.91796875 0.0546875 0.099609375
0 0.06298828125 0.55615234375 0.0673828125 0.1025390625
0 0.1103515625 0.40869140625 0.109375 0.0556640625
0 0.15673828125 0.97607421875 0.0849609375 0.0478515625
0 0.26708984375 0.4033203125 0.1044921875 0.08203125
0 0.142578125 0.90478515625 0.08203125 0.1064453125
0 0.18310546875 0.8466796875 0.0771484375 0.05859375
0 0.033203125 0.6826171875 0.06640625 0.056640625
0 0.1591796875 0.041015625 0.08984375 0.064453125
0 0.2412109375 0.1669921875 0.09765625 0.078125
0 0.23974609375 0.77587890625 0.1396484375 0.0673828125
0 0.197265625 0.29833984375 0.14453125 0.0869140625
0 0.041015625 0.88232421875 0.080078125 0.1201171875
0 0.02587890625 0.4921875 0.0517578125 0.10546875
0 0.09716796875 0.1181640625 0.0849609375 0.0625
0 0.126953125 0.55078125 0.0703125 0.08203125
0 0.08740234375 0.4599609375 0.0595703125 0.056640625
0 0.09228515625 0.0751953125 0.0849609375 0.0625
0 0.02490234375 0.29345703125 0.0498046875 0.0830078125
