0 0.2900390625 0.58984375 0.091796875 0.078125
0 0.51708984375 0.67919921875 0.0869140625 0.0517578125
0 0.68115234375 0.3203125 0.0556640625 0.056640625
0 0.548828125 0.5888671875 0.083984375 0.072265625
0 0.55419921875 0.8134765625 0.0927734375 0.0625
0 0.12841796875 0.3828125 0.0791015625 0.06640625
0 0.4599609375 0.51806640625 0.099609375 0.0693359375
0 0.61669921875 0.53125 0.0458984375 0.052734375
0 0.3994140625 0.7099609375 0.083984375 0.130859375
0 0.61767578125 0.0927734375 0.1025390625 0.083984375
0 0.43359375 0.17919921875 0.158203125 0.1279296875
0 0.96337890625 0.0703125 0.0732421875 0.08984375
0 0.05322265625 0.0986328125 0.0673828125 0.05859375
0 0.5595703125 0.4296875 0.0859375 0.078125
0 0.91455078125 0.72265625 0.1708984375 0.103515625
0 0.7978515625 0.49951171875 0.1484375 0.1181640625
0 0.14599609375 0.111328125 0.1083984375 0.162109375
0 0.193359375 0.4970703125 0.064453125 0.07421875
0 0.015625 0.755859375 0.029296875 0.11328125
0 0.640625 0.2587890625 0.1015625 0.07421875
0 0.1201171875 0.9326171875 0.095703125 0.109375
0 0.21044921875 0.94384765625 0.0693359375 0.0791015625
0 0.89892578125 0.64892578125 0.0732421875 0.0595703125
0 0.97607421875 0.28759765625 0.0478515625 0.0888671875
0 0.21484375 0.30029296875 0.12890625 0.0869140625
0 0.4921875 0.04052734375 0.12109375 0.0810546875
0 0.2119140625 0.6826171875 0.099609375 0.1015625
0 0.7412109375 0.53125 0.056640625 0.046875
0 0.837890625 0.7392578125 0.087890625 0.134765625
0 0.85693359375 0.25439453125 0.1259765625 0.0986328125
0 0.9150390625 0.89794921875 0.05859375 0.0966796875
0 0.30224609375 0.12353515625 0.0712890625 0.0830078125
0 0.03173828125 0.3046875 0.0634765625 0.07421875
0 0.83740234375 0.86328125 0.0380859375 0.0390625
0 0.314453125 0.41064453125 0.056640625 0.0380859375
0 0.6865234375 0.9140625 0.10546875 0.08203125
0 0.2353515625 0.4677734375 0.119140625 0.130859375
0 0.73583984375 0.05029296875 0.1611328125 0.0791015625
