0 0.72021484375 0.11962890625 0.1044921875 0.2001953125
0 0.2021484375 0.3154296875 0.150390625 0.16796875
0 0.7880859375 0.33203125 0.068359375 0.107421875
0 0.23779296875 0.22021484375 0.0849609375 0.2314453125
0 0.5283203125 0.25732421875 0.15625 0.1533203125
0 0.927734375 0.908203125 0.064453125 0.080078125
0 0.330078125 0.43310546875 0.06640625 0.1103515625
0 0.01904296875 0.478515625 0.0380859375 0.052734375
0 0.6298828125 0.4677734375 0.126953125 0.189453125
0 0.02197265625 0.2470703125 0.0439453125 0.392578125
0 0.287109375 0.35205078125 0.0625 0.1806640625
0 0.0341796875 0.03271484375 0.068359375 0.0654296875
0 0.130859375 0.052734375 0.099609375 0.10546875
0 0.79052734375 0.0185546875 0.1083984375 0.037109375
0 0.41259765625 0.259765625 0.1220703125 0.189453125
0 0.7109375 0.470703125 0.056640625 0.0859375
0 0.34130859375 0.123046875 0.1650390625 0.169921875
0 0.8115234375 0.47021484375 0.103515625 0.1572265625
0 0.16796875 0.03076171875 0.05078125 0.0615234375
0 0.36279296875 0.23779296875 0.0927734375 0.1064453125
0 0.9658203125 0.46044921875 0.068359375 0.1025390625
0 0.96875 0.8916015625 0.060546875 0.216796875
0 0.1748046875 0.125 0.11328125 0.201171875
0 0.47021484375 0.5625 0.0849609375 0.09375
0 0.677734375 0.51513671875 0.06640625 0.0888671875
0 0.9453125 0.53955078125 0.09375 0.0908203125
0 0.5068359375 0.251953125 0.05859375 0.23046875
0 0.26953125 0.15966796875 0.0625 0.0791015625
0 0.34521484375 0.177734375 0.1064453125 0.166015625
0 0.93359375 0.0185546875 0.1328125 0.037109375
0 0.064453125 0.39306640625 0.078125 0.2490234375
