0 0.1044921875 0.333984375 0.064453125 0.09375
0 0.2890625 0.2841796875 0.0703125 0.080078125
0 0.2373046875 0.111328125 0.048828125 0.046875
0 0.349609375 0.0302734375 0.07421875 0.056640625
0 0.6025390625 0.0400390625 0.080078125 0.080078125
0 0.65234375 0.162109375 0.21875 0.203125
0 0.966796875 0.0322265625 0.06640625 0.060546875
0 0.923828125 0.169921875 0.125 0.109375
0 0.9345703125 0.2255859375 0.052734375 0.048828125
0 0.9833984375 0.337890625 0.033203125 0.08203125
0 0.921875 0.4404296875 0.1015625 0.130859375
0 0.9853515625 0.66015625 0.029296875 0.0703125
0 0.8212890625 0.7626953125 0.130859375 0.115234375
0 0.732421875 0.76171875 0.12890625 0.1796875
0 0.625 0.751953125 0.1015625 0.328125
0 0.7626953125 0.9375 0.119140625 0.10546875
0 0.9404296875 0.9619140625 0.119140625 0.076171875
0 0.72265625 0.9541015625 0.31640625 0.091796875
0 0.5380859375 0.958984375 0.068359375 0.08203125
0 0.4580078125 0.955078125 0.080078125 0.08984375
0 0.1357421875 0.9765625 0.162109375 0.046875
0 0.1708984375 0.9365234375 0.083984375 0.087890625
0 0.0400390625 0.91015625 0.080078125 0.15625
0 0.0947265625 0.8056640625 0.189453125 0.107421875
0 0.13671875 0.6552734375 0.06640625 0.115234375
0 0.4853515625 0.2041015625 0.072265625 0.064453125
0 0.5732421875 0.27734375 0.107421875 0.16796875
0 0.7041015625 0.025390625 0.115234375 0.05078125
0 0.9794921875 0.458984375 0.041015625 0.09765625
