0 0.3369140625 0.76611328125 0.041015625 0.0478515625
0 0.2978515625 0.748046875 0.048828125 0.07421875
0 0.2158203125 0.82177734375 0.048828125 0.0556640625
0 0.21875 0.94970703125 0.03515625 0.0595703125
0 0.63134765625 0.958984375 0.0458984375 0.02734375
0 0.50634765625 0.96875 0.0595703125 0.05859375
0 0.87353515625 0.7998046875 0.0419921875 0.05078125
0 0.78955078125 0.75390625 0.0478515625 0.0390625
0 0.93798828125 0.8408203125 0.0595703125 0.0625
0 0.96240234375 0.71875 0.0380859375 0.125
0 0.99169921875 0.79296875 0.0166015625 0.0390625
0 0.982421875 0.8984375 0.03125 0.0625
0 0.92724609375 0.3818359375 0.0849609375 0.0859375
0 0.62353515625 0.47119140625 0.1005859375 0.0791015625
0 0.564453125 0.46142578125 0.056640625 0.0537109375
0 0.59521484375 0.58349609375 0.0712890625 0.0419921875
0 0.4267578125 0.42431640625 0.033203125 0.0341796875
0 0.45654296875 0.74755859375 0.0380859375 0.0380859375
0 0.0791015625 0.8623046875 0.052734375 0.068359375
0 0.107421875 0.947265625 0.0546875 0.0859375
0 0.123046875 0.556640625 0.05078125 0.05078125
0 0.1474609375 0.4365234375 0.044921875 0.06640625
0 0.05908203125 0.4130859375 0.0830078125 0.07421875
0 0.19189453125 0.275390625 0.0478515625 0.060546875
0 0.0244140625 0.2373046875 0.048828125 0.07421875
0 0.109375 0.21875 0.05859375 0.048828125
0 0.08984375 0.30322265625 0.05078125 0.0693359375
0 0.0693359375 0.345703125 0.044921875 0.056640625
0 0.0283203125 0.3408203125 0.041015625 0.0703125
0 0.14453125 0.3154296875 0.04296875 0.05078125
0 0.1328125 0.3525390625 0.03515625 0.04296875
0 0.16015625 0.2177734375 0.03515625 0.05078125
0 0.0947265625 0.1162109375 0.044921875 0.046875
0 0.01953125 0.11474609375 0.0390625 0.0341796875
0 0.169921875 0.1083984375 0.0390625 0.03515625
0 0.1708984375 0.1533203125 0.037109375 0.046875
0 0.3525390625 0.2333984375 0.0625 0.046875
0 0.29833984375 0.23388671875 0.0419921875 0.0615234375
0 0.2529296875 0.2314453125 0.052734375 0.09375
0 0.0625 0.05615234375 0.125 0.0595703125
0 0.1474609375 0.03271484375 0.044921875 0.0654296875
0 0.2099609375 0.0439453125 0.033203125 0.04296875
0 0.2841796875 0.0537109375 0.142578125 0.107421875
0 0.36181640625 0.041015625 0.0322265625 0.08203125
0 0.556640625 0.01513671875 0.052734375 0.0302734375
0 0.61474609375 0.2021484375 0.0654296875 0.05859375
0 0.58837890625 0.10595703125 0.0537109375 0.0458984375
0 0.6083984375 0.154296875 0.05859375 0.044921875
0 0.90625 0.2041015625 0.099609375 0.06640625
0 0.97509765625 0.31884765625 0.0498046875 0.0673828125
0 0.95361328125 0.287109375 0.0498046875 0.0546875
0 0.912109375 0.32373046875 0.05078125 0.0458984375
0 0.83544921875 0.26953125 0.0537109375 0.046875
0 0.8564453125 0.5703125 0.0390625 0.04296875
0 0.859375 0.50634765625 0.041015625 0.0478515625
0 0.81591796875 0.486328125 0.0380859375 0.0625
0 0.818359375 0.55859375 0.041015625 0.0625
0 0.79345703125 0.6318359375 0.0419921875 0.119140625
0 0.4775390625 0.6611328125 0.041015625 0.048828125
0 0.80126953125 0.931640625 0.0380859375 0.05078125
0 0.841796875 0.9775390625 0.052734375 0.044921875
0 0.51220703125 0.83740234375 0.0478515625 0.0380859375
0 0.52197265625 0.728515625 0.0439453125 0.03515625
0 0.15625 0.6533203125 0.03515625 0.048828125
0 0.1455078125 0.611328125 0.025390625 0.03515625
0 0.19384765625 0.60693359375 0.0361328125 0.0283203125
0 0.52490234375 0.7822265625 0.0400390625 0.056640625
0 0.51318359375 0.6171875 0.0498046875 0.0703125
0 0.5625 0.634765625 0.052734375 0.05078125
0 0.587890625 0.74951171875 0.044921875 0.0615234375
0 0.6015625 0.6845703125 0.068359375 0.064453125
0 0.013671875 0.8798828125 0.02734375 0.041015625
0 0.83935546875 0.01806640625 0.0517578125 0.0361328125
0 0.86572265625 0.041015625 0.0595703125 0.04296875
0 0.86279296875 0.12451171875 0.0380859375 0.1318359375
0 0.81396484375 0.12646484375 0.0576171875 0.1708984375
0 0.86083984375 0.21630859375 0.0341796875 0.0498046875
0 0.7890625 0.3798828125 0.017578125 0.0390625
0 0.794921875 0.30615234375 0.04296875 0.0634765625
0 0.759765625 0.263671875 0.056640625 0.05078125
0 0.8203125 0.31005859375 0.029296875 0.0380859375
0 0.775390625 0.21337890625 0.048828125 0.0712890625
0 0.30322265625 0.345703125 0.0302734375 0.03515625
0 0.01123046875 0.53466796875 0.0224609375 0.0380859375
0 0.1494140625 0.5791015625 0.0234375 0.03515625
0 0.09228515625 0.98974609375 0.0458984375 0.0205078125
0 0.93212890625 0.98876953125 0.0244140625 0.0224609375
0 0.775390625 0.98291015625 0.01953125 0.0166015625
0 0.77734375 0.580078125 0.04296875 0.0390625
