0 0.111328125 0.05078125 0.22265625 0.1015625
0 0.36572265625 0.24951171875 0.0712890625 0.1142578125
0 0.236328125 0.09619140625 0.20703125 0.1923828125
0 0.412109375 0.02734375 0.04296875 0.046875
0 0.69970703125 0.0302734375 0.2705078125 0.060546875
0 0.9169921875 0.03369140625 0.05859375 0.0673828125
0 0.939453125 0.09765625 0.12109375 0.06640625
0 0.556640625 0.21533203125 0.17578125 0.2275390625
0 0.0224609375 0.28271484375 0.044921875 0.2275390625
0 0.1025390625 0.3486328125 0.140625 0.056640625
0 0.0908203125 0.4501953125 0.181640625 0.060546875
0 0.23095703125 0.3525390625 0.1689453125 0.25
0 0.18994140625 0.39453125 0.2353515625 0.0546875
0 0.244140625 0.50439453125 0.13671875 0.0869140625
0 0.54638671875 0.626953125 0.5517578125 0.166015625
0 0.27587890625 0.6396484375 0.1259765625 0.041015625
0 0.359375 0.755859375 0.25 0.19921875
0 0.5341796875 0.412109375 0.326171875 0.095703125
0 0.52392578125 0.484375 0.0908203125 0.09765625
0 0.67431640625 0.30859375 0.2197265625 0.09765625
0 0.828125 0.392578125 0.060546875 0.20703125
0 0.6748046875 0.3759765625 0.05078125 0.263671875
0 0.96923828125 0.5107421875 0.0595703125 0.11328125
0 0.87890625 0.59130859375 0.203125 0.3056640625
0 0.763671875 0.6357421875 0.041015625 0.16796875
0 0.6044921875 0.59619140625 0.025390625 0.0283203125
0 0.5595703125 0.5966796875 0.080078125 0.193359375
0 0.48388671875 0.646484375 0.2861328125 0.0703125
0 0.984375 0.755859375 0.03125 0.0625
0 0.9248046875 0.83984375 0.111328125 0.0859375
0 0.958984375 0.83642578125 0.080078125 0.1025390625
0 0.88037109375 0.94921875 0.2197265625 0.099609375
0 0.814453125 0.9423828125 0.23046875 0.046875
0 0.94921875 0.94970703125 0.08203125 0.0361328125
0 0.7841796875 0.8896484375 0.240234375 0.12109375
0 0.06884765625 0.89111328125 0.1376953125 0.2158203125
0 0.0439453125 0.93408203125 0.044921875 0.1298828125
0 0.1923828125 0.88330078125 0.208984375 0.2314453125
0 0.583984375 0.802734375 0.056640625 0.25
0 0.48095703125 0.947265625 0.0517578125 0.10546875
0 0.3447265625 0.8955078125 0.216796875 0.0546875
0 0.31103515625 0.896484375 0.0712890625 0.20703125
0 0.4482421875 0.869140625 0.181640625 0.1640625
0 0.341796875 0.55908203125 0.1484375 0.1376953125
0 0.83203125 0.6591796875 0.04296875 0.12109375
0 0.978515625 0.1484375 0.04296875 0.0234375
