0 0.97314453125 0.380859375 0.0517578125 0.07421875
0 0.19287109375 0.439453125 0.0771484375 0.08984375
0 0.4619140625 0.59375 0.189453125 0.166015625
0 0.71240234375 0.3466796875 0.0615234375 0.072265625
0 0.8994140625 0.18505859375 0.068359375 0.0556640625
0 0.19873046875 0.14794921875 0.0576171875 0.1337890625
0 0.16552734375 0.2841796875 0.0947265625 0.103515625
0 0.76025390625 0.03955078125 0.0751953125 0.0517578125
0 0.2939453125 0.4111328125 0.087890625 0.056640625
0 0.3232421875 0.7421875 0.13671875 0.27734375
0 0.16015625 0.56787109375 0.142578125 0.1318359375
0 0.8447265625 0.60888671875 0.068359375 0.0830078125
0 0.814453125 0.38427734375 0.109375 0.0673828125
0 0.7919921875 0.1416015625 0.033203125 0.033203125
0 0.9638671875 0.029296875 0.044921875 0.033203125
0 0.564453125 0.6376953125 0.03515625 0.0625
0 0.05322265625 0.53125 0.1044921875 0.14453125
0 0.79443359375 0.53662109375 0.0751953125 0.2060546875
0 0.67431640625 0.70361328125 0.1630859375 0.1240234375
0 0.904296875 0.02880859375 0.052734375 0.0576171875
0 0.63525390625 0.201171875 0.0810546875 0.125
0 0.41259765625 0.58447265625 0.0908203125 0.0771484375
0 0.84326171875 0.7548828125 0.1025390625 0.12890625
0 0.41943359375 0.287109375 0.0791015625 0.14453125
0 0.96923828125 0.97607421875 0.0556640625 0.0478515625
0 0.2158203125 0.0400390625 0.1171875 0.080078125
0 0.92333984375 0.49072265625 0.0615234375 0.1005859375
0 0.66748046875 0.09228515625 0.0517578125 0.0947265625
0 0.35400390625 0.9697265625 0.2080078125 0.060546875
0 0.576171875 0.85986328125 0.0703125 0.0927734375
0 0.44775390625 0.84619140625 0.0576171875 0.0615234375
0 0.52294921875 0.2216796875 0.0556640625 0.076171875
0 0.60888671875 0.3876953125 0.0693359375 0.111328125
0 0.7529296875 0.14306640625 0.037109375 0.0380859375
0 0.81982421875 0.20654296875 0.0498046875 0.0595703125
0 0.03369140625 0.08642578125 0.0673828125 0.1142578125
0 0.43359375 0.15771484375 0.171875 0.0771484375
