0 0.634765625 0.55615234375 0.052734375 0.0693359375
0 0.98291015625 0.2734375 0.0322265625 0.03515625
0 0.60302734375 0.87939453125 0.0771484375 0.0908203125
0 0.482421875 0.59130859375 0.126953125 0.0791015625
0 0.19921875 0.015625 0.0390625 0.03125
0 0.70654296875 0.51953125 0.0791015625 0.060546875
0 0.271484375 0.5595703125 0.06640625 0.0703125
0 0.7919921875 0.92529296875 0.056640625 0.0810546875
0 0.9423828125 0.31591796875 0.115234375 0.0791015625
0 0.10595703125 0.34228515625 0.1005859375 0.0654296875
0 0.080078125 0.69189453125 0.16015625 0.0751953125
0 0.60791015625 0.6572265625 0.0810546875 0.072265625
0 0.77099609375 0.04638671875 0.0673828125 0.0595703125
0 0.29931640625 0.95947265625 0.0673828125 0.0810546875
0 0.77587890625 0.6171875 0.0771484375 0.0703125
0 0.39111328125 0.13037109375 0.0947265625 0.0888671875
0 0.39013671875 0.5302734375 0.0888671875 0.109375
0 0.658203125 0.93115234375 0.0859375 0.0498046875
0 0.70947265625 0.77880859375 0.0615234375 0.0712890625
0 0.3369140625 0.07177734375 0.06640625 0.1064453125
0 0.8662109375 0.95947265625 0.103515625 0.0556640625
0 0.44189453125 0.66552734375 0.0615234375 0.0693359375
0 0.46728515625 0.13037109375 0.0751953125 0.0771484375
0 0.6689453125 0.3154296875 0.0859375 0.09765625
0 0.58837890625 0.57275390625 0.0576171875 0.0908203125
0 0.78759765625 0.67822265625 0.0732421875 0.0693359375
0 0.02099609375 0.6240234375 0.0419921875 0.06640625
0 0.2666015625 0.0234375 0.060546875 0.046875
0 0.88720703125 0.87353515625 0.0693359375 0.0869140625
0 0.6474609375 0.2265625 0.078125 0.080078125
0 0.04638671875 0.05419921875 0.0556640625 0.0791015625
0 0.828125 0.9814453125 0.0703125 0.029296875
0 0.78759765625 0.4658203125 0.1142578125 0.064453125
0 0.69189453125 0.57373046875 0.0615234375 0.0869140625
0 0.830078125 0.08837890625 0.048828125 0.0458984375
0 0.966796875 0.42626953125 0.06640625 0.0732421875
