0 0.73291015625 0.94580078125 0.0595703125 0.0927734375
0 0.77392578125 0.875 0.0712890625 0.07421875
0 0.83642578125 0.85107421875 0.0615234375 0.0634765625
0 0.8271484375 0.7939453125 0.048828125 0.05078125
0 0.88232421875 0.80859375 0.0947265625 0.06640625
0 0.59130859375 0.72509765625 0.0576171875 0.0458984375
0 0.79150390625 0.6328125 0.0576171875 0.04296875
0 0.80615234375 0.6611328125 0.1005859375 0.041015625
0 0.7294921875 0.62841796875 0.029296875 0.0341796875
0 0.70947265625 0.5703125 0.0498046875 0.0625
0 0.73779296875 0.59033203125 0.0322265625 0.0341796875
0 0.78173828125 0.57080078125 0.0634765625 0.0595703125
0 0.78173828125 0.51171875 0.0556640625 0.060546875
0 0.73876953125 0.490234375 0.0654296875 0.08203125
0 0.60107421875 0.44873046875 0.0830078125 0.0439453125
0 0.70947265625 0.3984375 0.0634765625 0.07421875
0 0.7939453125 0.39306640625 0.0390625 0.0478515625
0 0.86328125 0.32861328125 0.056640625 0.1806640625
0 0.91552734375 0.32275390625 0.0693359375 0.0556640625
0 0.7294921875 0.138671875 0.025390625 0.041015625
0 0.509765625 0.88916015625 0.0859375 0.2216796875
0 0.2314453125 0.98779296875 0.064453125 0.0244140625
0 0.26025390625 0.95654296875 0.0380859375 0.0478515625
0 0.30712890625 0.96728515625 0.0458984375 0.0654296875
0 0.30029296875 0.91552734375 0.0537109375 0.0615234375
0 0.36572265625 0.92626953125 0.0576171875 0.0576171875
0 0.39697265625 0.912109375 0.0361328125 0.041015625
0 0.30078125 0.8515625 0.087890625 0.05859375
0 0.234375 0.8232421875 0.078125 0.05859375
0 0.2373046875 0.7509765625 0.07421875 0.068359375
0 0.400390625 0.7978515625 0.08203125 0.052734375
0 0.39501953125 0.720703125 0.0498046875 0.07421875
0 0.353515625 0.69384765625 0.03125 0.0244140625
0 0.1494140625 0.3671875 0.095703125 0.041015625
0 0.23095703125 0.37890625 0.0439453125 0.044921875
0 0.22509765625 0.2587890625 0.0458984375 0.048828125
0 0.263671875 0.0341796875 0.083984375 0.06640625
0 0.060546875 0.97314453125 0.078125 0.0537109375
0 0.02880859375 0.76318359375 0.0556640625 0.0634765625
0 0.9326171875 0.525390625 0.134765625 0.154296875
0 0.626953125 0.509765625 0.0390625 0.03515625
0 0.73388671875 0.68310546875 0.0205078125 0.0126953125
0 0.33837890625 0.88818359375 0.0478515625 0.0341796875
0 0.81005859375 0.11669921875 0.0751953125 0.0830078125
0 0.75634765625 0.17919921875 0.0556640625 0.0693359375
0 0.85888671875 0.17236328125 0.1123046875 0.0693359375
0 0.8369140625 0.08203125 0.068359375 0.1171875
0 0.87451171875 0.05322265625 0.0361328125 0.0400390625
0 0.71923828125 0.05712890625 0.0361328125 0.0576171875
0 0.76611328125 0.03125 0.0576171875 0.0625
0 0.677734375 0.01025390625 0.041015625 0.0205078125
0 0.55029296875 0.01220703125 0.0419921875 0.0224609375
0 0.3046875 0.08642578125 0.06640625 0.0537109375
0 0.36181640625 0.25048828125 0.0947265625 0.0673828125
0 0.21044921875 0.4404296875 0.0400390625 0.04296875
0 0.24365234375 0.4462890625 0.0283203125 0.033203125
0 0.181640625 0.4716796875 0.134765625 0.05078125
0 0.11767578125 0.43994140625 0.0478515625 0.0576171875
0 0.27001953125 0.501953125 0.0537109375 0.09765625
0 0.18408203125 0.53125 0.1162109375 0.0546875
0 0.1943359375 0.60009765625 0.13671875 0.0986328125
0 0.18505859375 0.56689453125 0.0595703125 0.0380859375
