0 0.49365234375 0.73291015625 0.0751953125 0.0439453125
0 0.951171875 0.7802734375 0.048828125 0.03515625
0 0.447265625 0.69482421875 0.080078125 0.0498046875
0 0.3779296875 0.64697265625 0.052734375 0.0400390625
0 0.6845703125 0.55615234375 0.04296875 0.0498046875
0 0.9111328125 0.3662109375 0.08203125 0.0703125
0 0.0556640625 0.1748046875 0.068359375 0.056640625
0 0.39501953125 0.0341796875 0.0517578125 0.064453125
0 0.53369140625 0.06640625 0.0791015625 0.06640625
0 0.58447265625 0.4072265625 0.0947265625 0.05859375
0 0.65185546875 0.62255859375 0.0576171875 0.0439453125
0 0.5244140625 0.5068359375 0.05078125 0.044921875
0 0.36962890625 0.60693359375 0.0615234375 0.0615234375
0 0.62255859375 0.73876953125 0.0693359375 0.0654296875
0 0.291015625 0.03564453125 0.05859375 0.0693359375
0 0.77587890625 0.05322265625 0.1337890625 0.0927734375
0 0.498046875 0.146484375 0.060546875 0.064453125
