0 0.658203125 0.38037109375 0.05859375 0.0458984375
0 0.67578125 0.5361328125 0.078125 0.068359375
0 0.10693359375 0.14306640625 0.0673828125 0.0537109375
0 0.201171875 0.80029296875 0.06640625 0.0673828125
0 0.73388671875 0.6884765625 0.0517578125 0.060546875
0 0.802734375 0.24658203125 0.0625 0.0849609375
0 0.763671875 0.19189453125 0.0546875 0.0478515625
0 0.96533203125 0.62744140625 0.0615234375 0.0673828125
0 0.77099609375 0.87890625 0.0751953125 0.052734375
0 0.45849609375 0.10595703125 0.0732421875 0.0751953125
0 0.7685546875 0.974609375 0.048828125 0.048828125
0 0.51953125 0.97314453125 0.10546875 0.0517578125
0 0.9072265625 0.43603515625 0.064453125 0.0595703125
0 0.53857421875 0.29150390625 0.0693359375 0.0537109375
0 0.2294921875 0.2119140625 0.048828125 0.041015625
0 0.66748046875 0.9677734375 0.1103515625 0.0625
0 0.822265625 0.97412109375 0.048828125 0.0478515625
0 0.2060546875 0.0263671875 0.0703125 0.048828125
0 0.79052734375 0.84423828125 0.0888671875 0.0595703125
0 0.755859375 0.0595703125 0.0625 0.048828125
0 0.048828125 0.39453125 0.060546875 0.05859375
0 0.8740234375 0.73291015625 0.115234375 0.0791015625
