0 0.541015625 0.76025390625 0.078125 0.0927734375
0 0.259765625 0.55908203125 0.05078125 0.0927734375
0 0.42919921875 0.5703125 0.0673828125 0.080078125
0 0.33349609375 0.6572265625 0.0556640625 0.080078125
0 0.49951171875 0.58447265625 0.1181640625 0.0849609375
0 0.04833984375 0.7314453125 0.0849609375 0.076171875
0 0.56787109375 0.388671875 0.0673828125 0.12890625
0 0.79931640625 0.8525390625 0.0712890625 0.0546875
0 0.02490234375 0.53515625 0.0458984375 0.05078125
0 0.21533203125 0.40625 0.0732421875 0.08984375
0 0.31982421875 0.43505859375 0.1416015625 0.0927734375
0 0.76318359375 0.39599609375 0.1435546875 0.0810546875
0 0.24853515625 0.0390625 0.0322265625 0.06640625
0 0.0126953125 0.47900390625 0.025390625 0.0595703125
0 0.080078125 0.22314453125 0.05859375 0.1025390625
0 0.16357421875 0.54296875 0.1416015625 0.068359375
0 0.20068359375 0.65478515625 0.0595703125 0.0771484375
0 0.3125 0.09765625 0.09765625 0.115234375
0 0.11767578125 0.14208984375 0.0830078125 0.0654296875
0 0.69873046875 0.60546875 0.0380859375 0.04296875
0 0.5361328125 0.9248046875 0.171875 0.05859375
0 0.68505859375 0.83740234375 0.1376953125 0.0810546875
0 0.02978515625 0.931640625 0.0595703125 0.060546875
0 0.32177734375 0.76513671875 0.0732421875 0.0712890625
0 0.38720703125 0.2451171875 0.0615234375 0.12109375
0 0.2216796875 0.89111328125 0.0859375 0.1064453125
0 0.94091796875 0.0693359375 0.0771484375 0.05078125
0 0.283203125 0.96435546875 0.08203125 0.0712890625
0 0.42236328125 0.92919921875 0.0810546875 0.0830078125
0 0.13330078125 0.37646484375 0.0830078125 0.2119140625
